Var1,Var2,y,pred
1,1,0.0,0.048077475
1,2,0.0,0.003554279
1,3,0.0,0.003711585
1,4,0.0,0.0042552436
1,5,0.0,0.004410282
1,6,0.0,0.0039227754
1,7,0.0,0.004600661
1,8,-0.164278957352656,0.002844768
1,9,0.0,0.004484742
1,10,0.0,0.004065059
1,11,0.0,0.0034493739
1,12,0.0,0.0035329135
1,13,0.0,0.0009921938
1,14,0.0,0.0034457631
1,15,0.0,0.0041525774
1,16,0.0,0.0029144632
1,17,0.0,0.0030019786
1,18,0.0,0.0044598384
1,19,0.160863815446012,0.0035965303
1,20,0.0,0.003366612
1,21,0.0,0.0035515316
1,22,0.158424986800182,0.0033778697
1,23,0.0,0.0029373113
1,24,0.0,0.0038504181
1,25,0.0,0.00397194
1,26,0.0,0.0042570503
1,27,0.0,0.0031446293
1,28,0.0,0.0039303293
1,29,0.0,0.0030059628
1,30,0.0,0.0027704607
1,31,0.0,0.0036379006
1,32,0.0,0.0030781487
1,33,0.0,0.004486331
1,34,-0.152518739182679,0.003047157
1,35,0.0,0.004188372
1,36,0.0,0.0035727955
1,37,0.0,0.0036106082
1,38,0.0,0.0025073905
1,39,0.0,0.0047062347
1,40,0.0,0.004588182
1,41,0.0,0.0037382375
1,42,0.0,0.004316314
1,43,0.0,0.0038461378
1,44,0.0,0.0036378773
1,45,0.0,0.003195162
1,46,0.0,0.0028538578
1,47,0.0,0.0037192637
1,48,0.0,0.0035664532
1,49,0.0,0.0035105133
1,50,0.0,0.0039779767
1,51,0.0,0.004001621
1,52,0.0,0.004172274
1,53,0.0,0.003038737
1,54,0.0,0.0045515317
1,55,0.0,0.001330805
1,56,0.0,0.0038375882
1,57,0.0,0.002720682
1,58,0.0,0.0036377236
1,59,0.0,0.004160501
1,60,0.0,0.0042956565
1,61,0.0,0.0035664598
1,62,0.0,0.00363639
1,63,0.0,0.0038352385
1,64,0.0,0.0034510167
1,65,-0.148932601763223,0.0038577253
1,66,0.0,0.0042670025
1,67,0.0,0.003498096
1,68,0.0,0.0040050847
1,69,0.0,0.002301162
1,70,0.0,0.0034394786
1,71,0.0,0.0042410735
1,72,0.158963420458522,0.0033690808
1,73,0.0,0.0033763386
1,74,0.0,0.0034432001
1,75,0.0,0.0036186874
1,76,0.0,0.002793769
1,77,0.0,0.004074363
1,78,0.0,0.004663934
1,79,0.0,0.0033782357
1,80,0.0,0.0034452854
1,81,0.0,0.003451989
1,82,0.0,0.004269436
1,83,0.0,0.004612662
1,84,0.149574100245643,0.003370759
1,85,0.0,0.003451528
1,86,0.0,0.0045348257
1,87,0.0,0.0030599376
1,88,0.0,0.0035250988
1,89,0.167731224795647,0.0036377553
1,90,0.0,0.0033696648
1,91,0.0,0.0030780807
1,92,0.0,0.0047098976
1,93,0.0,0.003486134
1,94,0.153927306878339,0.00304294
1,95,0.0,0.0027213683
1,96,0.0,0.0041651456
1,97,0.0,0.0036377516
1,98,0.0,0.0033893678
1,99,0.0,0.0040273983
1,100,0.0,0.004609978
2,1,0.0,0.003376957
2,2,0.0,0.048077475
2,3,0.0,0.0041660685
2,4,0.0,0.004302712
2,5,0.0,0.0035638204
2,6,0.0,0.0033701332
2,7,0.0,0.0044618407
2,8,0.0,0.004289381
2,9,0.0,0.0035089971
2,10,0.0,0.004039957
2,11,0.0,0.0034650406
2,12,0.0,0.0026873145
2,13,0.0,0.0027368828
2,14,0.0,0.0029993597
2,15,0.0,0.003536758
2,16,0.0,0.0031558871
2,17,0.0,0.003567231
2,18,-0.189778995107593,0.003632241
2,19,0.0,0.0029383749
2,20,0.0,0.0036039744
2,21,0.0,0.002692977
2,22,0.188720811405891,0.0034525003
2,23,0.0,0.004664478
2,24,0.0,0.002879411
2,25,0.0,0.0036656074
2,26,0.0,0.0038137948
2,27,0.0,0.0034140125
2,28,0.0,0.0030609071
2,29,0.0,0.0035531586
2,30,0.0,0.004113335
2,31,-0.213118381197483,0.0027207313
2,32,0.0,0.004506694
2,33,0.0,0.002478741
2,34,0.0,0.004266372
2,35,0.0,0.0033756457
2,36,0.0,0.0029374901
2,37,0.194973085662483,0.004296518
2,38,0.0,0.00014917087
2,39,0.0,0.003997987
2,40,0.0,0.003992403
2,41,0.0,0.00423012
2,42,0.0,0.004285712
2,43,0.193156233693959,0.0042420784
2,44,0.0,0.0036085974
2,45,0.0,0.0034405058
2,46,0.0,0.003612901
2,47,0.19926119286046,0.003479044
2,48,-0.189908910076527,0.0031262534
2,49,0.0,0.004346179
2,50,0.0,0.003375655
2,51,0.0,0.0028012726
2,52,0.0,0.0027245563
2,53,0.0,0.0038902946
2,54,0.0,0.0031530876
2,55,0.0,0.004194472
2,56,0.0,0.0043471344
2,57,0.0,0.0035633966
2,58,0.0,-0.0001900862
2,59,0.0,0.003367111
2,60,0.0,0.0035222955
2,61,0.0,0.0046292115
2,62,0.0,0.0027006483
2,63,0.0,0.0046707075
2,64,0.0,0.0034529353
2,65,0.0,0.0041954443
2,66,0.190592422568525,0.0024851528
2,67,0.0,0.0035946546
2,68,0.0,0.0028212368
2,69,0.0,0.0037553348
2,70,0.0,0.0046166517
2,71,-0.187008633847622,0.004502327
2,72,0.0,0.003963366
2,73,0.0,0.004574895
2,74,-0.202993177447121,0.0036576837
2,75,0.0,0.0029012952
2,76,0.0,0.003992351
2,77,0.0,0.0038156966
2,78,0.0,0.0005308129
2,79,0.0,0.004046155
2,80,0.0,0.0042611863
2,81,0.0,0.003930103
2,82,0.0,0.0029419446
2,83,0.0,0.0023544552
2,84,0.0,0.0041853487
2,85,0.0,0.004229945
2,86,0.0,0.0033673886
2,87,0.0,0.0042276066
2,88,0.0,0.0041502994
2,89,0.0,0.0036284924
2,90,0.0,0.0043205414
2,91,0.0,0.00432349
2,92,0.0,0.004403455
2,93,0.0,0.004305386
2,94,0.0,0.0036377097
2,95,0.0,0.0012038145
2,96,0.0,0.00404663
2,97,0.0,0.004718704
2,98,0.0,0.003554821
2,99,0.0,0.0034022154
2,100,0.0,0.0033688908
3,1,0.0,0.0042883772
3,2,0.0,0.0038411403
3,3,0.0,0.048077475
3,4,0.0,0.0025828024
3,5,0.0,0.00255682
3,6,0.0,0.004248699
3,7,0.0,0.0039207274
3,8,0.0,0.0035528084
3,9,0.0,0.003614571
3,10,0.0,0.0034849122
3,11,0.0,0.004293723
3,12,0.0,0.0034519574
3,13,0.0,0.0036377748
3,14,0.0,0.003373853
3,15,0.0,0.002667809
3,16,0.0,0.0025057672
3,17,0.0,0.0033782898
3,18,0.0,0.0038973102
3,19,0.0,0.003551797
3,20,0.0,0.0032201186
3,21,0.0,0.0035361554
3,22,0.0,0.002487394
3,23,0.0,0.0043522865
3,24,0.0,0.0035217972
3,25,0.0,0.0024240604
3,26,0.0,0.0040815575
3,27,0.0,0.004329568
3,28,0.161563335502536,0.0033705803
3,29,0.0,0.0042808624
3,30,0.0,0.0033714203
3,31,0.0,0.0039696563
3,32,0.0,0.002494669
3,33,0.0,0.0001681326
3,34,0.0,0.0038513085
3,35,0.0,0.003155833
3,36,0.0,0.0042649135
3,37,0.0,0.0034711296
3,38,0.169328791946407,0.0035205502
3,39,0.0,0.0043337774
3,40,0.0,0.0046638176
3,41,0.0,0.004338568
3,42,0.0,0.004178363
3,43,0.0,0.00424082
3,44,0.0,0.0022436162
3,45,0.0,0.0032048197
3,46,0.0,0.0044624098
3,47,0.0,0.0029192977
3,48,-0.164627465636007,0.0027228692
3,49,0.0,0.0033787563
3,50,0.0,0.0032131476
3,51,0.0,0.003619342
3,52,0.0,0.004260538
3,53,0.0,0.0042401953
3,54,0.0,0.0036612395
3,55,0.0,0.0046015875
3,56,0.0,0.0022231885
3,57,0.0,0.003374653
3,58,0.0,0.003749243
3,59,0.0,0.003213631
3,60,0.0,0.0027960893
3,61,0.0,0.0043533333
3,62,0.0,0.004483193
3,63,0.0,0.0034514675
3,64,0.0,0.0034836028
3,65,-0.15379522193709,0.0030948082
3,66,0.0,0.0009611491
3,67,0.0,0.0035833223
3,68,0.0,0.0031536166
3,69,0.0,0.0045322888
3,70,0.0,0.004187884
3,71,0.0,0.0028661909
3,72,0.0,0.0029016165
3,73,0.0,0.0032477975
3,74,0.0,0.004605759
3,75,0.0,0.0041045668
3,76,-0.161348787603785,0.0028780047
3,77,0.0,0.0036378056
3,78,0.0,0.004142558
3,79,-0.169598197964909,0.0036513684
3,80,0.0,0.0034465995
3,81,0.0,0.0039544497
3,82,-0.166644874428032,0.0045505334
3,83,0.0,0.003629635
3,84,0.0,0.0042753844
3,85,0.0,0.004651455
3,86,0.0,0.0027787052
3,87,0.0,0.004105308
3,88,0.0,0.004686647
3,89,0.0,0.0033681644
3,90,0.0,0.0041984096
3,91,-0.164998005867255,0.004175176
3,92,-0.154440995337853,0.0044855187
3,93,0.0,0.0033750096
3,94,0.0,0.0039308146
3,95,0.0,0.0034670606
3,96,-0.157227780857485,0.00454426
3,97,-0.159227880425374,0.0034262715
3,98,0.0,0.0038898792
3,99,-0.172713542266355,0.003368822
3,100,0.0,0.0036016759
4,1,0.0,0.0040168837
4,2,0.0,0.0043104477
4,3,0.0,0.0027263723
4,4,0.0372580271214247,0.048077475
4,5,0.0,0.0034964234
4,6,0.0,0.003000766
4,7,0.0,0.0036510592
4,8,0.185998182673323,0.0036884379
4,9,0.0,0.0045499075
4,10,0.0,0.004429076
4,11,0.0,0.0043505942
4,12,0.0,0.0042849127
4,13,0.0,0.0025289268
4,14,0.0,0.0040793726
4,15,0.0,0.0035066083
4,16,0.0,0.0033711512
4,17,0.0,0.0027224934
4,18,0.0,0.0042348104
4,19,0.0,0.0033688536
4,20,0.0,0.0041805226
4,21,0.0,0.0027848622
4,22,0.0,0.0025088815
4,23,0.0,0.0034158537
4,24,0.0,0.003620578
4,25,0.0,0.0025696382
4,26,0.0,0.0036194082
4,27,0.0,0.0027948902
4,28,0.0,0.004232648
4,29,-0.181296700555384,0.0030274093
4,30,0.0,0.0035394859
4,31,0.0,0.0035631498
4,32,0.0,0.002737902
4,33,0.0,0.004719804
4,34,0.0,0.003997136
4,35,0.18514167394601,0.003376251
4,36,0.188157793026226,0.002530911
4,37,0.0,0.002859999
4,38,0.0,0.0035741571
4,39,0.174539224734201,0.0043156166
4,40,0.0,0.002621557
4,41,0.0,0.0042902865
4,42,0.0,0.004292217
4,43,0.0,0.0034517534
4,44,0.0,0.0045764865
4,45,0.0,0.0032525966
4,46,0.0,0.00460138
4,47,0.0,0.0044659097
4,48,0.0,0.0040800218
4,49,0.187925088422133,0.0034309821
4,50,0.0,0.0028539635
4,51,0.0,0.003462527
4,52,0.193850168022238,0.003631493
4,53,0.0,0.0040623974
4,54,0.0,0.0034544542
4,55,0.0,0.0029680766
4,56,0.0,0.0036425823
4,57,0.0,0.004537384
4,58,0.0,0.0041564535
4,59,0.0,0.004599232
4,60,0.0,0.0041650506
4,61,0.0,0.0043029506
4,62,-0.186281093445524,0.0025278726
4,63,0.0,0.0031152759
4,64,0.0,0.003964277
4,65,0.0,0.0044830246
4,66,0.0,0.003367871
4,67,0.0,0.0041260347
4,68,0.0,0.0034306273
4,69,0.0,0.001971655
4,70,0.0,0.0025748597
4,71,0.0,0.002725353
4,72,0.0,0.004498341
4,73,0.0,0.0045762816
4,74,0.0,0.0027863109
4,75,0.0,0.0025665099
4,76,0.0,0.00430022
4,77,0.0,0.0041304836
4,78,0.0,0.002721415
4,79,0.0,0.002288715
4,80,-0.208976771234786,0.0035940157
4,81,-0.174224575155674,0.003598745
4,82,0.0,0.002952408
4,83,0.0,0.0033711959
4,84,0.0,0.002421237
4,85,0.0,0.0033835955
4,86,0.0,0.0045898966
4,87,0.0,0.0036378754
4,88,0.0,0.0045465576
4,89,0.0,0.0034515522
4,90,0.0,0.0033775168
4,91,0.180905758709826,0.0027962434
4,92,0.0,0.0026622317
4,93,0.0,0.0037025
4,94,0.0,0.0043099346
4,95,0.0,0.0019068359
4,96,0.0,0.0046179984
4,97,0.0,0.0037448592
4,98,0.0,0.0033509182
4,99,0.0,0.0043390216
4,100,0.0,0.002725402
5,1,0.0,0.004612281
5,2,0.0,0.00351696
5,3,0.0,0.0030203192
5,4,0.0,0.0038470645
5,5,-0.817508202977479,0.048077475
5,6,-0.163753164016183,0.0033497997
5,7,0.0,0.004683992
5,8,0.0,0.004065912
5,9,0.0,0.0044995835
5,10,0.0,0.0032216227
5,11,0.0,0.0032159956
5,12,0.0,0.0033658277
5,13,-0.166429906312835,0.0045463117
5,14,0.0,0.004054928
5,15,0.0,0.003663728
5,16,0.0,0.004636447
5,17,0.0,0.003663225
5,18,0.0,0.0026939488
5,19,0.169466225552094,0.0043697245
5,20,-0.177559012937444,0.0024353024
5,21,0.0,0.0036378177
5,22,0.0,0.0039279656
5,23,0.0,0.004309804
5,24,0.0,0.003410656
5,25,0.0,0.0027392064
5,26,0.0,0.0046819933
5,27,0.0,0.0034114765
5,28,0.0,0.0044681896
5,29,0.0,0.0034136241
5,30,0.0,0.003096396
5,31,0.0,0.0025091483
5,32,0.0,0.0045353407
5,33,0.174398993088007,0.0036377534
5,34,0.0,0.004286751
5,35,0.0,0.002507056
5,36,0.175073429323474,0.0034710923
5,37,0.17242623322221,0.0040567126
5,38,0.0,0.003527591
5,39,0.0,0.003767009
5,40,0.0,0.002599997
5,41,0.0,0.004487454
5,42,0.0,0.0039718803
5,43,0.0,0.004617177
5,44,0.0,0.0025919252
5,45,0.0,0.0039614793
5,46,0.0,0.0042484077
5,47,0.0,0.0044282787
5,48,0.0,0.003637677
5,49,0.0,0.0043384153
5,50,0.0,0.00464046
5,51,0.0,0.004000351
5,52,0.0,0.002783332
5,53,0.0,0.003890179
5,54,0.0,0.0033809524
5,55,0.0,0.004503062
5,56,0.0,0.004383602
5,57,0.0,0.0027225357
5,58,0.0,0.0041386653
5,59,0.0,0.0032057054
5,60,0.0,0.0035464847
5,61,0.0,0.0034068096
5,62,0.0,0.004646601
5,63,0.0,0.004135154
5,64,0.0,0.0034147548
5,65,0.0,0.0045728423
5,66,0.0,0.004621269
5,67,0.0,0.004720195
5,68,0.0,0.003683689
5,69,0.0,0.0043280907
5,70,0.0,0.0027118288
5,71,-0.165382797347714,0.0035730833
5,72,0.0,0.00087481923
5,73,0.0,0.002496615
5,74,0.0,0.003201576
5,75,0.0,0.0014678789
5,76,0.0,0.004485894
5,77,-0.166620960063221,0.0040331436
5,78,0.0,0.003462444
5,79,0.0,0.0041495645
5,80,0.0,0.0040607555
5,81,0.0,0.0044265743
5,82,0.0,0.004374467
5,83,0.0,0.0041810004
5,84,0.157572777561569,0.004604048
5,85,0.0,0.0032636626
5,86,0.0,0.0028985618
5,87,0.0,0.0042569665
5,88,0.0,0.0034668315
5,89,0.0,-0.000147379
5,90,0.0,0.0034396574
5,91,0.0,0.00015240163
5,92,0.0,0.0034272466
5,93,0.0,0.0032045646
5,94,0.0,0.004548954
5,95,0.0,0.002720886
5,96,0.0,0.0033721179
5,97,0.0,0.0046713157
5,98,0.0,0.0032296004
5,99,0.0,0.0025407802
5,100,0.0,0.003127247
6,1,0.0,0.003957102
6,2,0.0,0.0034801252
6,3,0.0,0.0044809515
6,4,0.0,0.003975736
6,5,0.0,0.0033418555
6,6,0.0,0.048077475
6,7,0.0,0.0033731256
6,8,0.0,0.0025132638
6,9,0.0,0.0026687137
6,10,0.0,0.0033737216
6,11,0.0,0.0041319504
6,12,0.0,0.004068476
6,13,0.0,0.0033253385
6,14,0.0,0.00437943
6,15,0.0,0.0046045845
6,16,0.149546250050256,0.00054213684
6,17,0.148485176459879,0.0035431394
6,18,0.0,0.0033714287
6,19,0.0,0.0043464983
6,20,0.0,0.0027879095
6,21,0.0,0.004569797
6,22,0.0,0.0033933837
6,23,0.0,0.0039601736
6,24,0.0,0.0025298828
6,25,0.152010452556672,0.002542904
6,26,0.0,0.0033759791
6,27,0.0,0.0040485645
6,28,0.0,0.0036195498
6,29,0.0,0.004598098
6,30,0.0,0.0033688461
6,31,0.0,0.004599857
6,32,0.0,0.0027368967
6,33,0.0,0.003630761
6,34,0.0,0.003942713
6,35,0.0,0.004639631
6,36,0.0,0.0045534475
6,37,0.0,0.0023521148
6,38,0.0,0.0043346686
6,39,0.0,0.00013166992
6,40,0.0,0.0045691505
6,41,0.0,0.0037100483
6,42,0.0,0.0044412427
6,43,0.160406265667523,0.0035633016
6,44,0.0,0.0031763157
6,45,0.0,0.0037785778
6,46,0.0,0.0032052724
6,47,0.0,0.0042967293
6,48,0.0,0.0032089753
6,49,0.0,0.0034362823
6,50,0.0,0.0035120407
6,51,0.156553735710379,0.004030928
6,52,0.0,0.0028450214
6,53,0.0,0.004228454
6,54,0.0,0.0045683775
6,55,0.0,0.0035584187
6,56,0.0,0.0033680284
6,57,0.0,0.004556737
6,58,0.0,0.003367452
6,59,0.0,0.00452441
6,60,0.0,0.00293352
6,61,0.0,0.004591313
6,62,0.0,0.0036377981
6,63,0.0,0.0034408662
6,64,0.0,0.003486679
6,65,0.0,0.0043173116
6,66,0.0,0.0045087757
6,67,0.0,0.0025020065
6,68,0.0,0.0035377797
6,69,0.0,0.0040433463
6,70,0.0,0.0033542197
6,71,0.0,0.0044832416
6,72,0.0,0.0035299975
6,73,0.0,0.0033488115
6,74,0.16857533887241,0.0042347424
6,75,0.0,0.003591679
6,76,0.0,0.0042545684
6,77,0.0,0.003988065
6,78,-0.159791084666021,0.0007240167
6,79,0.0,0.004599288
6,80,-0.182591252232934,0.004194824
6,81,0.0,0.0028713848
6,82,0.0,0.0040778667
6,83,0.0,0.004621408
6,84,0.0,0.0042324346
6,85,0.0,0.0033779107
6,86,0.0,0.0035486473
6,87,0.0,0.0043667685
6,88,0.0,0.0024972614
6,89,0.0,0.0032786299
6,90,0.0,0.004483588
6,91,0.0,0.003958893
6,92,0.0,0.003502667
6,93,0.0,0.003347627
6,94,0.0,0.004244745
6,95,0.0,0.0034186011
6,96,0.0,0.0036376547
6,97,0.0,0.0035907626
6,98,0.160507114009913,0.004577714
6,99,0.0,0.003473659
6,100,0.0,0.0037240647
7,1,0.0,0.00403337
7,2,0.0,0.004330933
7,3,0.176822826806441,0.003677968
7,4,0.0,0.0035512531
7,5,0.0,0.0044313027
7,6,0.0,0.0036377711
7,7,-0.123035422293469,0.048077475
7,8,0.0,0.0031752056
7,9,0.0,0.0044797566
7,10,0.0,0.0027144202
7,11,0.157775626478979,0.0034818985
7,12,0.0,0.003641149
7,13,0.0,0.0025704214
7,14,0.0,0.0045771683
7,15,-0.160286356609188,0.0040776916
7,16,0.0,0.0035291426
7,17,0.0,0.004529507
7,18,0.0,0.0033721905
7,19,0.0,0.0026632538
7,20,0.0,0.0031597167
7,21,0.0,0.0027215858
7,22,0.0,0.0028550993
7,23,0.0,0.0045361286
7,24,0.0,0.0031299647
7,25,0.0,0.0033660624
7,26,0.0,0.0034944862
7,27,0.0,0.003616144
7,28,0.0,0.0028400128
7,29,0.0,0.004590433
7,30,0.16535194729539,0.003200028
7,31,0.0,0.003933884
7,32,-0.164689902000455,0.003982152
7,33,0.0,0.003969688
7,34,0.0,0.0032188464
7,35,0.0,0.0030176528
7,36,0.0,0.004192694
7,37,0.0,0.004024283
7,38,0.0,0.0026284326
7,39,0.0,0.0034803394
7,40,0.0,0.0035052206
7,41,0.169137935836498,0.0042277435
7,42,0.0,0.0028267996
7,43,-0.162879138701443,0.002773204
7,44,0.0,0.003751183
7,45,0.0,0.0032214075
7,46,0.0,0.003615452
7,47,0.0,0.003704423
7,48,0.0,0.003990896
7,49,-0.166728887066334,0.0031699585
7,50,0.0,0.003404241
7,51,0.0,0.0046402207
7,52,0.0,0.0037522428
7,53,0.0,0.0042765634
7,54,0.0,0.004005882
7,55,0.0,0.002739213
7,56,0.147580762139009,0.0045776255
7,57,0.0,0.00264007
7,58,0.0,0.0044093
7,59,0.0,0.0033735754
7,60,0.0,0.0038905125
7,61,0.0,0.0045741824
7,62,0.0,0.004246262
7,63,0.0,0.0036036652
7,64,0.0,0.0034620194
7,65,0.0,0.0031552827
7,66,0.0,0.004589319
7,67,0.0,0.0029790467
7,68,0.156529986501309,0.0034512552
7,69,0.0,0.00321408
7,70,0.0,0.002719435
7,71,0.0,0.0027688583
7,72,0.0,0.0034020366
7,73,0.158010828536159,0.0033735568
7,74,0.0,0.004443734
7,75,0.0,0.0033670133
7,76,0.0,0.004527081
7,77,0.0,0.0042582992
7,78,0.0,0.0030948315
7,79,0.0,0.0033665774
7,80,0.0,0.004592291
7,81,0.0,0.0028405422
7,82,0.162103258456517,0.0036378046
7,83,0.0,0.0034510978
7,84,0.0,0.00459324
7,85,0.0,0.0031132437
7,86,0.0,0.0047065634
7,87,0.0,0.004004632
7,88,0.0,0.0035725422
7,89,0.0,0.0042445324
7,90,0.0,0.0024797437
7,91,0.0,0.0031959647
7,92,0.0,0.00363788
7,93,0.0,0.004244375
7,94,0.0,0.0037552323
7,95,0.0,0.0042639486
7,96,0.0,0.0034521325
7,97,0.0,0.0044721114
7,98,0.0,0.003349863
7,99,0.0,0.0047025457
7,100,0.0,0.0035873037
8,1,0.0,0.0025188844
8,2,0.0,0.004270347
8,3,0.0,0.0034467662
8,4,0.0,0.0036697472
8,5,-0.159514017612412,0.0036329739
8,6,0.0,0.0027060867
8,7,0.0,0.00325323
8,8,-0.191187811084092,0.048077475
8,9,0.160768315528489,0.004339315
8,10,0.0,0.0024488196
8,11,0.0,0.0028951094
8,12,0.0,0.002545361
8,13,0.0,0.003260455
8,14,0.0,0.0032027801
8,15,0.16682819486149,0.0025116494
8,16,0.0,0.0039821304
8,17,0.0,0.0032628076
8,18,0.0,0.003382775
8,19,0.0,0.0035064109
8,20,0.0,0.002727692
8,21,0.0,0.0045899255
8,22,0.0,0.004546473
8,23,0.0,0.0029712627
8,24,0.0,0.0038557313
8,25,0.0,0.0033749016
8,26,0.0,0.003923732
8,27,0.0,0.0034559714
8,28,0.0,0.004313823
8,29,0.0,0.0045682807
8,30,-0.172100529749898,0.004274141
8,31,0.0,0.0042687114
8,32,0.0,0.0030757338
8,33,0.0,0.004600171
8,34,0.0,0.0024784585
8,35,0.0,0.0023009805
8,36,0.173748551114611,0.0020149732
8,37,0.0,0.0038458034
8,38,-0.171436577346886,0.004370678
8,39,0.0,0.004055664
8,40,0.0,0.003911115
8,41,0.0,0.0035082698
8,42,0.0,0.002871152
8,43,0.0,0.004247971
8,44,0.0,0.0038514072
8,45,0.0,0.003219624
8,46,0.0,0.004290181
8,47,0.0,0.0028023296
8,48,0.0,0.0036712708
8,49,0.0,0.0023277253
8,50,0.0,0.0037627555
8,51,0.0,0.0036130194
8,52,0.0,0.0045961374
8,53,0.0,0.0047048973
8,54,0.0,0.0034702066
8,55,0.0,0.004495184
8,56,0.0,0.0034639267
8,57,0.168403743954433,0.0034010522
8,58,0.0,0.0045802575
8,59,0.0,0.0033706082
8,60,0.186536416949663,0.0011065667
8,61,0.0,0.004682363
8,62,0.0,0.0038704993
8,63,0.0,0.0036288332
8,64,0.0,0.0033793505
8,65,0.0,0.0033675805
8,66,0.0,0.0027243411
8,67,0.0,0.0025029974
8,68,0.0,0.0045814626
8,69,0.0,0.0033777114
8,70,0.0,0.004282303
8,71,0.0,0.0034851003
8,72,0.0,0.0033714054
8,73,0.0,0.0034526559
8,74,0.0,0.0040903464
8,75,0.174070377710912,0.004552668
8,76,0.0,0.0027376316
8,77,0.0,0.004578624
8,78,0.0,0.0047265654
8,79,0.0,0.0039789136
8,80,0.192973198902224,0.0045618806
8,81,0.0,0.004095033
8,82,0.0,0.0027272734
8,83,0.160189743278816,0.0040140525
8,84,0.0,0.003271686
8,85,0.0,0.003370544
8,86,0.0,0.0035340758
8,87,-0.156543831390813,0.0037340568
8,88,0.0,0.002662723
8,89,0.0,0.0037192497
8,90,0.0,0.0044409214
8,91,0.0,0.0027931877
8,92,0.0,0.0027264496
8,93,0.0,0.0045034587
8,94,0.0,0.0025107106
8,95,0.0,0.0046192743
8,96,0.0,0.0036125602
8,97,0.0,0.0040150117
8,98,0.0,0.0037845066
8,99,0.0,0.0036378829
8,100,0.0,0.0037193159
9,1,0.0,0.004250625
9,2,0.0,0.0035607489
9,3,0.0,0.0035702167
9,4,0.0,0.0045723394
9,5,-0.183929268479033,0.004266332
9,6,0.169592092298744,0.0038029505
9,7,0.0,0.004566174
9,8,0.0,0.0043012556
9,9,0.0,0.048077475
9,10,0.0,0.0033720694
9,11,0.0,0.003767917
9,12,0.0,0.004259086
9,13,0.0,0.0046224725
9,14,0.0,0.0031309193
9,15,0.0,0.0046876855
9,16,0.0,0.0028002313
9,17,-0.146890228954609,0.0036352947
9,18,0.0,0.0036377758
9,19,0.0,0.0032000123
9,20,0.0,0.0033768425
9,21,0.0,0.004251144
9,22,0.0,0.004718502
9,23,0.0,0.0041744243
9,24,0.0,0.003878856
9,25,0.0,0.00022228714
9,26,0.0,0.0040120166
9,27,0.0,0.0031446684
9,28,0.0,0.0036025494
9,29,0.0,0.0012260373
9,30,0.0,0.0044870526
9,31,0.0,0.0025563259
9,32,0.0,0.002864967
9,33,0.0,0.003996283
9,34,0.0,0.0045448393
9,35,0.0,0.0046075126
9,36,0.0,0.0027995482
9,37,-0.160175863160507,0.0036210027
9,38,0.160470892057389,0.004231086
9,39,0.0,0.004293737
9,40,0.0,0.0033755116
9,41,0.0,0.0033709388
9,42,0.0,0.004339219
9,43,0.0,0.0042931335
9,44,0.0,0.0026920568
9,45,0.0,0.0030467268
9,46,0.0,0.00443282
9,47,0.0,0.002975368
9,48,0.0,0.0033788634
9,49,0.0,0.002959082
9,50,0.0,0.0030961214
9,51,0.0,0.0035778712
9,52,0.0,0.0016759848
9,53,0.0,0.0043765455
9,54,0.0,0.0046197753
9,55,0.0,0.0034619393
9,56,0.0,0.0045973174
9,57,0.0,0.0040591927
9,58,0.0,0.0027391366
9,59,0.0,0.0037874663
9,60,0.0,0.004253854
9,61,0.0,0.0034745391
9,62,0.0,0.0033463286
9,63,0.0,0.0045924177
9,64,0.0,0.003713509
9,65,0.0,0.004313616
9,66,0.0,0.0032179812
9,67,0.0,0.0029401854
9,68,0.0,0.0027711974
9,69,0.0,0.00011708774
9,70,0.0,0.0035073394
9,71,0.0,0.004360279
9,72,0.0,0.0034991754
9,73,0.0,0.004409671
9,74,0.0,0.004532963
9,75,0.0,0.0026477678
9,76,0.0,0.003801019
9,77,0.0,0.0035652798
9,78,0.0,0.0034743398
9,79,-0.1607262049526,0.0036200415
9,80,0.0,0.004427623
9,81,0.0,0.004617501
9,82,0.0,0.0036378196
9,83,0.0,0.003637895
9,84,0.0,0.004506151
9,85,0.0,0.0038471222
9,86,0.141394537219629,0.003952455
9,87,0.0,0.0044400264
9,88,0.0,0.0033533946
9,89,0.0,0.0034386367
9,90,-0.148827461950441,0.003370382
9,91,0.0,0.0043031657
9,92,0.0,0.004066834
9,93,-0.147442422985245,0.0030250978
9,94,0.0,0.0044729672
9,95,0.0,-0.00017735781
9,96,0.0,0.0032073958
9,97,0.0,0.0036229258
9,98,0.0,0.0043332847
9,99,0.0,0.004200588
9,100,0.0,0.0044814665
10,1,0.0,0.004041778
10,2,0.0,0.0042732228
10,3,0.0,0.0035690935
10,4,-0.15565064214317,0.0045411456
10,5,0.0,0.0032032318
10,6,0.0,0.003114651
10,7,0.168135598941541,0.0028994782
10,8,0.0,0.0033383435
10,9,0.0,0.0034112101
10,10,0.0,0.048077475
10,11,0.0,0.004261692
10,12,0.0,0.0044439705
10,13,0.0,0.0036366219
10,14,0.0,0.0024982216
10,15,0.0,0.0024612723
10,16,0.0,0.003366487
10,17,0.0,0.00358601
10,18,0.166181034665907,0.0042648613
10,19,0.0,0.0034779534
10,20,0.0,0.0035498692
10,21,0.0,0.004552871
10,22,0.0,0.003367899
10,23,-0.151130130695482,0.004331453
10,24,0.0,0.004228913
10,25,-0.160285474848065,0.003451272
10,26,0.0,0.0027433774
10,27,0.0,0.003965297
10,28,0.0,0.0034449864
10,29,0.0,0.0033623073
10,30,0.171706167263985,0.0045503993
10,31,0.0,0.004419429
10,32,0.0,0.0032105558
10,33,-0.172682613595756,0.0017142408
10,34,0.0,0.002714702
10,35,0.0,0.0034030918
10,36,0.0,0.0025020828
10,37,0.0,0.0039653936
10,38,0.0,0.004207475
10,39,0.0,0.004077919
10,40,-0.185721161271249,0.00426183
10,41,0.0,0.0028662356
10,42,0.0,0.0036378065
10,43,0.0,0.0046723792
10,44,0.0,0.0035859235
10,45,0.0,0.002682536
10,46,0.0,0.0034880955
10,47,0.0,0.0039829817
10,48,0.0,0.0045472905
10,49,0.0,0.004437346
10,50,0.0,0.004097366
10,51,0.0,0.004538344
10,52,0.0,0.0043233903
10,53,0.0,0.0035105785
10,54,0.163676067122966,0.00337343
10,55,0.0,0.0016721296
10,56,0.0,0.0030939672
10,57,0.0,0.0042057
10,58,0.0,0.0027224151
10,59,0.0,0.004246535
10,60,0.0,0.0015422003
10,61,0.0,0.004483221
10,62,0.0,0.0043035727
10,63,-0.174289349910063,0.0026314864
10,64,0.0,0.003368687
10,65,0.155352843899468,0.0035504783
10,66,0.0,0.0032008318
10,67,0.0,0.0042628786
10,68,0.0,0.0040944386
10,69,0.0,0.0042382376
10,70,0.0,0.0045118798
10,71,0.0,0.004143405
10,72,0.0,0.004714771
10,73,0.0,0.00294362
10,74,0.0,0.0036378168
10,75,0.0,0.0028015897
10,76,0.0,0.004648391
10,77,0.0,0.0042927302
10,78,0.0,0.004539743
10,79,0.0,0.0030574892
10,80,0.0,0.0014439588
10,81,0.0,0.0041115545
10,82,0.0,0.0042558964
10,83,-0.159822673953294,0.00038036238
10,84,0.0,0.003146531
10,85,0.0,0.002909896
10,86,0.0,0.0035613207
10,87,0.0,0.0033719577
10,88,0.0,0.0043378305
10,89,0.0,0.003483682
10,90,0.0,0.0034163482
10,91,0.166669088456496,0.002499661
10,92,0.0,0.00446692
10,93,0.0,0.0017006695
10,94,0.0,0.004586992
10,95,0.0,0.004533071
10,96,0.158820167418491,0.004522521
10,97,0.0,0.0033714706
10,98,0.0,0.002538466
10,99,0.0,0.0031326879
10,100,0.0,0.004585497
11,1,0.0,0.0036360724
11,2,0.0,0.00358871
11,3,0.0,0.004330824
11,4,0.0,0.0045969523
11,5,0.0,0.0031267619
11,6,0.0,0.0039315997
11,7,0.0,0.003637868
11,8,0.0,0.0026836977
11,9,0.0,0.0038553812
11,10,0.0,0.0043090386
11,11,0.0383881507441402,0.048077475
11,12,0.0,0.0032162443
11,13,0.0,0.0039721904
11,14,0.0,0.0033768266
11,15,0.0,0.0033661295
11,16,0.0,0.003013757
11,17,0.0,0.003860375
11,18,0.0,0.0033719242
11,19,0.16080118101113,0.0039849747
11,20,0.0,0.003215719
11,21,0.0,0.0033689113
11,22,0.0,0.003984228
11,23,0.0,0.0041935407
11,24,0.0,0.004267169
11,25,0.0,0.004016294
11,26,0.0,0.0027380497
11,27,0.173424793920863,0.0041677915
11,28,0.0,0.004303883
11,29,0.0,0.0042754
11,30,0.0,0.0025839796
11,31,0.0,0.004555719
11,32,0.0,0.002450076
11,33,0.0,0.0046428675
11,34,0.0,0.0029671025
11,35,0.0,0.00087852497
11,36,0.0,0.0035769958
11,37,0.0,0.003450906
11,38,0.0,0.0033664908
11,39,0.0,0.002757445
11,40,0.0,0.0030538458
11,41,0.0,0.0035696588
11,42,0.178636801347254,0.003959473
11,43,0.0,0.0044839475
11,44,0.0,0.003364332
11,45,0.153315680084937,0.004576154
11,46,0.0,0.0040544523
11,47,0.0,0.0034510456
11,48,0.0,0.004063839
11,49,0.0,-0.00026947726
11,50,0.0,0.0034731328
11,51,0.0,0.0011641635
11,52,0.0,0.003288703
11,53,0.0,0.0005926187
11,54,0.0,0.0028694365
11,55,0.0,0.0033762446
11,56,0.0,0.0033681039
11,57,0.161011489251422,0.0033693127
11,58,0.0,0.0046458133
11,59,0.0,0.0036377897
11,60,0.0,0.002983179
11,61,0.0,0.0045921244
11,62,0.0,0.0035326816
11,63,0.0,0.00298178
11,64,0.0,0.002558791
11,65,0.0,0.0034523848
11,66,0.0,0.0039681494
11,67,0.0,0.0017086724
11,68,0.0,0.003593349
11,69,0.0,0.0045666937
11,70,0.0,0.0031195618
11,71,0.0,0.0042050723
11,72,0.0,0.0028393962
11,73,0.0,0.0046054795
11,74,0.0,0.0034163427
11,75,0.0,0.003515738
11,76,0.0,0.0027391687
11,77,0.0,0.0034347223
11,78,0.0,0.004580711
11,79,0.0,0.0032197163
11,80,0.0,0.0041359514
11,81,0.0,0.0028744685
11,82,0.0,0.0044590775
11,83,0.0,0.0038596122
11,84,0.0,0.0045785457
11,85,0.0,0.0045201583
11,86,0.0,0.0042969277
11,87,0.0,0.0033970485
11,88,-0.151351415936935,0.003451218
11,89,0.0,0.0036376696
11,90,0.0,0.0045628548
11,91,0.0,0.0036625033
11,92,0.0,0.0027912082
11,93,0.0,0.0039381273
11,94,0.0,0.0027889768
11,95,0.0,0.004448415
11,96,0.0,0.004537126
11,97,0.0,0.0041970527
11,98,0.0,0.0042128526
11,99,0.0,0.004650818
11,100,-0.168927064353503,0.0041504176
12,1,0.178640557024925,0.003484387
12,2,0.0,0.002441586
12,3,0.0,0.0034528524
12,4,0.0,0.0042777453
12,5,0.0,0.003637693
12,6,0.0,0.0045314226
12,7,0.0,0.003951354
12,8,0.0,0.003302697
12,9,0.0,0.0043216506
12,10,0.0,0.004371196
12,11,0.0,0.0032211673
12,12,0.36413496802561,0.048077475
12,13,0.0,0.0033679735
12,14,0.0,0.0036228672
12,15,0.0,0.004092873
12,16,0.0,0.004493381
12,17,0.0,0.0036545414
12,18,0.0,0.0042510023
12,19,0.0,0.004007345
12,20,0.0,0.0039940663
12,21,0.0,0.0045853406
12,22,0.0,0.003004427
12,23,0.0,0.0032177428
12,24,0.0,0.003486774
12,25,0.14744608977963,0.0043385085
12,26,0.0,0.0025387425
12,27,0.0,0.002176418
12,28,0.0,0.0039673783
12,29,0.0,0.0036376622
12,30,0.0,0.0024351333
12,31,-0.171669568757119,0.0029703258
12,32,0.0,0.004226368
12,33,0.0,0.004251615
12,34,0.0,0.004618709
12,35,0.0,0.004236009
12,36,0.159464483424322,0.003372116
12,37,0.0,0.004265814
12,38,0.0,0.0025622658
12,39,0.0,0.0043186694
12,40,0.0,0.0028229458
12,41,0.0,0.0042168917
12,42,0.0,0.0030589253
12,43,0.0,0.0045245253
12,44,0.0,0.0020284308
12,45,0.147171673394752,0.0043030167
12,46,0.0,0.004609192
12,47,0.0,0.004429158
12,48,0.0,0.004555622
12,49,0.0,0.0032123737
12,50,0.0,0.0042542797
12,51,0.0,0.001974211
12,52,0.0,-4.816428e-05
12,53,0.0,0.0035844818
12,54,0.0,0.004236779
12,55,0.0,0.0042556394
12,56,0.0,0.0040454585
12,57,0.0,0.0030863993
12,58,0.0,0.0031176042
12,59,0.0,0.0036377665
12,60,-0.171201044140394,0.0029141456
12,61,0.0,0.0028962605
12,62,0.0,0.0031192778
12,63,0.0,0.004299786
12,64,0.0,0.0029735789
12,65,0.0,0.0032125507
12,66,0.0,0.0042979885
12,67,0.0,0.0033384236
12,68,0.0,0.0033714762
12,69,0.0,0.0033684354
12,70,0.0,0.0045918655
12,71,0.0,0.004241936
12,72,-0.15253367084591,0.002797463
12,73,0.0,0.0036229389
12,74,0.0,0.003065098
12,75,-0.159759852286981,0.004171123
12,76,0.0,0.0045879353
12,77,0.0,0.0033676317
12,78,0.0,0.0027476056
12,79,0.0,0.0038277376
12,80,0.0,0.0033469824
12,81,0.0,0.0036377534
12,82,0.0,0.003511237
12,83,0.0,0.0043215556
12,84,0.0,0.0034509478
12,85,0.0,0.004570892
12,86,0.0,0.0028228555
12,87,0.0,0.0031076614
12,88,0.0,0.0024859295
12,89,0.0,0.003636119
12,90,-0.145926133326115,0.0038324352
12,91,0.0,0.004228049
12,92,0.0,0.004649454
12,93,-0.144568095111607,0.00429231
12,94,0.0,0.0027017295
12,95,0.0,0.0033519147
12,96,0.0,0.0036335047
12,97,0.0,0.0040089088
12,98,0.0,0.0040863026
12,99,0.0,0.0030689826
12,100,0.0,0.004275103
13,1,0.0,0.0028653918
13,2,0.0,0.0027372884
13,3,0.0,0.0035956595
13,4,0.0,0.002566941
13,5,0.0,0.004284922
13,6,0.0,0.0025887382
13,7,0.0,0.0025323648
13,8,0.0,0.0033379924
13,9,0.0,0.004576128
13,10,0.0,0.0024892688
13,11,0.0,0.004728839
13,12,0.0,0.0036376845
13,13,0.0,0.048077475
13,14,-0.155084900151756,0.0033714036
13,15,0.0,0.0034414604
13,16,0.0,0.0039634537
13,17,0.0,0.003637895
13,18,0.0,0.0029878346
13,19,0.0,0.0030642068
13,20,0.0,0.0027213758
13,21,0.0,0.0039731003
13,22,0.0,0.0046258317
13,23,0.0,0.0041084774
13,24,0.0,0.0043822974
13,25,0.0,0.002728236
13,26,-0.159051995183885,0.0031245882
13,27,0.0,0.0030154716
13,28,0.0,0.0028364104
13,29,0.0,0.003391157
13,30,0.0,0.0046659466
13,31,0.0,0.0042666486
13,32,0.0,0.003575297
13,33,0.0,0.0045354255
13,34,0.0,0.0038191332
13,35,0.0,0.0033767754
13,36,0.0,0.003716481
13,37,0.164561763690236,0.004336533
13,38,0.0,0.0045726355
13,39,0.0,0.0034815855
13,40,0.0,0.004693388
13,41,0.0,0.0036818543
13,42,0.0,0.0038259896
13,43,0.0,0.002589231
13,44,0.0,0.0047338707
13,45,0.0,0.0043008383
13,46,0.0,0.003443609
13,47,0.0,0.0036378577
13,48,0.0,0.0041015586
13,49,0.166881572745103,0.0038242424
13,50,0.0,0.0024348646
13,51,0.0,0.00287194
13,52,0.0,0.00116558
13,53,0.172913413088423,0.004436979
13,54,0.0,0.004145936
13,55,0.0,0.004288948
13,56,0.0,0.0039463714
13,57,0.0,0.0027367384
13,58,0.0,0.0037311213
13,59,0.0,0.0034523327
13,60,0.0,0.0036377525
13,61,0.0,0.003436706
13,62,0.0,0.0044436883
13,63,0.0,0.004210567
13,64,0.0,0.0035317298
13,65,0.0,0.0035684584
13,66,0.0,0.0035421513
13,67,0.0,0.003452018
13,68,0.0,0.002879803
13,69,0.0,0.0008663926
13,70,0.166585647680027,0.0030772695
13,71,0.0,0.0032106955
13,72,0.0,0.004169181
13,73,0.0,0.004006274
13,74,0.0,0.0028611785
13,75,0.0,0.004406196
13,76,0.0,0.004441548
13,77,0.0,0.0029537408
13,78,0.0,0.0032828543
13,79,0.0,0.004295676
13,80,0.0,0.0036536912
13,81,0.0,0.0027576284
13,82,0.0,0.003348059
13,83,0.0,0.0029814038
13,84,0.0,0.003036501
13,85,-0.165691442463782,0.0035408847
13,86,0.0,0.0043309648
13,87,0.0,0.0046013473
13,88,0.0,0.0028375466
13,89,0.0,0.004148568
13,90,0.0,0.002737322
13,91,0.0,0.0041513266
13,92,0.0,0.0036174944
13,93,0.0,0.002690232
13,94,0.0,0.0033807307
13,95,0.0,0.0041331574
13,96,0.0,0.004194144
13,97,0.0,0.003479748
13,98,0.0,0.003680816
13,99,0.0,0.003450971
13,100,0.0,0.003465332
14,1,0.0,0.0033759847
14,2,0.0,0.0031104628
14,3,-0.177569495802486,0.0033737216
14,4,0.0,0.0042369477
14,5,0.0,0.004640733
14,6,0.0,0.004265368
14,7,0.0,0.004723469
14,8,0.0,0.0032207333
14,9,0.0,0.003180299
14,10,0.0,0.0025081509
14,11,0.0,0.003375112
14,12,0.0,0.0035637682
14,13,0.0,0.003397788
14,14,0.0,0.048077475
14,15,0.0,0.0039808173
14,16,0.0,0.0032136422
14,17,0.147345650909052,0.0046725795
14,18,0.0,0.0029962333
14,19,0.0,0.002986284
14,20,0.0,0.0027937465
14,21,0.0,0.0033774944
14,22,0.155520132320115,0.0034710448
14,23,0.0,0.0012128986
14,24,0.0,0.0039591426
14,25,0.0,0.003546264
14,26,0.0,0.0009706989
14,27,0.0,0.0037044166
14,28,0.0,0.0027222154
14,29,0.0,0.0033711977
14,30,0.0,0.004165372
14,31,0.0,0.0045892764
14,32,0.0,0.003637828
14,33,0.0,0.0034511238
14,34,0.0,0.003525205
14,35,0.0,0.0042796712
14,36,0.0,0.004529517
14,37,0.0,0.0047093155
14,38,0.0,0.004542403
14,39,0.0,0.0029416252
14,40,0.0,0.0029306207
14,41,-0.165291725210705,0.004702231
14,42,0.175429652196989,0.0031571286
14,43,0.0,0.0033778232
14,44,0.0,0.0033712098
14,45,0.0,0.0040909583
14,46,0.0,0.0029839184
14,47,0.0,0.003957753
14,48,0.0,0.0027294513
14,49,0.0,0.004366629
14,50,0.0,0.0027763364
14,51,0.0,0.003838187
14,52,0.0,0.0039652837
14,53,0.0,0.003047469
14,54,0.0,5.5166893e-05
14,55,0.0,0.003420191
14,56,0.0,0.0028167656
14,57,0.0,0.0045153424
14,58,0.0,0.003480954
14,59,-0.147119227228435,0.004626816
14,60,0.0,0.004625487
14,61,0.0,0.004336573
14,62,0.0,0.0037834402
14,63,0.0,0.0041126385
14,64,0.0,0.00021945173
14,65,0.0,0.0040614055
14,66,0.0,0.004217213
14,67,0.0,0.004490544
14,68,0.152970481684373,0.0034815585
14,69,0.0,0.0034720404
14,70,0.0,0.004552204
14,71,0.0,0.0039134026
14,72,0.0,0.003637827
14,73,0.0,0.00263135
14,74,0.0,0.003142329
14,75,0.0,0.0044256365
14,76,-0.153382417025909,0.002508597
14,77,0.0,0.003378015
14,78,0.158564793745186,0.0042955335
14,79,0.0,0.0040526194
14,80,0.0,0.0032810727
14,81,0.0,0.0005187867
14,82,0.0,0.004321035
14,83,0.150408333194546,0.003106568
14,84,0.0,0.0043237507
14,85,0.0,0.0030366126
14,86,0.0,0.0039331485
14,87,0.0,0.0030466616
14,88,0.0,0.0028631324
14,89,0.0,0.004545871
14,90,0.0,0.004734488
14,91,0.0,0.004482572
14,92,0.0,0.0041989153
14,93,0.0,0.003384564
14,94,0.0,0.002437999
14,95,0.0,0.004344508
14,96,0.149464879220297,0.0035251658
14,97,0.0,0.0046049235
14,98,0.0,0.0038647288
14,99,0.0,0.003600723
14,100,0.0,0.0028015901
15,1,0.0,0.0037615802
15,2,0.0,0.003487844
15,3,0.0,0.0029021716
15,4,0.0,0.0034754789
15,5,0.0,0.0025927685
15,6,0.0,0.0043726135
15,7,0.0,0.0041390304
15,8,0.0,0.0025122194
15,9,0.0,0.004596079
15,10,0.0,0.0028559752
15,11,0.0,0.0036377097
15,12,0.0,0.003938148
15,13,0.0,0.0034330785
15,14,0.0,0.0037754746
15,15,0.0,0.048077475
15,16,0.0,0.004428152
15,17,0.152426998185137,0.002801435
15,18,0.0,0.0043366114
15,19,0.0,0.002817566
15,20,0.0,0.003754558
15,21,0.0,0.002738372
15,22,0.0,0.004012541
15,23,0.0,0.0035848962
15,24,0.0,0.0034099463
15,25,0.0,0.0035889652
15,26,0.0,0.0034965826
15,27,0.0,0.004650754
15,28,0.0,0.004289725
15,29,0.0,0.0045954827
15,30,0.0,0.003637907
15,31,0.181682168973208,0.0030279476
15,32,0.0,0.003462621
15,33,0.0,0.0040413775
15,34,0.0,0.00430277
15,35,0.0,0.0032225791
15,36,0.168765223985113,0.004229787
15,37,0.0,0.0033641122
15,38,0.0,0.0036760112
15,39,0.0,0.0034504673
15,40,0.0,0.0035669617
15,41,0.170991958997567,0.0038986765
15,42,0.181479501512773,0.0043043494
15,43,0.0,0.0043156156
15,44,0.0,0.0044009853
15,45,0.0,0.004422444
15,46,0.0,0.0042767692
15,47,0.0,0.002440399
15,48,0.0,0.003674388
15,49,0.0,0.0033684904
15,50,0.0,0.0044369996
15,51,0.0,0.0030835075
15,52,0.0,0.0028015375
15,53,0.174648882947206,0.004476588
15,54,0.0,0.002533968
15,55,0.0,0.0042049456
15,56,0.0,0.004485758
15,57,0.0,0.0038864547
15,58,0.0,0.00419659
15,59,0.0,0.0043746214
15,60,0.0,0.004095057
15,61,0.0,0.0033946903
15,62,0.0,0.0033671893
15,63,0.0,0.0033727651
15,64,0.0,0.0043446794
15,65,0.0,0.004596063
15,66,0.0,0.0032755109
15,67,0.0,0.0034296252
15,68,0.0,0.0034584617
15,69,0.0,0.0033727624
15,70,0.0,0.0030739075
15,71,0.0,0.0044248607
15,72,0.0,0.0024980102
15,73,0.0,0.004465442
15,74,0.0,0.0030214358
15,75,0.0,0.0033596195
15,76,0.0,0.0033698697
15,77,0.0,0.004255905
15,78,0.0,0.002952451
15,79,0.0,0.0034895912
15,80,-0.187438484677638,0.0025110957
15,81,0.0,0.0042831525
15,82,0.163880170266258,0.004263697
15,83,0.0,0.0025549037
15,84,0.0,0.0034203026
15,85,0.0,0.0033883573
15,86,0.0,0.003784312
15,87,0.0,0.0036446014
15,88,0.0,0.0045305816
15,89,0.0,0.0036377143
15,90,0.0,0.0036269901
15,91,0.0,0.0042628357
15,92,0.0,0.0030671954
15,93,0.0,0.0036378345
15,94,0.0,0.0027225506
15,95,0.0,0.002785306
15,96,0.0,0.0034059407
15,97,0.0,0.0036377376
15,98,0.0,0.0025102557
15,99,0.0,0.0031756274
15,100,0.0,0.0046208063
16,1,0.0,0.0029561147
16,2,0.0,0.0034488617
16,3,0.0,0.0032251878
16,4,0.0,0.0034961253
16,5,0.0,0.004605552
16,6,0.0,0.0005008639
16,7,0.0,0.0035283696
16,8,0.0,0.00425859
16,9,0.0,0.002800237
16,10,0.0,0.0033695484
16,11,-0.181722233983134,0.003684653
16,12,0.172467323663593,0.0045570824
16,13,0.0,0.0042574024
16,14,0.0,0.0034514405
16,15,0.15303599258631,0.0046247393
16,16,0.0,0.048077475
16,17,0.0,0.0042400304
16,18,0.0,0.004112538
16,19,0.0,0.004138317
16,20,0.0,0.004555893
16,21,0.0,0.0037109824
16,22,0.0,0.004231808
16,23,0.0,0.0025279215
16,24,0.0,0.004693972
16,25,0.0,0.004513208
16,26,0.0,0.0035780473
16,27,0.0,0.00453829
16,28,0.0,0.0029684892
16,29,0.0,0.0036376873
16,30,0.0,0.001727954
16,31,0.0,0.0042331824
16,32,0.0,0.004314649
16,33,0.0,0.00348166
16,34,0.0,0.0046579074
16,35,0.0,0.0029879343
16,36,0.0,0.004587123
16,37,0.0,0.003487775
16,38,-0.157756899387597,0.004581253
16,39,0.0,0.0035922285
16,40,0.0,0.004248837
16,41,0.0,0.0037412774
16,42,0.0,0.0043234406
16,43,0.0,0.004668152
16,44,0.0,0.004631214
16,45,0.0,0.002633378
16,46,0.0,0.004570148
16,47,0.0,0.0038892971
16,48,0.0,0.0035852715
16,49,0.0,0.0034527155
16,50,0.0,0.0043443516
16,51,0.0,0.0012004254
16,52,0.0,0.0038198782
16,53,0.0,0.004541088
16,54,0.0,0.004524013
16,55,0.0,0.0046389364
16,56,0.0,0.0038235122
16,57,0.0,0.00039827824
16,58,0.0,0.0036285613
16,59,0.0,0.003000224
16,60,0.0,0.0036377013
16,61,0.0,0.0045002997
16,62,0.0,0.0024354984
16,63,0.0,0.0037470013
16,64,0.0,0.003721526
16,65,0.0,0.003065059
16,66,0.0,0.0040021837
16,67,0.0,0.0022851732
16,68,0.0,0.0035858825
16,69,0.0,0.0035192762
16,70,0.0,0.0026600086
16,71,0.151034499484406,0.004691188
16,72,0.0,0.002841197
16,73,0.0,0.0041552484
16,74,0.0,0.0042489935
16,75,0.0,0.003260226
16,76,0.0,0.0036461167
16,77,0.0,0.0028182021
16,78,0.0,0.0033743875
16,79,0.0,0.0020459164
16,80,0.0,0.0042153243
16,81,0.0,0.002628746
16,82,0.0,0.0037598424
16,83,0.0,0.004568856
16,84,0.0,0.004128251
16,85,0.0,0.0034874445
16,86,0.0,0.004226965
16,87,0.0,0.0043749753
16,88,0.0,0.0043712733
16,89,0.161370645749721,0.0045852605
16,90,0.0,0.004592428
16,91,0.0,0.0018224381
16,92,-0.143886531538862,0.0026133852
16,93,0.0,0.004412151
16,94,0.0,0.0031627556
16,95,0.0,0.00314146
16,96,0.0,0.0035852566
16,97,0.0,0.0046169143
16,98,0.0,0.0026758732
16,99,0.0,0.0046992004
16,100,0.0,0.004192439
17,1,0.0,0.002894233
17,2,0.0,0.003612849
17,3,0.0,0.0033749621
17,4,0.0,0.002722926
17,5,0.0,0.0034018662
17,6,0.0,0.0036378875
17,7,0.0,0.0045928145
17,8,0.0,0.003450662
17,9,-0.167634655576934,0.0036376677
17,10,0.0,0.0034719761
17,11,0.0,0.004238493
17,12,0.0,0.0035418374
17,13,0.0,0.0036377711
17,14,0.0,0.0046835635
17,15,0.0,0.002804154
17,16,0.0,0.0040096147
17,17,0.0,0.048077475
17,18,0.0,0.004523728
17,19,0.0,0.0034414278
17,20,0.0,0.0036239577
17,21,0.0,0.0035066083
17,22,0.0,0.0027327053
17,23,0.0,0.0035128258
17,24,0.0,0.0034026764
17,25,0.0,0.0034245085
17,26,0.0,0.0044175554
17,27,0.0,0.0027887463
17,28,0.0,0.00441831
17,29,0.0,0.002880903
17,30,0.0,0.0036253873
17,31,0.0,0.0035698786
17,32,0.0,0.004229272
17,33,0.0,0.004034601
17,34,0.0,0.0042411704
17,35,0.0,0.0035541095
17,36,-0.15874996494091,0.0005835523
17,37,0.0,0.004602626
17,38,0.0,0.004398981
17,39,0.0,0.003387997
17,40,0.0,0.004625274
17,41,0.0,0.004619251
17,42,0.0,0.0034530042
17,43,0.0,0.0045277122
17,44,0.152786182667847,0.0036318675
17,45,-0.146512235765651,0.003375318
17,46,0.0,0.0033781147
17,47,0.0,0.0035967957
17,48,0.0,0.0033732308
17,49,0.0,0.00370658
17,50,0.0,0.0041440567
17,51,0.0,0.0040147007
17,52,0.0,0.0045471014
17,53,0.0,0.003670969
17,54,0.0,0.0033264775
17,55,0.0,0.0038708914
17,56,0.0,0.0032199137
17,57,0.0,0.00466366
17,58,0.0,0.003968546
17,59,0.0,0.0034590857
17,60,0.0,0.0033683777
17,61,0.0,0.0045625363
17,62,0.0,0.003358825
17,63,0.0,0.0027296324
17,64,0.0,0.0045564873
17,65,0.0,0.004534523
17,66,0.0,0.004230975
17,67,0.0,0.004698219
17,68,0.0,0.0036595995
17,69,0.0,0.0025104666
17,70,0.0,0.0037913062
17,71,0.0,0.0026663868
17,72,0.0,0.004195677
17,73,0.0,0.0033758786
17,74,0.0,0.003241429
17,75,0.0,0.0034596585
17,76,0.0,0.0033713114
17,77,0.0,0.0029769838
17,78,0.0,0.0012112558
17,79,0.0,0.0029565804
17,80,0.0,0.004606759
17,81,0.0,0.0044725975
17,82,0.0,0.0030011274
17,83,0.0,0.0040748576
17,84,0.0,0.003422035
17,85,0.0,0.0033259066
17,86,0.0,0.004409042
17,87,0.0,0.003556122
17,88,0.0,0.0030146064
17,89,0.0,0.003678199
17,90,0.0,0.0045529474
17,91,0.0,0.0043368367
17,92,0.0,0.0042080637
17,93,0.0,0.0035511116
17,94,0.0,0.003547186
17,95,0.0,0.0042282585
17,96,0.0,0.004705363
17,97,0.0,0.0039633242
17,98,0.0,0.0033824192
17,99,0.0,0.0040460043
17,100,0.0,0.0028096633
18,1,0.0,0.0046069575
18,2,0.0,0.0036712363
18,3,0.0,0.0042192684
18,4,0.0,0.0042864447
18,5,0.0,0.0042317696
18,6,0.0,0.0036047706
18,7,-0.185315351501888,0.003394857
18,8,0.0,0.0034209462
18,9,-0.19450634949361,0.0036378112
18,10,0.0,0.0043179803
18,11,0.0,0.0038614552
18,12,0.0,0.0041097347
18,13,0.0,0.0030634515
18,14,0.186097881845717,0.00297248
18,15,0.0,0.0042929323
18,16,0.0,0.0037856959
18,17,0.0,0.00451383
18,18,0.0,0.048077475
18,19,0.0,0.003708926
18,20,0.0,0.0028346768
18,21,0.0,0.0035408745
18,22,0.0,0.003514139
18,23,0.0,0.0036472073
18,24,0.0,0.003407782
18,25,0.155797530825643,0.0017923196
18,26,0.0,0.0042338027
18,27,0.0,0.0036377367
18,28,0.0,0.004645057
18,29,0.0,0.00278965
18,30,0.0,0.0033666613
18,31,0.0,0.003550617
18,32,0.0,0.004238574
18,33,0.0,0.0045580575
18,34,0.0,0.0033733314
18,35,0.0,0.004240229
18,36,0.0,0.0033711595
18,37,0.0,0.003447379
18,38,0.0,0.0034734579
18,39,0.0,0.0025291815
18,40,0.0,0.0046099443
18,41,0.0,0.0047286097
18,42,0.0,0.0040075686
18,43,0.164402511140773,0.0043933373
18,44,0.0,0.0031772042
18,45,0.0,0.0028470163
18,46,0.0,0.003075256
18,47,0.0,0.0034525683
18,48,0.0,0.0028770398
18,49,0.0,0.0046264622
18,50,0.0,0.0024348209
18,51,0.0,0.0033744294
18,52,0.0,0.0040828725
18,53,0.0,0.0036625294
18,54,0.0,0.0025073905
18,55,0.0,0.0015945528
18,56,0.0,0.0044829324
18,57,0.0,0.00273804
18,58,0.0,0.003874233
18,59,0.151950569202543,0.0033494951
18,60,0.0,0.004364405
18,61,0.0,0.0034529697
18,62,0.0,0.0030447086
18,63,0.0,0.0037013413
18,64,0.0,0.003468466
18,65,0.0,0.0034557479
18,66,0.0,0.0042422023
18,67,0.0,0.004717051
18,68,0.0,0.0043052686
18,69,0.0,0.004065836
18,70,0.0,0.0033690417
18,71,0.0,0.0039493106
18,72,0.0,0.0028037285
18,73,0.0,0.003486787
18,74,0.0,0.003506858
18,75,0.0,0.0028578863
18,76,0.0,0.003637679
18,77,0.0,0.004383536
18,78,-0.163772003965556,0.0036508087
18,79,0.0,0.0037024831
18,80,0.0,0.0046112314
18,81,0.0,0.0028213877
18,82,0.0,0.004117633
18,83,0.0,0.0027379575
18,84,0.0,0.003278304
18,85,0.0,0.0029577762
18,86,0.0,0.0032051224
18,87,0.0,0.0043672016
18,88,0.0,0.0028677285
18,89,0.170062967109327,0.0040861005
18,90,0.0,0.0043364577
18,91,0.0,0.00465893
18,92,0.0,0.0030508256
18,93,0.0,0.004161123
18,94,0.0,0.0042513423
18,95,0.0,0.0040884716
18,96,0.0,0.0043529067
18,97,0.156337038564074,0.0034480728
18,98,0.0,0.0029384354
18,99,0.0,0.0025113737
18,100,0.0,0.00337304
19,1,0.0,0.0035517942
19,2,0.0,0.0038164603
19,3,0.0,0.0036209757
19,4,0.0,0.0033844225
19,5,0.0,0.0041197166
19,6,-0.158124398046375,0.0041995365
19,7,0.0,0.0025124461
19,8,0.0,0.0037042405
19,9,0.0,0.0032187235
19,10,0.0,0.0034673735
19,11,0.0,0.0040154057
19,12,0.173388245660267,0.0040383535
19,13,0.0,0.003211636
19,14,0.0,0.0030519702
19,15,0.0,0.0029589236
19,16,0.0,0.0040023495
19,17,0.0,0.0039559137
19,18,0.181353971243521,0.0038890578
19,19,0.0,0.048077475
19,20,0.0,0.0039102426
19,21,0.0,0.004243424
19,22,0.0,0.0033685295
19,23,0.0,0.004281589
19,24,0.0,0.0039886916
19,25,0.0,0.0033776974
19,26,0.0,0.0033417894
19,27,0.0,0.0044393744
19,28,0.0,0.0022875974
19,29,0.0,0.0033715153
19,30,0.0,0.00363784
19,31,0.0,0.0036379062
19,32,0.0,0.0034219464
19,33,0.0,0.0033766814
19,34,0.0,0.002844098
19,35,0.0,0.004734952
19,36,0.0,0.0027354225
19,37,0.0,0.0042674
19,38,0.0,0.0034511266
19,39,0.0,0.002722404
19,40,0.0,0.003864142
19,41,0.0,0.0027977545
19,42,0.0,0.0036109863
19,43,0.1660025597728,0.003514276
19,44,0.163745005222866,0.0037184414
19,45,0.0,0.0036027962
19,46,0.0,0.0036915988
19,47,0.0,0.0027943063
19,48,0.0,0.003451081
19,49,0.169926132110842,0.0033747144
19,50,0.0,0.0036914032
19,51,0.0,0.00321515
19,52,0.0,0.0033785738
19,53,0.0,0.004312698
19,54,0.0,0.0034511955
19,55,0.0,0.004476648
19,56,0.0,0.0034629768
19,57,0.0,0.003903416
19,58,0.0,0.0041794647
19,59,0.0,0.0035688784
19,60,0.0,0.00336935
19,61,0.0,0.0037076846
19,62,0.0,0.0046177814
19,63,0.0,0.0037094895
19,64,0.0,0.0031750556
19,65,0.0,0.003451366
19,66,0.0,0.0037603788
19,67,0.0,0.0034222892
19,68,0.0,0.004683448
19,69,0.0,0.0025090426
19,70,0.0,0.004033208
19,71,0.0,0.0042465664
19,72,0.0,0.0040442357
19,73,0.161040893376182,0.0034278324
19,74,0.174456637656475,0.0029771961
19,75,0.0,0.0030564675
19,76,0.0,0.0033772346
19,77,0.0,0.003637744
19,78,0.0,0.0024479562
19,79,0.0,0.003368577
19,80,0.0,0.0034509785
19,81,0.0,0.0034716083
19,82,0.0,0.0042307395
19,83,0.0,0.004272308
19,84,0.0,0.0036854623
19,85,0.0,0.003453047
19,86,0.0,0.003711516
19,87,0.0,0.004002139
19,88,0.155009312935664,0.0033753868
19,89,0.0,0.0038415603
19,90,0.0,0.0028039608
19,91,0.0,0.0035465825
19,92,0.0,0.0037287502
19,93,0.0,0.0033659264
19,94,0.0,0.0019380646
19,95,0.0,0.004581022
19,96,0.0,0.00363791
19,97,0.0,0.0033690128
19,98,0.0,0.0038395114
19,99,0.0,0.0033720927
19,100,0.0,0.0029030945
20,1,0.0,0.0036377255
20,2,0.0,0.0036284626
20,3,0.0,0.003207096
20,4,0.0,0.0042008087
20,5,0.0,0.0041020717
20,6,0.0,0.0026641875
20,7,0.169993597009896,0.002466265
20,8,0.154740130526389,0.0027270266
20,9,0.0,0.0033745775
20,10,0.0,0.0033850474
20,11,0.0,0.00273488
20,12,0.0,0.0037443712
20,13,0.0,0.002721944
20,14,0.0,0.0027961046
20,15,0.154291426621547,0.003356821
20,16,0.0,0.0043132175
20,17,0.156744559288428,0.0035961038
20,18,0.0,0.0027805744
20,19,0.0,0.0037124865
20,20,0.0,0.048077475
20,21,0.0,0.0029156022
20,22,0.0,0.004580939
20,23,0.0,0.0038322033
20,24,0.0,0.0024436964
20,25,0.0,0.0036005583
20,26,-0.169687743604791,0.0046537872
20,27,0.0,0.003425479
20,28,0.0,0.0041211983
20,29,0.0,0.0039960407
20,30,0.0,0.0036209011
20,31,0.0,0.004396091
20,32,0.0,0.0040085055
20,33,0.0,0.002685659
20,34,0.0,0.003660664
20,35,0.0,0.0033840695
20,36,0.178261347288893,0.0038511027
20,37,0.175565948304747,0.0045931153
20,38,0.0,0.0033706352
20,39,0.0,0.00455413
20,40,0.0,0.0032216748
20,41,0.0,0.0034041535
20,42,0.0,0.0037959833
20,43,0.173929941274857,0.004288015
20,44,0.0,0.0036887368
20,45,0.0,0.0033698268
20,46,0.0,0.004320372
20,47,0.0,0.0034792013
20,48,0.0,0.003068382
20,49,-0.178040882137921,0.0043678647
20,50,0.0,0.0033770017
20,51,0.0,0.004246045
20,52,0.0,0.002957045
20,53,0.184476069426575,0.0038046585
20,54,0.0,0.0027293074
20,55,0.0,0.00421514
20,56,0.0,0.0045972206
20,57,0.0,0.0045611486
20,58,0.0,0.0035815975
20,59,0.0,0.0044380818
20,60,0.0,0.0036377767
20,61,0.0,0.0030896123
20,62,0.0,0.0028038686
20,63,0.0,0.0035918476
20,64,0.0,0.0039689355
20,65,0.0,0.0033037793
20,66,0.0,0.0041894624
20,67,0.0,0.0030899793
20,68,0.0,0.0043768566
20,69,0.0,0.00460722
20,70,0.17772516867258,0.0033703214
20,71,0.0,0.004077605
20,72,0.0,0.0024782717
20,73,0.0,0.002607009
20,74,0.0,0.00348893
20,75,0.0,0.0029877108
20,76,0.0,0.0039016297
20,77,0.0,0.0037337467
20,78,0.0,0.0034597348
20,79,0.0,0.003750965
20,80,-0.19798531962587,0.0036376994
20,81,0.0,0.0044318624
20,82,0.0,0.0045318007
20,83,0.0,0.003497338
20,84,0.0,0.004081778
20,85,0.0,0.0025859424
20,86,0.0,0.0026315134
20,87,0.0,0.0028334926
20,88,0.0,0.004236508
20,89,0.0,0.004582703
20,90,0.0,0.0037370147
20,91,0.0,0.0033727195
20,92,0.0,0.0025142748
20,93,0.0,0.0036337096
20,94,0.165111532448245,0.0040740017
20,95,0.0,0.004499729
20,96,0.0,0.0034953803
20,97,0.0,0.0029474953
20,98,0.0,0.0045821853
20,99,0.0,0.0031162081
20,100,0.0,0.0030224063
21,1,0.0,0.0033729011
21,2,0.0,0.003083516
21,3,0.0,0.0033873664
21,4,0.0,0.0027859616
21,5,0.0,0.003452479
21,6,0.0,0.003992418
21,7,-0.168495371936905,0.0027218084
21,8,0.0,0.004709797
21,9,0.0,0.004325592
21,10,0.0,0.004251698
21,11,0.0,0.0036377404
21,12,0.0,0.0044420827
21,13,0.167799803644541,0.0039601596
21,14,0.0,0.0033679511
21,15,0.0,0.0027384767
21,16,0.0,0.0033884943
21,17,0.0,0.003405882
21,18,-0.180267678034702,0.003448316
21,19,0.0,0.0042398702
21,20,0.0,0.0028614039
21,21,0.206256026634946,0.048077475
21,22,0.0,0.0046174685
21,23,0.0,0.003621893
21,24,0.0,0.00434672
21,25,0.0,0.0027491418
21,26,0.0,0.003645626
21,27,0.171298507705075,0.0034529632
21,28,0.0,0.0028551556
21,29,0.0,0.0042142393
21,30,0.0,0.0031842329
21,31,0.0,0.0039240196
21,32,0.0,0.0025067423
21,33,0.0,0.0034158276
21,34,0.0,0.0030713193
21,35,0.0,0.004169693
21,36,0.0,0.003514436
21,37,0.0,0.004519291
21,38,0.0,0.0037451228
21,39,0.0,0.0036076885
21,40,0.175794474492639,0.004564979
21,41,0.166249916703367,0.0045905123
21,42,0.0,0.004017107
21,43,0.0,0.0030311747
21,44,0.0,0.0043259086
21,45,0.0,0.0033675116
21,46,0.0,0.0039098896
21,47,0.0,0.0025409805
21,48,0.157406436476083,0.0028078891
21,49,0.0,0.0034850985
21,50,0.151466353686498,0.003223706
21,51,0.0,0.0038569272
21,52,0.0,0.004145515
21,53,0.0,0.0033049425
21,54,0.154927677653704,0.0035416652
21,55,0.0,0.0034511425
21,56,0.0,0.0032184478
21,57,0.0,0.004303599
21,58,0.0,0.004574623
21,59,0.0,0.0034804503
21,60,0.0,0.0035965787
21,61,0.0,0.004593062
21,62,0.0,0.004337268
21,63,0.0,0.0045673084
21,64,0.0,0.0038523022
21,65,0.0,0.00458943
21,66,0.0,0.0024342146
21,67,0.0,0.0043673813
21,68,-0.153857247274069,0.0029892093
21,69,0.0,0.002959582
21,70,0.0,0.0035213334
21,71,0.0,0.0034878086
21,72,0.0,0.0044328105
21,73,0.0,0.0035877516
21,74,0.0,0.003526046
21,75,0.0,0.004382666
21,76,0.0,0.003087313
21,77,0.0,0.0044745943
21,78,0.159483989404912,0.0033735447
21,79,0.0,0.0034476006
21,80,0.0,0.0028027194
21,81,0.0,0.0033782646
21,82,0.0,0.0033914754
21,83,0.0,0.0021063099
21,84,0.0,0.0007571019
21,85,0.0,0.0035532843
21,86,0.142655121659212,0.0044190316
21,87,0.0,0.004092494
21,88,0.0,0.0034176596
21,89,0.0,0.0045371503
21,90,0.150154313654944,0.0036377618
21,91,0.0,0.0032066135
21,92,0.0,0.0043201316
21,93,0.0,0.004333783
21,94,0.0,0.0025816988
21,95,0.0,0.0027515371
21,96,0.0,0.0031994842
21,97,0.0,0.0042561945
21,98,0.0,0.003453142
21,99,0.0,0.004229556
21,100,0.0,0.004315518
22,1,0.0,0.0034101699
22,2,0.0,0.0034522992
22,3,0.0,0.0026651267
22,4,0.0,0.0025099837
22,5,0.0,0.0035358677
22,6,0.0,0.004690893
22,7,0.0,0.0028921291
22,8,0.0,0.0045452667
22,9,0.0,0.004624023
22,10,-0.173102706469002,0.003637717
22,11,0.0,0.0036268197
22,12,0.0,0.0039246865
22,13,0.0,0.004660706
22,14,0.0,0.0034522777
22,15,0.0,0.004048663
22,16,0.0,0.0042190515
22,17,0.0,0.002610291
22,18,0.190789987945292,0.0034824088
22,19,0.0,0.0036376547
22,20,0.0,0.004565873
22,21,0.0,0.004668031
22,22,0.37138766865246,0.048077475
22,23,0.0,0.003736754
22,24,0.0,0.0036000293
22,25,0.0,0.0042514727
22,26,0.0,0.002758956
22,27,0.0,0.0033699404
22,28,0.0,0.0034723748
22,29,0.0,0.004403705
22,30,0.0,0.00345313
22,31,0.0,0.0034669936
22,32,0.0,0.0040525813
22,33,0.0,0.0041415505
22,34,0.0,0.003991293
22,35,0.0,0.0037088161
22,36,0.0,0.00265727
22,37,0.0,0.004590963
22,38,0.0,0.004714666
22,39,0.0,0.0036512539
22,40,0.0,0.0024592574
22,41,0.0,0.0038833385
22,42,0.0,0.0026654834
22,43,0.0,0.0038252976
22,44,0.0,0.003955057
22,45,0.0,0.0036045862
22,46,0.0,0.0029597003
22,47,0.0,0.004582705
22,48,0.0,0.003825711
22,49,0.167349911240301,0.0041220514
22,50,0.0,0.003590447
22,51,0.0,0.0044735223
22,52,0.0,0.0045776907
22,53,0.0,0.0035666935
22,54,0.0,0.0037476523
22,55,0.0,0.003514898
22,56,-0.148130464248304,0.004618669
22,57,0.0,0.003552217
22,58,0.0,0.004246763
22,59,0.0,0.0028709443
22,60,0.0,0.0035037063
22,61,-0.161515407676548,0.0033668354
22,62,0.0,0.0043270113
22,63,0.0,0.0036831945
22,64,0.0,0.003637827
22,65,0.150161038308604,0.003535104
22,66,0.0,0.0045155436
22,67,0.0,0.0036377693
22,68,0.0,0.0036138669
22,69,0.0,0.0027771988
22,70,0.0,0.0031747175
22,71,0.0,0.004557768
22,72,0.0,0.004044638
22,73,0.0,0.004452969
22,74,-0.171811730570366,0.0032100668
22,75,0.0,0.0034580017
22,76,0.0,0.0025713025
22,77,0.0,0.004368188
22,78,0.0,0.004080549
22,79,0.0,0.004553971
22,80,0.0,0.0037631597
22,81,0.0,0.0035287924
22,82,0.0,0.0045999605
22,83,0.0,0.0043628793
22,84,0.0,0.0045102155
22,85,0.0,0.0033692345
22,86,0.0,0.003370298
22,87,0.0,0.003436979
22,88,0.0,0.0034439834
22,89,0.0,0.0026105102
22,90,0.0,0.00428826
22,91,0.0,0.0038028695
22,92,0.0,0.0036377767
22,93,0.0,0.0041051134
22,94,0.0,0.003539701
22,95,0.0,0.0034682276
22,96,0.0,0.003374491
22,97,0.0,0.003990002
22,98,0.0,0.0035781506
22,99,0.0,0.0030514756
22,100,0.0,0.002436147
23,1,0.0,0.002935063
23,2,0.0,0.003981282
23,3,-0.168699624445648,0.004584577
23,4,0.0,0.0033763563
23,5,0.0,0.004279908
23,6,0.0,0.0039017154
23,7,0.0,0.0046256874
23,8,0.0,0.0031801471
23,9,0.0,0.004326921
23,10,0.0,0.0043248814
23,11,0.0,0.0043050274
23,12,0.0,0.0033672685
23,13,0.0,0.0045939963
23,14,0.165953848582494,0.00020982744
23,15,0.0,0.0039090645
23,16,0.0,0.002462599
23,17,0.0,0.0036896635
23,18,0.0,0.003870394
23,19,0.0,0.0043345504
23,20,0.0,0.0041167475
23,21,0.0,0.0034684008
23,22,0.0,0.0040517664
23,23,0.62282799417153,0.048077475
23,24,0.0,0.00436337
23,25,0.0,0.003375262
23,26,0.0,0.0034108758
23,27,0.0,0.00397213
23,28,0.0,0.0036377404
23,29,0.0,0.003612997
23,30,0.0,0.0027221828
23,31,0.0,0.002536418
23,32,-0.151174852350198,0.0032331925
23,33,0.0,0.0046025347
23,34,0.0,0.0045744646
23,35,0.0,0.0027978485
23,36,0.0,0.0027486132
23,37,0.0,0.0032008272
23,38,0.0,0.0045578703
23,39,0.0,0.003637759
23,40,0.164171358570266,0.0041290047
23,41,0.0,0.0042299405
23,42,0.0,0.0023404076
23,43,0.0,0.003903185
23,44,0.0,0.003940759
23,45,0.0,0.0034005763
23,46,0.0,0.0031782193
23,47,0.0,0.0028605885
23,48,0.0,0.0030781655
23,49,0.0,0.004557317
23,50,0.0,0.0036376659
23,51,0.0,0.004098024
23,52,0.0,0.0028424459
23,53,0.158578290754154,0.0043178014
23,54,0.0,0.0012026732
23,55,0.0,0.0039572315
23,56,0.0,0.0033717528
23,57,0.0,0.0028151926
23,58,0.0,0.002568197
23,59,0.0,0.0041420357
23,60,0.0,0.004651946
23,61,0.0,0.0024809176
23,62,0.0,0.0040050577
23,63,0.0,0.004499349
23,64,0.0,0.0027210834
23,65,0.0,0.0025061374
23,66,0.0,0.0045995535
23,67,0.0,0.004590174
23,68,0.0,0.0025130976
23,69,0.0,0.004571894
23,70,0.0,0.0043823803
23,71,0.0,0.0044154273
23,72,0.0,0.0043990547
23,73,0.0,0.003637787
23,74,0.0,0.0035568085
23,75,0.0,0.0045690667
23,76,0.0,0.0035778135
23,77,0.0,-0.00017450377
23,78,0.0,0.003471097
23,79,0.0,0.0042661997
23,80,0.0,0.002986136
23,81,0.0,0.00057714526
23,82,0.0,0.0036041737
23,83,0.0,0.0037715668
23,84,0.0,0.003469944
23,85,0.0,0.0029039998
23,86,0.0,0.0029764902
23,87,0.0,0.00445614
23,88,0.0,0.003927361
23,89,0.0,0.0025009182
23,90,0.0,0.0046615247
23,91,0.0,0.0028210338
23,92,0.0,0.003362
23,93,0.0,0.0028209006
23,94,0.0,0.004265297
23,95,0.0,0.0029069977
23,96,0.0,0.0034744404
23,97,0.0,0.0045511583
23,98,0.0,0.0042856783
23,99,0.0,0.0030740919
23,100,0.0,0.0033728955
24,1,0.0,0.0036974847
24,2,0.0,0.0030739289
24,3,0.0,0.0036378829
24,4,0.0,0.0035438389
24,5,0.0,0.0032180808
24,6,0.0,0.0025428934
24,7,0.0,0.0033622636
24,8,0.0,0.004133366
24,9,0.0,0.0041684425
24,10,-0.175950098295248,0.0043093525
24,11,0.0,0.004503335
24,12,0.0,0.0035784896
24,13,0.0,0.0044584777
24,14,0.0,0.0040719938
24,15,0.0,0.0034267865
24,16,0.176446964769472,0.0046748724
24,17,0.0,0.003590649
24,18,0.0,0.003611762
24,19,0.0,0.004102463
24,20,0.0,0.0034090672
24,21,0.0,0.0044487817
24,22,0.0,0.0035515744
24,23,0.0,0.0044115866
24,24,0.0,0.048077475
24,25,0.0,0.0039575426
24,26,-0.170559256592605,0.0041801445
24,27,0.0,0.0042661102
24,28,0.0,0.004013639
24,29,0.0,0.0029486148
24,30,0.0,0.0034151487
24,31,0.0,0.003637882
24,32,0.0,0.004442068
24,33,0.0,0.00424736
24,34,0.0,0.0032057744
24,35,0.0,0.004115901
24,36,0.0,0.00397906
24,37,0.176467651638854,0.003876469
24,38,0.0,0.0041336277
24,39,0.0,0.0034832582
24,40,0.0,0.0034423294
24,41,0.0,0.0045861714
24,42,0.0,0.004705064
24,43,0.0,0.003613986
24,44,0.0,0.004241093
24,45,0.0,0.0028663077
24,46,0.0,0.0033671884
24,47,0.0,0.002857631
24,48,-0.171884130943657,0.0034202253
24,49,0.0,0.0034122346
24,50,0.0,0.0027469997
24,51,0.0,0.0025093202
24,52,0.0,0.0044544013
24,53,0.0,0.0042656437
24,54,0.169177384538987,0.004226681
24,55,-0.168437011766395,0.0034785708
24,56,0.0,0.0036360808
24,57,0.0,0.0037144888
24,58,0.0,0.0029020915
24,59,0.0,0.0045473604
24,60,0.0,0.0038136858
24,61,-0.172716181835237,0.0039130673
24,62,0.0,0.0040475596
24,63,0.180147390446721,0.0036377022
24,64,0.0,0.0038026217
24,65,0.0,0.004599089
24,66,0.0,0.0035143476
24,67,0.0,0.0033749193
24,68,0.0,0.0028658775
24,69,0.0,0.0043147644
24,70,0.0,0.0029215897
24,71,0.0,0.0034213802
24,72,0.171389320098769,0.0033750338
24,73,0.0,0.0030203834
24,74,0.0,0.003183186
24,75,0.0,0.004558308
24,76,0.0,0.004448422
24,77,0.0,4.309276e-05
24,78,0.0,0.0035379585
24,79,0.0,0.002602343
24,80,0.0,0.004512649
24,81,0.165908718194647,0.004718581
24,82,0.0,0.00362158
24,83,0.0,0.0034515234
24,84,0.0,0.0038192067
24,85,0.0,0.0035706796
24,86,0.0,0.002802236
24,87,0.0,0.0008750935
24,88,0.0,0.003986099
24,89,0.0,0.0038947966
24,90,0.0,0.004532261
24,91,0.0,0.0025402894
24,92,0.0,0.0036115646
24,93,0.0,0.0041438797
24,94,0.165959542103566,0.0036045257
24,95,0.0,0.0035395995
24,96,0.0,0.00019018212
24,97,0.0,0.004510047
24,98,0.0,0.0042997627
24,99,0.0,0.0043013664
24,100,0.0,0.004628675
25,1,0.0,0.004081561
25,2,0.0,0.004160544
25,3,0.0,0.0004554009
25,4,0.0,-0.0002288809
25,5,0.0,0.002738907
25,6,0.0,0.0018571028
25,7,0.0,0.0035899999
25,8,0.0,0.003677208
25,9,0.178765200109722,0.00077297166
25,10,0.0,0.0034624971
25,11,0.0,0.0044143926
25,12,-0.174214004879336,0.004245625
25,13,0.0,0.004035052
25,14,0.0,0.0033751633
25,15,0.0,0.00081948144
25,16,0.0,0.004564005
25,17,0.0,0.004094883
25,18,0.182217667124974,-2.8808136e-05
25,19,0.0,0.0035269475
25,20,0.0,0.004028268
25,21,-0.165678846068967,0.003019113
25,22,0.0,0.0045726504
25,23,0.0,0.0034531066
25,24,0.0,0.0041233534
25,25,0.77391421678476,0.048077475
25,26,0.0,0.004042357
25,27,-0.169663671772287,0.0039924188
25,28,0.0,0.003526805
25,29,0.15659276064548,0.0045109587
25,30,0.0,0.003418725
25,31,0.0,0.003873988
25,32,0.0,0.0039682323
25,33,0.0,0.0025893976
25,34,0.0,0.00460329
25,35,0.0,0.003637867
25,36,0.0,0.004475938
25,37,0.0,0.0029802527
25,38,0.0,0.003922793
25,39,0.0,0.004556152
25,40,0.0,0.0042933635
25,41,0.0,0.0033744667
25,42,0.0,0.003476765
25,43,0.0,0.002719067
25,44,0.156413571546122,0.0013103783
25,45,0.0,0.0038478794
25,46,0.0,0.0047204914
25,47,0.0,0.0042889323
25,48,0.0,0.0036885645
25,49,0.0,0.0034508975
25,50,0.0,0.003370162
25,51,0.0,0.0035894308
25,52,0.0,0.0044109374
25,53,0.0,0.0037112292
25,54,0.0,0.004487116
25,55,0.0,0.00459913
25,56,0.0,0.0044609774
25,57,0.0,0.0036912654
25,58,0.0,0.0029793251
25,59,0.0,0.0025115828
25,60,0.0,0.004603532
25,61,0.0,0.004209279
25,62,0.0,0.00348627
25,63,0.0,0.0026984205
25,64,0.0,0.0043268427
25,65,0.0,0.0036301361
25,66,0.156465307519514,0.0005525318
25,67,0.0,0.0045292573
25,68,0.0,0.002834219
25,69,0.0,0.004483672
25,70,0.0,0.003451801
25,71,0.0,0.004590816
25,72,0.0,0.0033679884
25,73,0.0,0.0027365442
25,74,0.0,0.0028473763
25,75,0.0,0.0046026483
25,76,0.0,0.0045965873
25,77,0.0,0.0033742385
25,78,0.0,0.0036653094
25,79,0.0,0.0036093509
25,80,0.0,0.004074687
25,81,0.0,0.003356901
25,82,0.0,0.003642954
25,83,0.0,0.0042691035
25,84,0.0,0.0017478103
25,85,-0.161160363476237,0.0039186887
25,86,0.0,0.003360846
25,87,0.0,0.004055093
25,88,0.0,0.0038927402
25,89,0.0,0.003958448
25,90,0.0,0.004153248
25,91,0.0,0.004592456
25,92,0.0,0.0042649526
25,93,0.0,0.0038493816
25,94,0.0,0.004245572
25,95,0.0,0.0017331205
25,96,0.0,0.0041010706
25,97,0.0,0.004552751
25,98,0.0,0.00401246
25,99,0.0,0.004370074
25,100,0.0,0.0045355354
26,1,0.173763957226666,0.004369518
26,2,0.0,0.004262561
26,3,0.0,0.004307543
26,4,0.0,0.0033748252
26,5,0.0,0.0046462566
26,6,-0.16076270964184,0.0033782264
26,7,0.0,0.0035498599
26,8,0.156875097809194,0.004436177
26,9,0.0,0.0044166353
26,10,-0.167286840951215,0.0027361792
26,11,0.0,0.0027365293
26,12,0.0,0.0028166254
26,13,0.0,0.0007387223
26,14,0.173066753350958,-0.00012823241
26,15,0.0,0.003426266
26,16,0.0,0.003610298
26,17,0.0,0.004589036
26,18,0.0,0.004544449
26,19,0.0,0.0033578295
26,20,0.0,0.0037475536
26,21,0.0,0.0041307136
26,22,0.0,0.002737075
26,23,0.0,0.0034783147
26,24,0.0,0.004232304
26,25,0.0,0.0039469935
26,26,0.0,0.048077475
26,27,0.0,0.004236526
26,28,-0.157515134377439,0.0037659556
26,29,0.0,0.002730194
26,30,0.0,0.003637868
26,31,0.0,0.0034802873
26,32,0.0,0.0034747804
26,33,0.0,0.0031522112
26,34,0.0,0.004033381
26,35,0.0,0.0033708448
26,36,0.0,0.0038995463
26,37,0.0,0.0039465167
26,38,0.0,0.0044878544
26,39,0.0,0.0043347143
26,40,0.0,0.0045157736
26,41,0.0,0.0045313677
26,42,0.0,0.0033726776
26,43,0.0,0.004374721
26,44,0.161026900523235,0.0036956966
26,45,0.0,0.0040648775
26,46,0.170709876309469,0.00351182
26,47,0.0,0.0035041403
26,48,0.160502488335082,0.004626788
26,49,0.0,0.0034527155
26,50,0.0,0.0029340042
26,51,0.0,0.0041494407
26,52,0.0,0.0036376575
26,53,0.0,0.0033760993
26,54,0.0,0.0045996793
26,55,0.0,0.0036124615
26,56,0.0,0.0041227937
26,57,0.162165528663469,0.0030142143
26,58,0.0,0.0037327204
26,59,0.0,0.0040024053
26,60,-0.17962650924089,0.00362721
26,61,0.0,0.0026632748
26,62,0.0,0.0043625813
26,63,0.0,0.004512986
26,64,0.0,0.0045598373
26,65,0.0,0.0032154778
26,66,0.0,0.0027829772
26,67,0.0,0.0034508714
26,68,-0.156883489574623,0.002481286
26,69,0.0,0.003369309
26,70,0.0,0.0036377395
26,71,0.0,0.004325185
26,72,0.0,0.0041892035
26,73,0.0,0.003328518
26,74,0.0,0.003491275
26,75,0.0,0.004612118
26,76,0.0,0.004290819
26,77,0.0,0.004425628
26,78,0.0,0.0022957576
26,79,0.0,0.0034510205
26,80,0.0,0.0045427494
26,81,0.0,0.0022033774
26,82,0.0,0.0047324058
26,83,0.0,0.0039535286
26,84,0.0,0.0041372115
26,85,0.0,0.0042302003
26,86,0.0,0.004349648
26,87,0.0,0.0043586968
26,88,0.0,0.0026014056
26,89,0.0,0.0043017818
26,90,0.0,0.003354895
26,91,0.0,0.0036377609
26,92,0.0,0.0033732504
26,93,0.0,0.0042331386
26,94,0.0,0.004548257
26,95,0.0,0.003798347
26,96,0.0,0.004468661
26,97,0.0,0.0033597583
26,98,0.0,0.0035692556
26,99,0.0,0.0036376622
26,100,0.0,0.0033663828
27,1,0.0,0.0029124822
27,2,0.0,0.0036684554
27,3,0.0,0.004233581
27,4,0.0,0.0027721776
27,5,0.178502170446722,0.003377363
27,6,0.0,0.0040501617
27,7,0.0,0.0033802437
27,8,0.0,0.0036378913
27,9,0.0,0.0032200487
27,10,0.0,0.003997462
27,11,0.190160480479542,0.0043315627
27,12,0.0,0.0014202842
27,13,0.175711434436653,0.0008743331
27,14,0.0,0.0040054563
27,15,-0.160142197479134,0.0031093527
27,16,0.0,0.004553994
27,17,0.0,0.002785875
27,18,0.0,0.0033675693
27,19,0.0,0.0040593827
27,20,0.0,0.0036578793
27,21,0.0,0.0036378587
27,22,0.0,0.002789583
27,23,-0.168334192124124,0.0037601702
27,24,0.0,0.004282275
27,25,0.0,0.0038535325
27,26,0.0,0.00419493
27,27,0.0,0.048077475
27,28,0.0,0.002803923
27,29,0.0,0.0025567869
27,30,0.181752581333828,0.0028017843
27,31,0.0,0.004620975
27,32,0.181024870270956,0.003570444
27,33,0.0,0.0027251155
27,34,0.0,0.0042429855
27,35,0.0,0.0031503895
27,36,0.183493029998136,0.003027915
27,37,0.0,0.0034950348
27,38,0.0,0.003951636
27,39,0.0,0.004425646
27,40,0.0,0.003299389
27,41,0.0,0.0034512589
27,42,0.0,0.0024861386
27,43,0.0,0.0040048603
27,44,0.0,0.0046002856
27,45,0.0,0.004415022
27,46,-0.187219132447317,0.0028455495
27,47,-0.184693127372045,0.0045480933
27,48,0.0,0.0045591304
27,49,0.0,0.003483693
27,50,0.0,0.00358292
27,51,0.0,-0.00014480576
27,52,0.0,0.0042809322
27,53,0.0,0.0044739293
27,54,0.173252645354502,0.0036137681
27,55,0.0,-5.4269098e-05
27,56,0.0,0.004280567
27,57,0.0,0.0028732
27,58,0.0,0.003993351
27,59,0.0,0.0044994177
27,60,0.196998087935198,0.0040531997
27,61,0.0,0.003637908
27,62,0.0,0.0036377907
27,63,0.184486904284847,0.0037789159
27,64,0.179234747007739,0.00352199
27,65,0.0,0.0033532353
27,66,0.0,0.0033717537
27,67,0.0,0.0034372397
27,68,0.0,0.0034191515
27,69,0.0,0.0046625333
27,70,0.0,0.0035550557
27,71,0.0,0.0039514545
27,72,0.0,0.003366243
27,73,0.0,0.0044004936
27,74,0.0,0.0029580267
27,75,0.0,0.0043415735
27,76,0.0,0.0044292696
27,77,0.0,0.0036056535
27,78,0.0,0.0044929925
27,79,0.0,0.0027218978
27,80,0.0,0.0045143766
27,81,0.0,0.002948681
27,82,0.0,0.0045480467
27,83,0.0,0.0036015846
27,84,0.0,0.003810497
27,85,0.0,0.0028376332
27,86,0.0,0.004669627
27,87,0.0,0.0034539597
27,88,0.0,0.0043261377
27,89,0.0,0.0045689885
27,90,0.0,0.004543434
27,91,0.176420786383006,0.0025102096
27,92,0.0,0.0040015643
27,93,0.0,0.0031865211
27,94,0.0,0.004263873
27,95,0.0,0.0034702318
27,96,0.0,0.0032196362
27,97,0.0,0.0042105895
27,98,0.0,0.0032119397
27,99,0.0,0.004485786
27,100,0.0,0.0046892883
28,1,0.0,0.003722433
28,2,0.0,0.003355856
28,3,0.0,0.0033683144
28,4,0.0,0.0043021906
28,5,0.0,0.0040160567
28,6,0.0,0.0034288298
28,7,0.0,0.002616778
28,8,0.0,0.0044163205
28,9,-0.169205051147787,0.003603749
28,10,0.0,0.003206727
28,11,0.0,0.0043380493
28,12,0.0,0.0037076334
28,13,0.0,0.002860845
28,14,0.0,0.0027218545
28,15,0.0,0.004246883
28,16,0.0,0.002552637
28,17,0.0,0.004435856
28,18,0.0,0.004576278
28,19,0.0,0.0030268617
28,20,0.158212936819403,0.0041637374
28,21,0.0,0.0029480755
28,22,0.0,0.0035130512
28,23,0.0,0.0036046244
28,24,0.0,0.0037550284
28,25,0.0,0.0033707255
28,26,0.0,0.0035117362
28,27,0.0,0.0028038486
28,28,0.0,0.048077475
28,29,0.0,0.0027143653
28,30,0.0,0.0042660506
28,31,0.0,0.004331086
28,32,0.0,0.0037568174
28,33,0.0,0.0043079173
28,34,0.0,0.003787268
28,35,0.1628212083629,0.0035937037
28,36,0.0,0.0033341376
28,37,0.0,0.0045072865
28,38,0.0,0.0010211188
28,39,0.0,0.004204451
28,40,0.0,0.0033922903
28,41,0.0,0.0040466376
28,42,0.177940011951704,0.0041227182
28,43,0.0,0.0037949812
28,44,0.0,0.0034656087
28,45,0.0,0.0034523895
28,46,0.0,0.0033753356
28,47,0.0,0.004098854
28,48,0.158738684277973,0.0034205448
28,49,0.0,0.004142219
28,50,0.0,0.0036377534
28,51,0.0,0.0045768544
28,52,0.0,0.0037680687
28,53,0.0,0.0028531794
28,54,-0.156238945875175,0.004602571
28,55,0.0,0.003739534
28,56,0.0,0.003453088
28,57,0.0,0.0042262655
28,58,0.0,0.003953738
28,59,0.0,0.00420573
28,60,0.0,0.0034673102
28,61,0.0,0.004607033
28,62,0.0,0.0039666723
28,63,0.0,0.004607849
28,64,0.0,0.0043971157
28,65,0.0,0.003494829
28,66,0.0,0.0034668418
28,67,0.0,0.0043657003
28,68,0.0,0.003425993
28,69,0.0,0.003114867
28,70,0.0,0.0036376622
28,71,0.0,0.0039134882
28,72,0.158281715842011,0.0034606848
28,73,0.0,0.0036378186
28,74,0.0,0.0034527667
28,75,0.0,0.0040415535
28,76,0.0,0.0033734841
28,77,0.0,0.0039495984
28,78,0.0,0.0042355945
28,79,0.0,0.0043267924
28,80,0.0,0.0024349792
28,81,0.0,0.003915107
28,82,0.0,0.0030981991
28,83,0.0,0.003945945
28,84,0.0,0.0034804149
28,85,0.0,0.0025647827
28,86,0.0,0.0042536557
28,87,0.0,0.003756756
28,88,0.0,0.0012653363
28,89,0.0,0.0033679698
28,90,0.0,0.002810923
28,91,0.0,0.004101797
28,92,0.0,0.003441983
28,93,0.0,0.003554741
28,94,0.0,0.0042049736
28,95,0.0,0.004026035
28,96,0.0,0.004004702
28,97,0.0,0.0036240472
28,98,0.0,0.0042582788
28,99,0.0,0.0030491324
28,100,0.0,0.0018687574
29,1,0.0,0.0029694159
29,2,0.0,0.0036378466
29,3,0.0,0.0042577973
29,4,0.0,0.0021697497
29,5,0.0,0.0033703344
29,6,0.0,0.004546961
29,7,0.0,0.0044307727
29,8,0.0,0.004651809
29,9,0.1728197779879,0.0005633966
29,10,0.0,0.0033526178
29,11,0.0,0.004296204
29,12,0.0,0.0036376892
29,13,0.0,0.0035552494
29,14,0.0,0.0033734646
29,15,0.0,0.00454651
29,16,0.0,0.0036378661
29,17,0.151820692874937,0.0023011505
29,18,0.176157421906964,0.0027884273
29,19,0.0,0.0033693993
29,20,0.0,0.0033910573
29,21,0.0,0.004280678
29,22,0.0,0.0045455033
29,23,0.0,0.003541314
29,24,0.0,0.0032278346
29,25,0.0,0.004229921
29,26,0.0,0.0027420274
29,27,0.167720481476701,0.002487572
29,28,0.0,0.0026637
29,29,0.201040533138439,0.048077475
29,30,0.0,0.0031913081
29,31,0.0,0.0044666724
29,32,0.167078690948437,0.00469759
29,33,0.0,0.003373392
29,34,0.0,0.0039646225
29,35,0.0,0.0025485638
29,36,0.0,0.0041420553
29,37,0.166795946931328,0.0044185277
29,38,0.0,0.0027366108
29,39,0.0,0.0028604567
29,40,0.0,0.004057523
29,41,0.0,0.004074638
29,42,0.0,0.0034821136
29,43,0.0,0.004188383
29,44,0.0,0.0033685165
29,45,0.0,0.0036378708
29,46,0.0,0.003929303
29,47,0.0,0.00453516
29,48,0.162463636348993,0.0036901813
29,49,0.0,0.0039810482
29,50,0.0,0.003452952
29,51,0.0,0.0033498602
29,52,0.0,0.0025835363
29,53,0.0,0.0034327442
29,54,0.0,0.0033560386
29,55,0.0,0.0028517717
29,56,0.0,0.0037909448
29,57,0.0,0.002545379
29,58,0.0,0.0034776907
29,59,0.0,0.0033917539
29,60,0.0,0.0030112425
29,61,0.0,0.003647115
29,62,0.0,0.0033522155
29,63,0.0,0.004218934
29,64,0.0,0.0027771727
29,65,0.0,0.004089673
29,66,0.0,0.003082553
29,67,0.0,0.0033673905
29,68,0.0,0.0033754483
29,69,0.0,0.0034754723
29,70,0.0,0.0036210464
29,71,0.0,0.0045724316
29,72,0.0,0.003683948
29,73,0.0,0.0036377218
29,74,0.0,0.0027048467
29,75,0.0,0.0034856666
29,76,0.0,0.003451676
29,77,0.0,0.0035563465
29,78,0.0,0.0039471053
29,79,0.0,0.0024871202
29,80,0.0,0.0042385114
29,81,0.0,0.0042187655
29,82,0.164454528737992,0.004308682
29,83,0.0,0.0043656174
29,84,0.0,0.004563966
29,85,0.0,0.004007059
29,86,0.0,0.00464698
29,87,0.0,0.002786329
29,88,0.0,0.0035741087
29,89,-0.170931011307323,0.0036377553
29,90,0.0,0.0033831121
29,91,0.0,0.0042916304
29,92,0.0,0.0042805774
29,93,0.0,0.003953479
29,94,0.0,0.0033761216
29,95,0.0,0.003267155
29,96,0.0,0.0043133795
29,97,0.0,0.0034907833
29,98,0.0,0.004657603
29,99,0.0,0.0019538333
29,100,0.0,0.0046241377
30,1,0.0,0.0027613635
30,2,0.0,0.0042262226
30,3,0.0,0.0035158908
30,4,0.0,0.0039906045
30,5,0.0,0.003165016
30,6,0.0,0.0033756206
30,7,0.0,0.0030004187
30,8,0.0,0.002065475
30,9,0.0,0.0046864375
30,10,0.0,0.004626071
30,11,0.0,0.0007342547
30,12,0.0,0.003414129
30,13,0.0,0.0028782059
30,14,0.187778655661034,0.0045681354
30,15,0.0,0.0033719782
30,16,0.0,0.00083796494
30,17,0.0,0.004158344
30,18,0.200053466594914,0.0034962157
30,19,0.0,0.0034924205
30,20,0.183513174192815,0.0033667982
30,21,0.0,0.0034643663
30,22,0.0,0.0036377562
30,23,0.0,0.0026719505
30,24,0.0,0.0033712368
30,25,0.0,0.003433967
30,26,0.0,0.0036377553
30,27,0.0,0.0027973019
30,28,0.0,0.004575381
30,29,0.0,0.003449155
30,30,-0.162192234769464,0.048077475
30,31,0.187423939654562,-0.00019739429
30,32,0.0,4.1290186e-05
30,33,0.0,0.0027879546
30,34,-0.159780389607526,0.0026606293
30,35,0.0,0.00473198
30,36,0.0,0.004507157
30,37,0.0,0.0046279756
30,38,0.0,0.004070321
30,39,0.0,0.0034513688
30,40,0.0,0.0038849637
30,41,0.0,0.004545576
30,42,0.0,0.0034770556
30,43,0.0,0.0035701795
30,44,0.0,0.00433541
30,45,0.0,0.002198441
30,46,0.0,0.0030265478
30,47,0.0,0.004475561
30,48,0.0,0.0042942073
30,49,0.0,0.004650331
30,50,0.0,0.003796257
30,51,0.0,0.0005075359
30,52,0.0,0.0006415895
30,53,0.0,0.004608879
30,54,0.0,0.0045112493
30,55,0.16366327614454,0.0045072464
30,56,0.0,0.0040021576
30,57,-0.168743194869839,0.0044855736
30,58,0.158375566101736,0.0043007154
30,59,0.0,0.004460832
30,60,0.0,0.004394981
30,61,0.0,0.0044857766
30,62,0.0,0.004300289
30,63,0.0,0.004496283
30,64,0.0,0.0035483576
30,65,0.156023510701122,0.004497258
30,66,0.0,0.004051687
30,67,0.0,0.0039913757
30,68,0.0,0.0032910062
30,69,0.0,0.003917656
30,70,0.0,0.0039872024
30,71,0.0,0.003714444
30,72,0.0,0.002803252
30,73,0.0,0.0030843876
30,74,0.0,0.004144132
30,75,0.0,0.0032170555
30,76,0.0,0.0043812403
30,77,0.0,0.0044243764
30,78,0.0,0.0032424508
30,79,0.0,0.003502654
30,80,0.0,0.0041624354
30,81,0.0,0.004595414
30,82,0.0,0.0027323486
30,83,0.0,0.003656718
30,84,0.0,0.0036096526
30,85,0.0,0.0046741245
30,86,0.151361135303602,0.003892446
30,87,0.0,0.004544325
30,88,0.158619248800263,0.0010855496
30,89,0.175717164925525,0.0041044587
30,90,0.0,0.0042534135
30,91,0.0,0.0026666154
30,92,0.0,0.0032141292
30,93,0.0,0.0029995358
30,94,0.0,0.0040209293
30,95,0.0,0.0045949295
30,96,0.0,0.0017452938
30,97,0.0,0.0036377553
30,98,0.0,0.0025116173
30,99,0.0,0.004512867
30,100,0.0,0.0035165641
31,1,0.0,0.003637907
31,2,0.0,0.002721812
31,3,0.0,0.0040524257
31,4,0.0,0.0038021663
31,5,0.0,0.0025113751
31,6,0.0,0.0045088585
31,7,0.0,0.0041997815
31,8,0.0,0.0044729514
31,9,0.0,0.0027496726
31,10,0.0,0.0044342326
31,11,0.0,0.004593564
31,12,0.171815154867951,0.0029889597
31,13,0.0,0.004551282
31,14,0.0,0.0045356555
31,15,0.0,0.0032141488
31,16,0.0,0.00426412
31,17,0.0,0.0036377823
31,18,0.0,0.0037497925
31,19,0.0,0.003637854
31,20,0.0,0.0045602173
31,21,0.0,0.0022980608
31,22,-0.172935112294091,0.004020025
31,23,-0.160256179128463,0.0025330065
31,24,0.175779747339156,0.0036248853
31,25,0.0,0.0036950447
31,26,0.0,0.0036376528
31,27,0.0,0.0046002176
31,28,0.0,0.0045149717
31,29,0.0,0.004524866
31,30,0.0,0.00083368365
31,31,0.0,0.048077475
31,32,0.0,0.0044501675
31,33,0.0,0.0046240576
31,34,0.0,0.0045927726
31,35,0.0,0.0033133207
31,36,0.0,0.0039845277
31,37,0.0,0.0041512065
31,38,0.0,0.003423404
31,39,0.0,0.0039315056
31,40,0.202721849059517,0.0036755279
31,41,0.0,0.004000758
31,42,0.0,0.0033419123
31,43,0.0,0.0033388883
31,44,0.0,0.0033563823
31,45,0.0,0.0027615577
31,46,0.0,0.004164614
31,47,0.0,0.0033662943
31,48,0.0,0.0031912988
31,49,0.0,0.0042714644
31,50,0.0,0.0038542617
31,51,0.0,0.0034998842
31,52,0.0,0.0033176178
31,53,0.0,0.0033698846
31,54,0.0,0.004123845
31,55,0.0,0.003445874
31,56,0.0,0.0043288134
31,57,0.0,0.0027533537
31,58,0.0,0.004626438
31,59,0.0,0.0037609488
31,60,-0.203145162914715,0.0042280564
31,61,0.0,0.0038950369
31,62,0.187331415695032,0.003138667
31,63,0.0,0.0043618204
31,64,-0.184827539508111,0.0033682995
31,65,0.0,0.0045227297
31,66,0.0,0.0032621557
31,67,0.0,0.0025402615
31,68,0.0,0.0045105806
31,69,0.0,0.0039998097
31,70,-0.188649560421172,0.0034272345
31,71,0.0,0.0038949978
31,72,0.0,0.004321048
31,73,0.0,0.003375493
31,74,0.0,0.0041958215
31,75,0.0,0.0039085485
31,76,0.0,0.0037212186
31,77,0.0,0.0035673678
31,78,0.0,0.004506698
31,79,0.0,0.004570417
31,80,0.0,0.002920528
31,81,0.175206918260453,0.004213322
31,82,0.0,0.002797177
31,83,0.0,0.0039685285
31,84,0.0,0.0027210237
31,85,0.0,0.004307542
31,86,0.0,0.0028097387
31,87,0.0,0.0037124688
31,88,0.0,0.0045482526
31,89,0.0,0.0026855413
31,90,0.0,0.004019412
31,91,0.0,0.0036378838
31,92,0.0,0.004156436
31,93,0.0,0.0043921005
31,94,0.0,0.0035160296
31,95,0.0,0.0025120205
31,96,0.0,0.003081874
31,97,0.0,0.0033659842
31,98,0.0,0.0043938225
31,99,0.0,0.0035810033
31,100,0.0,0.0027365168
32,1,0.0,0.0031954842
32,2,0.0,0.0047348635
32,3,0.0,0.0028387858
32,4,0.0,0.002809363
32,5,0.0,0.0045373924
32,6,0.0,0.0027373116
32,7,0.0,0.004298945
32,8,0.0,0.0033523142
32,9,0.0,0.0009959107
32,10,0.0,0.003420489
32,11,0.0,0.0010191267
32,12,0.0,0.0033902042
32,13,0.0,0.0034052283
32,14,0.0,0.0034333589
32,15,0.0,0.0036377227
32,16,0.0,0.004280215
32,17,0.0,0.004546061
32,18,0.0,0.004257502
32,19,0.0,0.0035558017
32,20,0.1602537592509,0.0043382375
32,21,0.0,0.0027379664
32,22,0.0,0.004289752
32,23,0.0,0.0033440338
32,24,0.0,0.0045887027
32,25,0.0,0.0039472627
32,26,0.162464798699964,0.003499996
32,27,0.166330623305982,0.003635575
32,28,0.0,0.0041275388
32,29,0.0,0.0040435363
32,30,0.0,0.00053313095
32,31,0.0,0.0045383777
32,32,-0.772528250468895,0.048077475
32,33,0.0,0.0033715945
32,34,0.0,0.0045673754
32,35,0.0,0.0005545872
32,36,0.0,0.0036197854
32,37,0.0,0.003974909
32,38,0.0,0.0040036477
32,39,0.0,0.004637683
32,40,0.0,0.0042358115
32,41,0.0,0.0043518413
32,42,0.186465285951336,0.0027290005
32,43,0.0,0.004573039
32,44,0.0,0.0045863325
32,45,0.0,0.004228035
32,46,0.0,0.004421044
32,47,-0.17453580643424,0.0041904524
32,48,0.0,0.0037967954
32,49,0.173187254228862,0.0026089149
32,50,0.0,0.0041687805
32,51,0.0,0.0018428247
32,52,0.0,-0.00012285542
32,53,0.0,0.0033178441
32,54,0.0,0.004330228
32,55,0.0,0.0024824939
32,56,0.0,0.003924163
32,57,0.0,0.0039534215
32,58,0.0,0.0029539112
32,59,0.156373956343969,0.0040508034
32,60,0.0,0.0029613273
32,61,0.0,0.0027181609
32,62,0.0,0.00419846
32,63,0.0,0.002314039
32,64,0.0,0.003356521
32,65,0.0,0.0025068931
32,66,0.0,0.0034510223
32,67,-0.16775255694471,0.00033314666
32,68,0.0,0.0034864182
32,69,0.0,0.0038186982
32,70,0.0,0.0045541776
32,71,0.0,0.0040139407
32,72,0.0,0.004565659
32,73,0.0,0.0034533264
32,74,0.0,0.004552939
32,75,0.0,0.0026694676
32,76,0.0,-3.9115548e-05
32,77,0.0,0.0042755045
32,78,0.0,0.004478812
32,79,0.171366565735391,0.0034525432
32,80,0.0,0.0045349626
32,81,0.0,0.0043506008
32,82,0.0,0.0043253843
32,83,0.0,0.0028653885
32,84,0.0,0.0035124281
32,85,-0.171952154437997,0.0046004523
32,86,0.0,0.0028439686
32,87,0.0,0.004517451
32,88,0.0,0.0025125612
32,89,0.0,0.0033724355
32,90,0.0,0.003492226
32,91,0.0,0.0043058805
32,92,0.0,0.0044959513
32,93,0.0,0.004185998
32,94,0.0,0.0043590385
32,95,0.0,0.0030974513
32,96,0.0,0.004541849
32,97,0.0,0.0042961165
32,98,0.0,0.0027948883
32,99,0.0,0.004513028
32,100,0.176330034584332,0.0045056734
33,1,0.0,0.004174073
33,2,0.0,0.0025092503
33,3,0.0,0.001895206
33,4,0.0,0.004524434
33,5,0.0,0.0032430124
33,6,0.0,0.0034599518
33,7,0.0,0.0037192898
33,8,0.0,0.0044196164
33,9,0.0,0.0035750559
33,10,0.0,0.004494382
33,11,0.0,0.004323108
33,12,0.0,0.0040138774
33,13,0.0,0.0042436365
33,14,0.0,0.003057967
33,15,0.0,0.0035749627
33,16,0.0,0.0031165788
33,17,0.0,0.0036125276
33,18,0.0,0.0042374544
33,19,0.0,0.0035063513
33,20,0.0,0.0032784157
33,21,0.0,0.0036378084
33,22,0.0,0.0046309493
33,23,0.0,0.0042882217
33,24,0.0,0.004097618
33,25,0.0,0.0033141896
33,26,0.0,0.004550865
33,27,0.0,0.0027509206
33,28,0.0,0.004016321
33,29,0.0,0.0036378624
33,30,0.0,0.0027939952
33,31,0.0,0.0042588804
33,32,0.0,0.0034848023
33,33,0.0,0.048077475
33,34,-0.160689017281227,0.0041755037
33,35,0.0,0.0039573163
33,36,0.0,0.0036376566
33,37,0.0,0.00342556
33,38,0.0,0.004228292
33,39,0.0,0.0034310576
33,40,0.0,0.004083827
33,41,0.0,0.003386137
33,42,0.0,0.0037708348
33,43,-0.170834508056643,0.0043389285
33,44,0.0,0.0045828316
33,45,0.0,0.0039775427
33,46,0.0,0.0039740214
33,47,0.0,0.002631587
33,48,0.0,0.0029821768
33,49,0.0,0.004657116
33,50,0.0,0.002964126
33,51,0.0,0.0039467
33,52,0.0,0.0042229993
33,53,0.0,0.0030494696
33,54,0.0,0.0034698574
33,55,0.0,0.0034530405
33,56,0.0,0.003620904
33,57,0.0,0.0033748867
33,58,0.0,0.0033731144
33,59,0.0,0.0033506658
33,60,0.0,0.004327927
33,61,0.0,0.0033578388
33,62,0.0,0.0038174726
33,63,0.0,0.002647874
33,64,0.0,0.004669886
33,65,0.0,0.003175307
33,66,0.0,0.0046640765
33,67,0.0,0.003954162
33,68,0.0,0.004334024
33,69,0.0,0.0036378894
33,70,0.0,0.004300407
33,71,0.0,0.0033997707
33,72,0.0,0.0040241536
33,73,0.0,0.0030692052
33,74,0.179534664477765,0.0034982134
33,75,0.0,0.0037487708
33,76,0.0,0.0033704834
33,77,0.0,0.004507141
33,78,0.0,0.004314623
33,79,0.0,0.004581022
33,80,0.0,0.0040960927
33,81,0.0,0.0033662962
33,82,0.0,0.004191084
33,83,0.0,0.00407801
33,84,0.0,0.0042891093
33,85,0.0,0.004147983
33,86,-0.152221884965044,0.0032886285
33,87,0.0,0.0034561818
33,88,0.0,0.0013139793
33,89,0.0,0.0031470656
33,90,0.0,0.003464846
33,91,0.0,0.0033746148
33,92,0.0,0.0040408503
33,93,0.0,0.0037700757
33,94,0.0,0.0017559552
33,95,0.0,0.004384529
33,96,0.160412869020534,0.0033948487
33,97,0.0,0.003723422
33,98,0.0,0.0038081966
33,99,0.0,0.003494734
33,100,0.0,0.003572044
34,1,0.0,0.0029983819
34,2,0.0,0.004384551
34,3,0.0,0.0039362684
34,4,0.0,0.0041500237
34,5,0.0,0.0040286006
34,6,0.0,0.003488673
34,7,0.0,0.0034551928
34,8,0.0,0.0028066682
34,9,0.0,0.0045887474
34,10,0.0,0.0025383458
34,11,0.0,0.003136484
34,12,0.0,0.0045883004
34,13,0.0,0.004066065
34,14,0.0,0.0035892958
34,15,0.0,0.004542603
34,16,0.0,0.0045920694
34,17,0.0,0.004457038
34,18,0.180829957979045,0.0039486103
34,19,0.0,0.0028410475
34,20,0.0,0.003831421
34,21,0.0,0.0032141712
34,22,0.0,0.0041594543
34,23,0.0,0.0045520375
34,24,0.0,0.0031767003
34,25,0.0,0.0045059696
34,26,0.0,0.003847207
34,27,0.0,0.0042812917
34,28,0.0,0.0039248224
34,29,0.0,0.0040011415
34,30,0.0,0.0026728697
34,31,0.163907181011034,0.0045700977
34,32,0.0,0.0044749407
34,33,0.0,0.0014953101
34,34,0.381676068296656,0.048077475
34,35,0.0,0.003992169
34,36,0.0,0.0040371427
34,37,-0.158871341395869,0.0039915442
34,38,0.0,0.0046271896
34,39,0.0,0.0038296003
34,40,0.0,0.0016237036
34,41,0.0,0.0038200133
34,42,0.0,0.0032850541
34,43,0.0,0.0039351126
34,44,0.15525046247852,0.0033180304
34,45,0.0,0.004579004
34,46,-0.164586085682447,0.0036957571
34,47,0.0,0.0020368285
34,48,0.0,0.0039884886
34,49,-0.161110933194501,0.0035552643
34,50,0.0,0.0042671897
34,51,0.0,0.004597023
34,52,0.0,0.0029506627
34,53,0.0,0.0036110003
34,54,0.0,0.00354233
34,55,0.0,0.004627358
34,56,0.0,0.004504893
34,57,0.0,0.0027210019
34,58,0.0,0.0047362354
34,59,0.0,0.0031667259
34,60,0.0,0.00467478
34,61,0.0,0.0036376556
34,62,0.159701512200889,0.0033686496
34,63,0.0,0.0046083955
34,64,0.0,0.004586148
34,65,0.0,0.002865836
34,66,0.0,0.0042731753
34,67,0.0,0.002822251
34,68,0.0,0.0013418719
34,69,0.0,0.0030094162
34,70,0.0,0.0032064188
34,71,0.0,0.0035671499
34,72,0.0,0.0035399478
34,73,0.0,0.004043977
34,74,0.0,0.004514303
34,75,0.0,0.0031996835
34,76,0.0,0.0038976185
34,77,0.0,0.003214538
34,78,0.0,0.0033725956
34,79,0.0,0.003367301
34,80,0.0,0.003984797
34,81,0.0,0.003372644
34,82,0.0,0.0041258913
34,83,0.0,0.004007401
34,84,0.0,0.003567594
34,85,0.0,0.004513868
34,86,0.0,0.0038305474
34,87,0.0,0.004500596
34,88,0.0,0.0033688825
34,89,0.0,0.0031951452
34,90,0.0,0.0045627095
34,91,0.0,0.0045355894
34,92,0.0,0.0028976258
34,93,0.0,0.0040741153
34,94,0.0,0.002992509
34,95,0.0,0.0035457034
34,96,0.0,0.0035268199
34,97,0.0,0.0035623023
34,98,-0.157489855221743,0.0037547415
34,99,0.0,0.004626776
34,100,0.0,0.0041468395
35,1,0.0,0.003619548
35,2,0.0,0.0034069885
35,3,0.160524051282731,0.0046302974
35,4,0.0,0.0033986978
35,5,0.0,0.0026873304
35,6,0.0,0.0038638823
35,7,0.0,0.003617893
35,8,0.0,0.0034331921
35,9,0.0,0.0044631083
35,10,0.0,0.0036376752
35,11,0.169475531961049,0.0031493455
35,12,0.0,0.00414599
35,13,0.0,0.0033678617
35,14,0.0,0.004109919
35,15,0.0,0.0031992756
35,16,0.0,0.0026020603
35,17,0.0,0.0033754325
35,18,0.0,0.0042956527
35,19,0.0,0.0044629816
35,20,0.0,0.0044635553
35,21,0.0,0.004028124
35,22,0.0,0.003513934
35,23,0.0,0.0027388306
35,24,0.0,0.0043168757
35,25,0.0,0.003217155
35,26,0.0,0.003563079
35,27,0.0,0.0028147139
35,28,0.0,0.0035865214
35,29,0.0,0.002722106
35,30,0.0,0.004256758
35,31,0.0,0.0027561407
35,32,0.0,0.0022843918
35,33,0.0,0.0040069316
35,34,0.0,0.0026497953
35,35,0.0,0.048077475
35,36,0.0,0.0028437
35,37,0.0,0.003585726
35,38,0.0,0.0038315188
35,39,0.0,0.0039638802
35,40,0.0,0.0045199916
35,41,0.0,0.0033698333
35,42,0.0,0.0029864097
35,43,0.168746138180191,0.0041306326
35,44,0.0,0.0029852455
35,45,0.0,0.004250777
35,46,0.0,0.0028122724
35,47,0.0,0.0036253426
35,48,0.0,0.0038843993
35,49,0.0,0.004559923
35,50,0.0,0.004233324
35,51,0.0,0.0034785047
35,52,0.0,0.004240405
35,53,0.0,0.004240364
35,54,-0.163296538630091,0.003579856
35,55,0.0,0.004577553
35,56,0.0,0.003639671
35,57,0.16762825639678,0.003461685
35,58,0.0,0.0035356954
35,59,0.0,0.003863982
35,60,0.0,0.004066026
35,61,0.0,0.0044362443
35,62,0.0,0.0045233592
35,63,0.0,0.004553032
35,64,0.0,0.004554594
35,65,0.0,0.0039682724
35,66,0.0,0.0046493653
35,67,0.0,0.004242331
35,68,0.0,0.002607041
35,69,0.0,0.004380351
35,70,0.172428252726929,0.0034563178
35,71,0.0,0.0027212272
35,72,0.0,0.002991477
35,73,0.0,0.003819623
35,74,0.0,0.0025770431
35,75,0.0,0.002613985
35,76,0.0,0.0035014693
35,77,0.0,0.0040960964
35,78,0.0,0.004132852
35,79,0.0,0.0045135394
35,80,0.0,0.0037208013
35,81,0.0,0.0033312626
35,82,0.0,0.004073331
35,83,0.0,0.0034719007
35,84,0.0,0.003204436
35,85,0.171502685337639,0.0033254046
35,86,0.150361045473574,0.0022579562
35,87,-0.155822957907717,0.0036150347
35,88,0.0,0.0044882977
35,89,0.0,0.0038407668
35,90,0.0,0.0035809446
35,91,0.0,0.0036555957
35,92,0.0,0.00460805
35,93,0.0,0.0034570657
35,94,-0.160190552963076,0.00364275
35,95,0.0,0.0036045816
35,96,0.0,0.004242815
35,97,0.0,0.0035861433
35,98,0.0,0.002885295
35,99,0.0,0.0025114343
35,100,0.0,0.004030262
36,1,0.0,0.0036240825
36,2,0.0,0.0025238898
36,3,0.0,0.004494584
36,4,0.0,0.0033269525
36,5,0.0,0.0035698246
36,6,0.0,0.004557905
36,7,0.0,0.002137837
36,8,0.0,-0.00031982735
36,9,0.0,0.0027995245
36,10,0.162599283740342,0.0024947897
36,11,0.0,0.0037347563
36,12,0.0,0.0033844942
36,13,0.0,0.0041556424
36,14,0.0,0.004607167
36,15,0.0,0.004305088
36,16,0.0,0.0045898724
36,17,0.0,0.00018836372
36,18,0.0,0.0034746667
36,19,0.0,0.0027299002
36,20,0.0,0.004228765
36,21,0.0,0.0041412767
36,22,0.0,0.0025121118
36,23,0.0,0.0027447776
36,24,0.0,0.00399046
36,25,-0.164709840605851,0.004344416
36,26,0.0,0.0038658231
36,27,0.0,0.0030364646
36,28,0.0,0.0020135408
36,29,0.0,0.00429965
36,30,0.0,0.004300358
36,31,0.0,0.0040667914
36,32,0.0,0.003557967
36,33,0.0,0.0035472158
36,34,0.0,0.0042096497
36,35,0.0,0.003195078
36,36,0.141930064186454,0.048077475
36,37,0.0,0.004466256
36,38,0.0,0.0044488404
36,39,0.0,0.0036378233
36,40,0.0,0.0038501276
36,41,0.0,0.0042554196
36,42,0.0,0.0045141345
36,43,0.0,0.002507296
36,44,0.0,0.0027266475
36,45,0.0,0.00421888
36,46,0.0,0.0038612457
36,47,0.0,0.0034520999
36,48,0.0,0.0029737633
36,49,0.0,0.0036367392
36,50,0.0,0.0036377488
36,51,0.0,0.0052021313
36,52,0.0,0.0040771877
36,53,0.0,0.004341319
36,54,0.0,0.0007417514
36,55,0.0,0.0046057105
36,56,0.0,0.003863968
36,57,0.0,0.0036344482
36,58,0.0,0.0045579746
36,59,0.0,0.0045429245
36,60,0.0,0.00433439
36,61,0.0,0.0031732703
36,62,0.0,0.003952535
36,63,0.0,0.004231615
36,64,0.1716869700532,0.0035865512
36,65,0.0,0.0034530126
36,66,0.0,0.0036378838
36,67,0.0,0.0035005193
36,68,0.0,0.003954188
36,69,0.0,0.0026649223
36,70,0.0,0.004495711
36,71,0.0,0.0030526724
36,72,0.0,0.0044486886
36,73,-0.166369324464698,0.0035789292
36,74,0.0,0.003209888
36,75,0.176091495253219,0.0035075853
36,76,0.0,0.0045243585
36,77,0.167280028966499,0.0033840407
36,78,0.0,0.0043286905
36,79,0.0,0.0028359946
36,80,0.0,0.00424718
36,81,0.0,0.002868521
36,82,0.0,0.0022080839
36,83,0.0,0.0024864678
36,84,0.0,0.0034168195
36,85,0.0,0.003936543
36,86,0.0,0.0030889437
36,87,0.0,0.004565092
36,88,0.0,0.003546331
36,89,0.177399818909013,0.003377379
36,90,0.0,0.003863616
36,91,0.0,0.0027852887
36,92,0.0,0.0045931637
36,93,0.0,0.003121782
36,94,0.0,0.004576819
36,95,0.0,6.8258494e-05
36,96,0.0,0.004016215
36,97,0.0,0.0035962285
36,98,0.0,0.003506938
36,99,0.0,0.0035483334
36,100,0.0,0.0031365994
37,1,-0.154292719052193,0.0035472643
37,2,0.0,0.004308141
37,3,0.0,0.003496807
37,4,0.0,0.0029696226
37,5,0.0,0.0038287183
37,6,0.0,0.0029847259
37,7,0.0,0.0043078475
37,8,0.0,0.0029030247
37,9,0.0,0.003637801
37,10,0.0,0.0039390996
37,11,0.0,0.003451379
37,12,0.0,0.004264241
37,13,0.0,0.0042414293
37,14,0.0,0.0045663593
37,15,0.0,0.0029505016
37,16,0.0,0.004023739
37,17,0.0,0.0047077853
37,18,0.0,0.0035645934
37,19,0.0,0.0042784913
37,20,0.0,0.004715939
37,21,0.0,0.00462587
37,22,0.0,0.004668586
37,23,0.0,0.0031716926
37,24,0.0,0.0037582768
37,25,0.0,0.0028484925
37,26,0.0,0.004565494
37,27,0.0,0.0034060031
37,28,0.0,0.004059675
37,29,0.0,0.0043294746
37,30,0.165197713522583,0.0045267483
37,31,0.0,0.004060056
37,32,0.0,0.003433168
37,33,0.0,0.0036319066
37,34,0.0,0.003988675
37,35,0.0,0.0033986438
37,36,0.0,0.0046674376
37,37,0.0,0.048077475
37,38,0.0,0.003342418
37,39,0.0,0.00015857164
37,40,0.0,0.003622802
37,41,0.0,0.0038756495
37,42,0.0,0.0034780232
37,43,0.0,0.0035231067
37,44,0.0,0.003451703
37,45,0.0,0.00289693
37,46,0.0,0.0039257593
37,47,0.0,0.00044191116
37,48,0.0,0.003784866
37,49,0.0,0.0036197407
37,50,0.0,0.004277153
37,51,0.0,0.0030916072
37,52,-0.178345343511582,0.002608132
37,53,0.0,0.0028073858
37,54,0.0,0.0035382006
37,55,0.0,0.0034424597
37,56,0.0,0.0032789614
37,57,0.0,0.00305528
37,58,0.0,0.004726194
37,59,0.0,0.0034409221
37,60,0.0,0.002834721
37,61,0.0,0.0043372074
37,62,0.0,0.0044854283
37,63,0.0,0.0045410255
37,64,0.0,0.0033692848
37,65,0.0,0.004508443
37,66,0.0,0.0035328688
37,67,0.0,0.0043192506
37,68,0.0,0.004284311
37,69,0.0,0.0034191515
37,70,0.0,0.0013516992
37,71,0.0,0.0034838775
37,72,0.0,0.0045126937
37,73,0.0,0.00443116
37,74,0.0,0.0034005968
37,75,0.0,0.0036378559
37,76,0.0,0.004601759
37,77,0.0,0.004448944
37,78,0.0,0.004226164
37,79,0.0,0.0023282366
37,80,0.0,0.004517897
37,81,0.0,0.0045793336
37,82,0.0,0.0045608105
37,83,0.0,0.0046894066
37,84,0.0,0.0035490273
37,85,0.0,0.004481625
37,86,0.0,0.0033947872
37,87,0.0,0.0033706054
37,88,0.0,0.0036376836
37,89,0.174717446656435,0.0028026756
37,90,0.0,0.0025266688
37,91,0.0,0.0041490123
37,92,0.0,0.004395676
37,93,0.0,0.0027984376
37,94,-0.160338577752894,0.00043810206
37,95,0.0,0.003939937
37,96,0.158598316858519,0.0036537712
37,97,0.0,0.0033727698
37,98,0.0,0.0029631471
37,99,0.0,0.0030492283
37,100,0.176031634698432,0.002997405
38,1,0.0,0.002722547
38,2,0.0,0.0030255103
38,3,0.0,0.003575976
38,4,0.0,0.003368185
38,5,0.0,0.003008212
38,6,0.0,0.0027858661
38,7,0.0,0.002721507
38,8,0.0,0.004220712
38,9,0.0,0.0033388184
38,10,0.0,0.0025824057
38,11,0.0,0.0034821667
38,12,0.0,0.0033699172
38,13,0.0,0.004518262
38,14,0.0,0.0042898823
38,15,0.0,0.003376972
38,16,0.0,0.003590539
38,17,0.149841891645742,0.0037300717
38,18,0.0,0.0045056213
38,19,0.0,0.0029403735
38,20,0.159486669691059,0.00363612
38,21,0.0,0.0034169126
38,22,0.0,0.0044723162
38,23,0.0,0.0041923625
38,24,0.0,0.0025439789
38,25,0.0,0.0039323894
38,26,0.0,0.0042850813
38,27,0.0,0.0028946353
38,28,0.0,0.0039046602
38,29,0.0,0.0027869316
38,30,0.0,0.0033691302
38,31,0.0,0.0036292681
38,32,0.0,0.003369742
38,33,0.0,0.004295688
38,34,0.0,0.0042889006
38,35,0.0,0.0036074612
38,36,-0.157156478356129,0.003991626
38,37,-0.143569164917894,0.0028621657
38,38,0.0,0.048077475
38,39,0.160874729371762,0.0027349023
38,40,0.0,0.0046012327
38,41,0.0,0.0028669778
38,42,0.186492604705096,0.004237267
38,43,0.0,0.0034749582
38,44,0.0,0.0036377013
38,45,0.0,0.00250792
38,46,0.0,0.0028783455
38,47,0.0,0.0031957366
38,48,0.0,0.0036379052
38,49,0.0,0.0040136026
38,50,0.0,0.003451584
38,51,0.0,0.004069456
38,52,0.0,0.002614926
38,53,0.0,0.0045801234
38,54,0.0,0.004676521
38,55,-0.163031874105053,0.004178513
38,56,0.0,0.0027233684
38,57,0.168092194841608,0.0035458272
38,58,0.0,0.0033458425
38,59,0.0,0.004090379
38,60,0.0,0.004620664
38,61,0.0,0.0034877919
38,62,0.0,0.0043056644
38,63,0.0,0.0035779169
38,64,0.0,0.004562918
38,65,0.0,0.0024995543
38,66,0.0,0.0036377944
38,67,0.16777713412417,0.0035516284
38,68,0.0,0.0027965317
38,69,0.0,0.0027648648
38,70,0.0,0.004477324
38,71,0.0,0.0025057592
38,72,0.0,0.004055891
38,73,0.0,0.0026591881
38,74,0.177830756470241,0.0029347837
38,75,0.0,0.0037888326
38,76,0.163055025811743,0.004195842
38,77,0.0,0.0045678494
38,78,0.0,0.0042823553
38,79,0.0,0.004331141
38,80,0.0,0.0032524671
38,81,0.0,0.003987588
38,82,0.0,0.0025089863
38,83,0.0,0.0043257866
38,84,0.0,0.0034516035
38,85,0.0,0.0029565059
38,86,0.0,0.0029478716
38,87,0.0,0.0034647798
38,88,0.0,0.004332762
38,89,0.0,0.0027378746
38,90,0.0,0.0027296692
38,91,0.0,0.0039000893
38,92,0.0,0.0034772018
38,93,0.157226405397294,0.0023553385
38,94,0.0,0.003464411
38,95,0.0,0.0032029822
38,96,0.0,0.00366076
38,97,0.0,0.0043113157
38,98,0.0,0.003560122
38,99,0.0,0.003571772
38,100,0.0,0.0028625196
39,1,0.0,0.004570652
39,2,0.0,0.0040257815
39,3,0.0,0.0042325873
39,4,0.0,0.0043634344
39,5,0.166486007743496,0.0034701955
39,6,0.0,0.0019185422
39,7,0.0,0.0035811784
39,8,0.0,0.0041089114
39,9,0.0,0.0043055275
39,10,0.0,0.0038379002
39,11,0.0,0.002581532
39,12,0.0,0.004240806
39,13,0.0,0.0030178688
39,14,0.165257364686656,0.0032944027
39,15,0.0,0.0034522144
39,16,0.0,0.0025508874
39,17,0.0,0.003380347
39,18,0.0,0.002525445
39,19,0.0,0.002721177
39,20,0.0,0.0045610406
39,21,0.0,0.0034001078
39,22,0.0,0.00392925
39,23,0.157002503349598,0.0035738926
39,24,0.0,0.003451242
39,25,0.0,0.004243331
39,26,0.163731746836717,0.0040537138
39,27,0.0,0.00459469
39,28,0.0,0.0041795988
39,29,0.0,0.0028367373
39,30,-0.177650107341435,0.0031258026
39,31,0.0,0.0044530723
39,32,0.155133808011401,0.0044878954
39,33,0.0,0.0013211742
39,34,0.0,0.0044165887
39,35,0.0,0.004174699
39,36,-0.159143807186658,0.003490625
39,37,0.0,0.0011831382
39,38,0.0,0.0040626647
39,39,0.0,0.048077475
39,40,0.0,0.004323844
39,41,0.0,0.0034269094
39,42,0.0,0.0034516118
39,43,0.0,0.0034518521
39,44,0.0,0.002962634
39,45,0.0,0.0033946028
39,46,0.0,0.0034511331
39,47,0.0,0.0045887223
39,48,0.0,0.003637786
39,49,0.0,0.0046771085
39,50,0.0,0.0029041832
39,51,0.0,0.003567432
39,52,0.167976877810066,0.00452107
39,53,0.0,0.0033776145
39,54,0.0,0.0025112275
39,55,0.0,0.0026827124
39,56,0.0,0.0036378643
39,57,0.0,0.00459701
39,58,-0.148319412646704,0.0025856472
39,59,0.0,0.0027217064
39,60,0.0,0.004275216
39,61,0.157165260903889,0.00433807
39,62,0.0,0.0034525823
39,63,0.0,0.004181929
39,64,0.0,0.0031163124
39,65,0.0,0.0033668801
39,66,0.0,0.0041807545
39,67,0.0,0.0037249355
39,68,0.0,0.004391386
39,69,0.0,0.002912853
39,70,0.0,0.003191743
39,71,0.0,0.004488907
39,72,0.0,0.0029570153
39,73,-0.154327771625031,0.0042971093
39,74,0.0,0.0037883976
39,75,0.0,0.0039092107
39,76,0.0,0.004193159
39,77,0.0,0.0034696776
39,78,0.0,0.0016324259
39,79,0.0,0.0038233958
39,80,0.0,0.0035866639
39,81,0.0,0.0037907083
39,82,0.0,0.0034127478
39,83,0.0,0.0037462842
39,84,0.0,0.0034133485
39,85,0.0,0.0036032163
39,86,0.0,0.0046307268
39,87,-0.146899494259375,0.004260961
39,88,0.0,0.0035216697
39,89,0.0,0.0025115781
39,90,0.0,0.0047208723
39,91,0.0,0.003873067
39,92,0.0,0.0037129652
39,93,0.0,0.0031328239
39,94,0.0,0.0046203556
39,95,0.0,0.0043231677
39,96,0.0,0.0033829734
39,97,0.151278125104552,0.0028490443
39,98,0.0,0.004630465
39,99,0.0,0.0033698892
39,100,0.0,0.004005367
40,1,0.0,0.0044641467
40,2,0.0,0.0039973855
40,3,0.0,0.004596418
40,4,0.0,0.002632094
40,5,0.168408384009016,0.004288014
40,6,0.0,0.0043435227
40,7,0.0,0.0036025466
40,8,0.0,0.0038161557
40,9,0.0,0.003123276
40,10,0.0,0.0042581446
40,11,0.0,0.0029551834
40,12,-0.170270429045499,0.002738248
40,13,0.0,0.0046498217
40,14,0.0,0.0028596856
40,15,0.0,0.003448247
40,16,0.0,0.0039887847
40,17,0.0,0.0045375675
40,18,0.0,0.004597444
40,19,0.0,0.0036570681
40,20,0.0,0.0032191407
40,21,0.0,0.0045965053
40,22,0.0,0.0024356246
40,23,0.0,0.0038227672
40,24,0.0,0.0033687185
40,25,0.0,0.0041863434
40,26,0.0,0.0042687654
40,27,0.0,0.003043132
40,28,0.0,0.0033763107
40,29,0.158236368667214,0.003962389
40,30,0.0,0.0034717582
40,31,0.0,0.0026867096
40,32,0.0,0.004167484
40,33,0.0,0.0042995214
40,34,0.0,0.0027002236
40,35,0.0,0.004617192
40,36,-0.160981404723453,0.0035484564
40,37,0.0,0.0043581203
40,38,0.0,0.0035044653
40,39,0.0,0.0043388708
40,40,0.0,0.048077475
40,41,0.0,0.003637855
40,42,0.0,0.004107301
40,43,0.0,0.0036377553
40,44,0.0,0.0033232616
40,45,0.0,0.004233497
40,46,0.0,0.0046237344
40,47,0.0,0.0025056517
40,48,0.0,0.004311694
40,49,0.0,0.004113719
40,50,0.0,0.004470908
40,51,0.0,0.0030560372
40,52,0.0,0.0019566407
40,53,0.0,0.0035186484
40,54,0.0,0.0034246556
40,55,0.0,0.0009038332
40,56,0.0,0.0032612663
40,57,0.0,0.004051527
40,58,0.0,0.0043075997
40,59,0.0,0.004230299
40,60,0.0,0.002485142
40,61,0.0,0.004124866
40,62,0.0,0.002511844
40,63,0.0,0.0027684309
40,64,0.0,0.003343977
40,65,0.0,0.0027986648
40,66,0.0,0.00335385
40,67,0.0,0.0035243174
40,68,0.0,0.0042039314
40,69,0.0,0.0036771903
40,70,0.0,0.00430201
40,71,0.0,0.0042106733
40,72,0.0,0.004435459
40,73,0.178241884397719,0.0045896117
40,74,0.0,0.0036379062
40,75,0.0,0.0045025013
40,76,0.0,0.0046181204
40,77,0.0,0.0033729738
40,78,-0.183028868615191,0.004196789
40,79,0.0,0.0040836604
40,80,0.0,0.004634179
40,81,0.0,0.0044959206
40,82,0.0,0.004120552
40,83,0.0,0.0036674533
40,84,0.0,0.0041885898
40,85,0.0,0.0030316887
40,86,0.0,0.0030187527
40,87,0.0,0.004278194
40,88,0.0,0.0042071715
40,89,0.190059544425608,0.0026062508
40,90,0.0,0.0034521595
40,91,0.0,0.0034502754
40,92,0.0,0.00403856
40,93,0.170718152135054,0.0034213439
40,94,0.0,0.0035918169
40,95,0.0,0.0026926012
40,96,0.0,0.004559247
40,97,0.0,0.003231883
40,98,0.0,0.0033735093
40,99,0.0,0.0014371462
40,100,0.0,0.0034513818
41,1,0.0,0.0026315805
41,2,0.0,0.0044381227
41,3,0.0,0.004419814
41,4,0.0,0.004561861
41,5,0.0,0.0045484565
41,6,0.0,0.003907623
41,7,0.174011690988999,0.0045192437
41,8,0.158397682326752,0.0040222667
41,9,0.0,0.0035866182
41,10,0.0,0.0030029928
41,11,0.0,0.0035729036
41,12,0.177992170030956,0.004532745
41,13,0.0,0.0043577366
41,14,0.0,0.003348168
41,15,-0.157938372525628,0.004522357
41,16,0.0,0.0071850605
41,17,0.0,0.0034595383
41,18,0.0,0.0028212434
41,19,-0.170291942615093,0.00279719
41,20,0.0,0.0035091974
41,21,0.0,0.0031715995
41,22,0.0,0.004626075
41,23,0.166017631598722,0.0044945255
41,24,0.0,0.0038348949
41,25,0.0,0.0033778679
41,26,0.0,0.0039880136
41,27,0.0,0.0034624264
41,28,0.0,0.004559608
41,29,0.0,0.0043124454
41,30,0.187850826864917,0.0045264214
41,31,0.0,0.004331127
41,32,0.0,0.0045335786
41,33,0.0,0.004234328
41,34,0.0,0.0041920785
41,35,0.0,0.0038661072
41,36,0.0,0.004379969
41,37,0.0,0.0042739697
41,38,0.0,0.004239804
41,39,0.0,0.0034828167
41,40,0.0,0.0033729319
41,41,0.0,0.048077475
41,42,0.0,0.0011471584
41,43,0.0,0.004317306
41,44,0.0,0.0038844459
41,45,0.0,0.0034487946
41,46,0.0,0.0035852473
41,47,0.0,0.004405424
41,48,0.0,0.00021172734
41,49,0.0,0.0033767167
41,50,0.0,0.0019372576
41,51,0.0,0.0034994883
41,52,0.0,0.0036062952
41,53,-0.184293611650709,0.0014414787
41,54,0.0,0.0010693688
41,55,0.0,0.0011330983
41,56,0.0,0.004568631
41,57,0.0,0.0046201143
41,58,0.0,0.0033259531
41,59,0.0,0.0044525526
41,60,0.0,0.0044451784
41,61,0.0,0.004572328
41,62,0.0,0.0024921345
41,63,0.0,0.003451367
41,64,0.0,0.0036020465
41,65,0.0,0.0033676717
41,66,0.0,0.0029262993
41,67,0.0,0.00438168
41,68,-0.16698469913432,0.0030748555
41,69,0.0,0.0028617675
41,70,0.0,0.003665205
41,71,0.0,0.0036378559
41,72,0.0,0.004221958
41,73,0.0,0.003972632
41,74,0.0,0.0036327848
41,75,0.0,0.0046023075
41,76,0.0,0.0045580994
41,77,0.0,0.0046383413
41,78,0.0,0.0033978326
41,79,0.0,0.0043980964
41,80,0.197789500400182,0.0042646406
41,81,0.0,0.0044594724
41,82,0.0,0.0012591854
41,83,0.0,0.0033989158
41,84,0.0,-3.448222e-05
41,85,0.0,0.004571397
41,86,0.0,0.0034350418
41,87,0.0,0.003189031
41,88,0.0,0.0028586346
41,89,0.0,0.0041485997
41,90,0.0,0.004260445
41,91,0.0,0.0013626306
41,92,0.0,0.0027743052
41,93,0.0,0.0024915682
41,94,0.0,0.0035688002
41,95,0.0,0.00416228
41,96,0.0,0.0036146417
41,97,0.0,0.002548744
41,98,0.0,0.0045965053
41,99,0.0,0.0029994668
41,100,0.0,0.0031138733
42,1,0.0,0.0043303035
42,2,0.0,0.00450415
42,3,0.0,0.004296868
42,4,-0.149392043537276,0.004502762
42,5,0.0,0.003473444
42,6,0.0,0.00431234
42,7,0.0,0.00097035244
42,8,0.0,0.0029971208
42,9,0.0,0.004487931
42,10,0.0,0.0036378568
42,11,0.0,0.0040216865
42,12,0.0,0.003073465
42,13,0.0,0.0041360594
42,14,0.0,0.003500524
42,15,0.0,0.004376311
42,16,0.0,0.0042053927
42,17,0.0,0.0034923442
42,18,0.0,0.004225595
42,19,0.0,0.0036030915
42,20,0.0,0.0029839799
42,21,0.0,0.0027233288
42,22,0.0,0.0035177302
42,23,0.0,0.002654869
42,24,0.0,0.0046153534
42,25,0.0,0.0033739489
42,26,0.0,0.0033658864
42,27,0.0,0.002497124
42,28,0.0,0.0042499825
42,29,0.0,0.0033136187
42,30,0.0,0.00363784
42,31,0.0,0.0031171683
42,32,0.0,0.0027360856
42,33,0.0,0.004492957
42,34,0.0,0.003270641
42,35,0.0,0.003222512
42,36,0.0,0.0046665
42,37,0.0,0.0034578023
42,38,0.0,0.00469527
42,39,0.0,0.0034622997
42,40,0.0,0.0043928027
42,41,0.0,0.0028660744
42,42,0.0,0.048077475
42,43,0.0,0.0035394775
42,44,0.0,0.0031677708
42,45,-0.17443738857848,0.0029986305
42,46,0.0,0.004247386
42,47,0.0,0.003051037
42,48,0.0,0.0042826347
42,49,0.188773866676332,0.003419444
42,50,0.0,0.0039123883
42,51,0.0,0.0033745645
42,52,0.0,0.0032162424
42,53,0.195596991638858,0.0033729551
42,54,0.0,0.0017249458
42,55,0.0,0.0032226872
42,56,0.0,0.0043569487
42,57,0.0,0.004569212
42,58,0.0,0.004284505
42,59,0.0,0.003373188
42,60,0.0,0.003944071
42,61,0.0,0.004066931
42,62,0.0,0.0036377544
42,63,0.0,0.003368983
42,64,0.184621363369514,0.0044982247
42,65,0.0,0.0043598097
42,66,0.0,0.0032196147
42,67,0.0,0.0031969696
42,68,0.0,0.0045651766
42,69,-0.180984785494242,0.0044009658
42,70,0.188439120797192,0.0041613625
42,71,0.0,0.0034756456
42,72,0.0,0.0046817455
42,73,0.0,0.0038342215
42,74,0.0,0.0041597914
42,75,0.0,0.0039614514
42,76,0.0,0.0038319584
42,77,0.0,0.0025418894
42,78,0.0,0.0042699687
42,79,0.0,0.0038203625
42,80,0.0,0.0045805248
42,81,0.0,0.00394327
42,82,0.0,0.0042290967
42,83,0.0,0.0032073269
42,84,0.0,0.0018233419
42,85,0.0,0.0025364584
42,86,0.0,0.0030914284
42,87,0.0,0.004433442
42,88,0.0,0.0026599704
42,89,0.0,0.0035334583
42,90,0.0,0.0031238832
42,91,0.0,0.004241067
42,92,0.0,0.0034522312
42,93,0.0,0.0021439143
42,94,0.0,0.0036490988
42,95,0.0,0.002659236
42,96,0.173164988936995,0.0032098303
42,97,0.0,0.0046251966
42,98,0.0,0.0037314175
42,99,0.0,0.0045560086
42,100,0.0,0.00284976
43,1,-0.160888762970605,0.0034281388
43,2,0.0,0.004053397
43,3,0.0,0.004247115
43,4,0.0,0.003215338
43,5,0.0,0.004262589
43,6,0.0,0.0034728833
43,7,0.159569405983772,0.0028990302
43,8,0.0,0.0040694177
43,9,0.0,0.003927212
43,10,0.0,0.0043997737
43,11,0.0,0.0043023154
43,12,0.163219520942406,0.0041653765
43,13,0.0,0.0033463286
43,14,0.0,0.0034797378
43,15,0.0,0.0042480975
43,16,0.0,0.0043135853
43,17,0.0,0.0043647327
43,18,0.0,0.004286674
43,19,0.0,0.0032583913
43,20,0.0,0.004214825
43,21,0.0,0.0036136378
43,22,0.0,0.0045484416
43,23,0.0,0.0025465507
43,24,0.0,0.003368795
43,25,0.0,0.004602315
43,26,0.0,0.0036837412
43,27,0.162541652692913,0.0034939991
43,28,0.0,0.0035391077
43,29,0.0,0.0037450641
43,30,0.17225994808757,0.0034522219
43,31,0.0,0.0029892344
43,32,0.0,0.0037682233
43,33,0.0,0.004273993
43,34,0.0,0.0035402458
43,35,0.0,0.004177858
43,36,0.0,0.0026374958
43,37,0.140973495089843,0.0033898307
43,38,0.0,0.0036378913
43,39,0.0,0.0033712573
43,40,0.0,0.0035783853
43,41,0.0,0.003526304
43,42,0.0,0.0033692494
43,43,0.0,0.048077475
43,44,0.0,0.003451231
43,45,0.0,0.0042600455
43,46,0.0,0.004673194
43,47,0.0,0.0036377972
43,48,0.0,0.0030549522
43,49,0.0,0.0037234016
43,50,0.0,0.0033679716
43,51,0.0,0.0043515386
43,52,0.0,0.0031160284
43,53,0.0,0.0042467713
43,54,-0.161924352575846,0.002721969
43,55,0.0,0.0039473064
43,56,0.0,0.0046871314
43,57,0.0,0.0033696312
43,58,0.0,0.003204748
43,59,0.0,0.0031467779
43,60,0.0,0.0027219253
43,61,0.0,0.0035772957
43,62,0.0,0.0043149125
43,63,0.0,0.0047248313
43,64,0.0,0.0040840264
43,65,0.0,0.0035270108
43,66,0.0,0.0030529248
43,67,0.0,0.0036113914
43,68,0.0,0.0034522917
43,69,0.0,0.0027500694
43,70,0.0,0.0042679217
43,71,0.0,0.003930811
43,72,0.0,0.0045833737
43,73,0.0,0.004653913
43,74,0.0,0.0035301596
43,75,0.0,0.002578022
43,76,0.0,0.0033649458
43,77,0.0,0.0041518277
43,78,0.0,0.004502017
43,79,0.169482392606729,0.0045868056
43,80,0.0,0.0033354713
43,81,0.0,0.0040947553
43,82,0.0,0.0034527723
43,83,0.0,0.004014547
43,84,0.0,0.0038698511
43,85,0.0,0.0028494936
43,86,0.0,0.003355056
43,87,0.0,0.0033763358
43,88,0.156247126499835,0.0036999267
43,89,0.0,0.004302688
43,90,0.0,0.0029782327
43,91,0.0,0.0045304243
43,92,0.0,0.0036377497
43,93,0.155474924743243,0.0035208585
43,94,0.0,0.0042587444
43,95,0.0,0.0035210997
43,96,0.0,0.0035747448
43,97,0.0,0.0044773817
43,98,0.0,0.004303132
43,99,-0.172595609682962,0.003932799
43,100,0.0,0.003637787
44,1,0.0,0.0036378903
44,2,0.0,0.003860671
44,3,0.190072431682957,0.0014533866
44,4,0.0,0.004664626
44,5,0.0,0.003246341
44,6,-0.173685680489183,0.00295146
44,7,0.0,0.004185468
44,8,0.169485561517966,0.004185742
44,9,0.0,0.0016481103
44,10,0.0,0.0035911538
44,11,0.0,0.0032677362
44,12,0.0,0.001632777
44,13,0.185423930569564,0.003566105
44,14,0.0,0.003377892
44,15,0.168994099910633,0.0030543935
44,16,0.0,0.0046050735
44,17,0.0,0.003637692
44,18,0.0,0.0033460883
44,19,0.0,0.003759209
44,20,0.0,0.0040233573
44,21,0.0,0.0044001825
44,22,0.0,0.0027094292
44,23,0.0,0.0039311834
44,24,0.0,0.0043547256
44,25,0.0,0.0023827297
44,26,0.0,0.004111111
44,27,0.189660702195142,0.0045784153
44,28,0.173289296997653,0.0035639554
44,29,0.0,0.003372524
44,30,0.0,0.0041484926
44,31,0.18055927367509,0.0033338526
44,32,0.0,0.004539052
44,33,0.0,0.0031966688
44,34,0.0,0.0035529034
44,35,0.0,0.0033873767
44,36,0.180061666002278,0.0027278177
44,37,-0.164494033539556,0.0034525357
44,38,0.0,0.0035662241
44,39,0.0,0.0030859355
44,40,0.0,0.0028627836
44,41,0.0,0.0036367513
44,42,0.0,0.003208384
44,43,0.0,0.0036241785
44,44,0.0,0.048077475
44,45,0.0,0.003465618
44,46,0.0,0.0034763208
44,47,0.0,0.0045988495
44,48,-0.162277729206442,0.0042296294
44,49,0.168953695818267,0.0042674625
44,50,0.0,0.003368766
44,51,0.0,0.0028390158
44,52,0.0,0.0029086862
44,53,0.0,0.0044260956
44,54,0.0,0.0043853484
44,55,0.0,0.0035560206
44,56,0.0,0.0037921304
44,57,0.0,0.003835936
44,58,0.0,0.0034796419
44,59,0.0,0.004250098
44,60,0.0,0.003616793
44,61,0.0,0.0032036193
44,62,0.0,0.0040344717
44,63,0.0,0.002444908
44,64,0.0,0.0032155002
44,65,0.0,0.0015775072
44,66,0.0,0.002511533
44,67,0.0,0.002517941
44,68,0.0,0.0045403764
44,69,0.0,0.0043917364
44,70,0.0,0.0039163977
44,71,0.0,0.002796284
44,72,-0.161810572757186,0.004333241
44,73,-0.160119304640168,0.0034398986
44,74,0.0,0.002457562
44,75,0.0,0.002801437
44,76,0.0,0.0035960712
44,77,0.0,0.004135426
44,78,0.0,0.0027485564
44,79,0.0,0.004550509
44,80,0.0,0.0035807332
44,81,0.0,0.003370352
44,82,0.0,0.002490446
44,83,0.0,0.0026446497
44,84,0.0,0.0034159236
44,85,0.0,0.0041248063
44,86,0.0,0.003397897
44,87,0.0,0.0039064465
44,88,0.0,0.0033193156
44,89,0.0,0.003377499
44,90,0.0,0.0033666212
44,91,0.0,0.0047271205
44,92,0.0,0.003563852
44,93,0.0,0.0034511974
44,94,0.0,0.0036891336
44,95,0.0,0.0031995475
44,96,0.0,0.0038276073
44,97,0.0,0.0042892992
44,98,-0.165156346413029,0.0034521194
44,99,0.0,0.002977225
44,100,0.0,0.0028655967
45,1,0.0,0.0024858941
45,2,0.0,0.0034965891
45,3,0.0,0.003163848
45,4,0.14616416681689,0.0032799756
45,5,0.0,0.0026514493
45,6,0.0,0.004679988
45,7,0.0,0.0034511816
45,8,0.0,0.0032382477
45,9,0.0,0.003326376
45,10,0.153259653595736,0.0037910119
45,11,0.0,0.0045181625
45,12,0.0,0.0042905603
45,13,0.0,0.004328043
45,14,0.0,0.0039559407
45,15,0.0,0.0044947146
45,16,0.0,0.0040389616
45,17,0.0,0.0033730455
45,18,0.0,0.002841414
45,19,0.0,0.0034752423
45,20,0.15495326364697,0.003369186
45,21,0.0,0.0033716345
45,22,0.0,0.0036296807
45,23,0.0,0.004421587
45,24,0.0,0.002666796
45,25,0.0,0.004592685
45,26,0.0,0.0036840048
45,27,0.0,0.0043051317
45,28,0.0,0.003451597
45,29,0.0,0.0035473797
45,30,0.0,0.0042609535
45,31,0.0,0.0039040036
45,32,0.148841944941257,0.004184584
45,33,0.0,0.0042692404
45,34,0.0,0.0044974852
45,35,0.0,0.0042595053
45,36,-0.152689307963598,0.0038282443
45,37,0.0,0.002839291
45,38,0.0,0.0027229702
45,39,0.0,0.0033780169
45,40,0.0,0.0042387713
45,41,0.158615853218894,0.0029983688
45,42,0.0,0.002905815
45,43,0.0,0.0042726286
45,44,0.0,0.0033725863
45,45,0.0,0.048077475
45,46,0.0,0.004304137
45,47,0.0,0.004603753
45,48,0.0,0.003014885
45,49,0.0,0.0047031697
45,50,0.0,0.0045231283
45,51,0.0,0.0039763935
45,52,0.0,0.0042022523
45,53,0.0,0.0036904812
45,54,0.0,0.004502073
45,55,0.0,0.0045637833
45,56,0.0,0.0038988367
45,57,0.0,0.0034093522
45,58,0.0,0.0024344414
45,59,0.0,0.0039995695
45,60,0.0,0.0046265293
45,61,0.0,0.004052922
45,62,0.160598515665011,0.0045948112
45,63,0.0,-1.1819415e-05
45,64,-0.15845195205988,0.003630165
45,65,0.0,0.0024957275
45,66,0.0,0.0043291952
45,67,-0.156931719550389,0.002934955
45,68,0.0,0.0033921972
45,69,0.0,0.003486244
45,70,0.0,0.004518375
45,71,0.0,0.0044046547
45,72,0.0,0.0030902978
45,73,0.0,0.0032876981
45,74,0.0,0.0038162787
45,75,0.0,0.0032123607
45,76,0.0,0.0038577002
45,77,0.154384733577404,0.0025542798
45,78,0.0,0.003975043
45,79,0.0,0.0038147382
45,80,0.0,0.0025838464
45,81,0.0,0.004636354
45,82,0.0,0.0036628712
45,83,0.0,0.0033698017
45,84,0.0,0.0023987554
45,85,0.0,0.003487261
45,86,0.0,0.0044428017
45,87,0.0,0.00361057
45,88,0.0,0.004604538
45,89,0.0,0.0043020863
45,90,0.0,0.0038439203
45,91,0.0,0.0045509012
45,92,0.0,0.0046807267
45,93,-0.147063008833272,0.00426127
45,94,0.0,0.0031833388
45,95,0.0,0.0035850015
45,96,0.0,0.0024367017
45,97,0.0,0.0034665419
45,98,0.0,0.004247469
45,99,0.163257385159098,0.0034744143
45,100,0.0,0.003209427
46,1,0.16238031714021,0.0025326298
46,2,0.0,0.0035701804
46,3,0.0,0.0041963886
46,4,0.0,0.0045804577
46,5,0.0,0.0040947013
46,6,0.0,0.0029748846
46,7,0.0,0.003668408
46,8,0.0,0.0042371657
46,9,0.0,0.0042850077
46,10,-0.156327530292188,0.0034508957
46,11,0.0,0.004714925
46,12,0.0,0.0045126453
46,13,0.0,0.0034423294
46,14,0.0,0.002891249
46,15,0.0,0.0042950427
46,16,0.0,0.0042636646
46,17,0.0,0.0033725966
46,18,0.0,0.0035060737
46,19,0.0,0.0034682993
46,20,0.0,0.0042389277
46,21,0.0,0.0039423797
46,22,0.0,0.0029415693
46,23,0.0,0.0044781193
46,24,0.1685338490807,0.0036378428
46,25,0.0,0.0044088904
46,26,0.0,0.0032879636
46,27,0.0,0.0024832445
46,28,0.0,0.0033694394
46,29,0.0,0.0036979094
46,30,0.0,0.0027395682
46,31,0.0,0.0037897434
46,32,0.0,0.0042789625
46,33,0.0,0.00419804
46,34,0.0,0.0046502333
46,35,0.0,0.0017626546
46,36,0.0,0.0024362225
46,37,0.0,0.0036721341
46,38,0.0,0.0031853504
46,39,0.153005337824953,0.003260456
46,40,0.0,0.0046005314
46,41,0.0,0.0033783568
46,42,0.0,0.0042702537
46,43,0.0,0.004377881
46,44,0.0,0.0033935653
46,45,0.0,0.004333847
46,46,0.0,0.048077475
46,47,0.0,0.0035394914
46,48,-0.172035920648028,0.0034657763
46,49,0.0,0.004616335
46,50,0.0,0.0030766688
46,51,0.0,0.0047346335
46,52,0.184760585076963,0.0042238757
46,53,0.0,0.0034846114
46,54,0.0,0.0042994246
46,55,0.0,0.002650069
46,56,0.0,0.0037776055
46,57,0.0,0.0040902654
46,58,0.0,0.0040167356
46,59,-0.161724719925236,0.0042404598
46,60,0.0,0.0037446637
46,61,0.0,0.0042493762
46,62,0.0,0.0036378438
46,63,0.0,0.0045837965
46,64,0.0,0.004626211
46,65,0.0,0.0041029323
46,66,0.0,0.0034522116
46,67,0.0,0.003994897
46,68,-0.168156866871118,0.0041309223
46,69,0.0,0.0024902443
46,70,0.0,0.003368646
46,71,0.0,0.0045717694
46,72,0.0,0.002505431
46,73,0.0,0.00439478
46,74,0.0,0.0034558922
46,75,0.0,0.0037087174
46,76,0.0,0.003584249
46,77,0.0,0.0033947863
46,78,0.0,0.002650152
46,79,0.0,0.0034133438
46,80,0.0,0.0041809697
46,81,0.0,0.004266101
46,82,0.0,0.0038575334
46,83,0.0,0.0033411626
46,84,0.0,0.003637785
46,85,0.0,0.0034522135
46,86,0.0,0.0038670748
46,87,0.0,0.003471815
46,88,-0.163390021379043,0.0034514358
46,89,0.0,0.003452396
46,90,0.0,0.004574596
46,91,-0.172423135682735,0.003704939
46,92,0.0,0.0040983194
46,93,0.0,0.0036225934
46,94,0.0,0.004320056
46,95,0.0,0.0037327437
46,96,0.164303240208223,0.0031334544
46,97,0.166393346918061,0.0035882313
46,98,0.0,0.0045990497
46,99,0.0,0.0034509338
46,100,0.0,0.0045223124
47,1,0.0,0.0038619516
47,2,0.0,0.0037401943
47,3,0.0,0.0036264146
47,4,0.0,0.004601908
47,5,0.0,0.004293057
47,6,0.0,0.0043034274
47,7,0.168277563486669,0.0041810237
47,8,0.0,0.0028015901
47,9,0.0,0.0026808763
47,10,0.0,0.0040458776
47,11,0.0,0.0034529557
47,12,0.0,0.004009448
47,13,0.0,0.003366449
47,14,0.0,0.004189792
47,15,0.0,0.0037836228
47,16,0.0,0.0038022604
47,17,0.0,0.0038292576
47,18,0.0,0.003548379
47,19,0.0,0.0027896138
47,20,0.0,0.003637868
47,21,0.0,0.00394867
47,22,0.0,0.0043694973
47,23,0.0,0.0028681858
47,24,0.0,0.0028568315
47,25,0.0,0.004312963
47,26,0.0,0.0036005126
47,27,0.0,0.0045222146
47,28,0.0,0.004321619
47,29,0.0,0.0045828903
47,30,-0.181660664660644,0.0046378924
47,31,0.0,0.0033679483
47,32,0.0,0.0045221234
47,33,0.0,0.0039831335
47,34,0.0,0.0014177039
47,35,0.0,0.0033719717
47,36,0.0,0.003451747
47,37,0.0,-0.00030114828
47,38,0.0,0.0036135996
47,39,0.0,0.003603452
47,40,0.0,0.0024904716
47,41,0.0,0.0041109333
47,42,0.0,0.003141109
47,43,0.0,0.0033760779
47,44,0.0,0.004615926
47,45,-0.153389057702577,0.0043139597
47,46,0.0,0.0036352081
47,47,0.0,0.048077475
47,48,0.0,0.0034111114
47,49,0.0,0.0042229723
47,50,0.0,0.004299283
47,51,0.0,0.00061430084
47,52,-0.182267751307711,0.004497259
47,53,-0.183083293480745,0.0022832546
47,54,0.0,0.004413463
47,55,0.0,0.0033718422
47,56,0.0,0.0035904888
47,57,0.0,0.004642861
47,58,0.0,0.0036230898
47,59,0.0,0.0039990833
47,60,0.189936444049421,0.002722627
47,61,-0.170536320606174,0.0031325715
47,62,0.0,0.0040306216
47,63,0.0,0.0036235545
47,64,-0.172809852387735,0.0027028043
47,65,0.0,0.00345698
47,66,0.0,0.002920295
47,67,0.0,0.0045684017
47,68,0.0,0.0043830583
47,69,0.0,0.0040859757
47,70,0.0,0.0034291185
47,71,0.0,0.002203138
47,72,0.0,0.0035758903
47,73,0.0,0.0036069676
47,74,0.0,0.0040388573
47,75,0.0,0.004263865
47,76,0.0,0.0013728924
47,77,0.0,0.0045359954
47,78,0.0,0.0043607224
47,79,0.0,0.0046088193
47,80,0.196490550186889,0.004063826
47,81,0.0,0.0033885622
47,82,0.0,0.0047247633
47,83,0.0,0.004004293
47,84,0.0,0.00453988
47,85,0.175436563572613,0.0036490997
47,86,0.0,0.0033674687
47,87,0.0,0.0031976039
47,88,0.0,0.0046532936
47,89,0.0,0.0037656259
47,90,0.0,0.0034554014
47,91,0.0,0.0046215896
47,92,0.0,0.004194583
47,93,0.0,0.0034470344
47,94,0.0,-0.0003142017
47,95,0.0,0.002986839
47,96,0.0,0.0040392717
47,97,0.0,0.0028015901
47,98,0.0,0.0036624866
47,99,0.0,0.0035214107
47,100,0.0,0.0027367258
48,1,0.0,0.0037948135
48,2,0.0,0.0032136012
48,3,0.0,0.0026807543
48,4,0.0,0.0042789113
48,5,0.0,0.0036378792
48,6,0.0,0.0031965403
48,7,0.0,0.004266941
48,8,0.0,0.003907402
48,9,0.0,0.0034799222
48,10,0.0,0.0045312913
48,11,0.0,0.0041433815
48,12,0.0,0.004537789
48,13,0.0,0.0043293787
48,14,-0.176852542605198,0.0027280496
48,15,0.0,0.0039691674
48,16,0.0,0.003637744
48,17,0.0,0.0034126611
48,18,0.0,0.0035611494
48,19,0.0,0.003451082
48,20,-0.172835252991348,0.0032115253
48,21,0.0,0.002440079
48,22,0.0,0.0041000294
48,23,0.16801848417107,0.0030331071
48,24,-0.184293965178238,0.0038098134
48,25,0.0,0.003499737
48,26,0.0,0.0045730807
48,27,0.0,0.004513529
48,28,0.0,0.0033705654
48,29,0.0,0.0037347805
48,30,0.0,0.0039687008
48,31,0.0,0.0032906272
48,32,0.0,0.0042523956
48,33,0.0,0.0034509199
48,34,0.0,0.00399651
48,35,0.0,0.0045164675
48,36,0.0,0.0025697057
48,37,0.0,0.0038817506
48,38,0.0,0.0034022182
48,39,0.0,0.003540147
48,40,0.0,0.0042811427
48,41,0.0,0.0006735716
48,42,0.0,0.004278046
48,43,0.162236808550377,0.0034481008
48,44,0.0,0.004251783
48,45,0.0,0.0031965952
48,46,0.0,0.0036280127
48,47,0.0,0.003376618
48,48,0.0,0.048077475
48,49,0.0,0.00363769
48,50,0.0,0.0003044745
48,51,0.0,0.004583125
48,52,0.0,0.004519291
48,53,0.0,0.004512038
48,54,0.0,0.0044378694
48,55,0.0,0.0041456195
48,56,0.0,0.0035105487
48,57,0.0,0.0037074704
48,58,0.0,0.0046710176
48,59,0.0,0.0011775512
48,60,0.0,0.0046394896
48,61,0.0,0.00423517
48,62,0.0,0.0031353347
48,63,0.0,0.0033772634
48,64,0.0,0.0039396323
48,65,0.0,0.0045846635
48,66,0.0,0.0044759745
48,67,0.0,0.00431271
48,68,0.0,0.002889677
48,69,0.0,0.004228457
48,70,0.0,0.0035768794
48,71,0.159279019800807,0.0036490168
48,72,0.0,0.0046008853
48,73,0.0,0.0025421819
48,74,0.0,0.004320643
48,75,0.0,0.004272146
48,76,-0.158527887372497,0.0044688713
48,77,0.0,0.003475478
48,78,0.0,0.0035231318
48,79,0.0,0.0034521306
48,80,0.0,0.004228225
48,81,0.0,0.0042539285
48,82,0.0,0.0018440406
48,83,0.0,0.0031531006
48,84,0.0,0.0044175424
48,85,0.0,0.0045477385
48,86,0.0,0.0032143323
48,87,0.0,0.004479708
48,88,0.0,0.0038450295
48,89,0.0,0.003495004
48,90,0.0,0.0041618245
48,91,0.0,0.0030233916
48,92,0.0,0.0033678059
48,93,-0.152861095588565,0.0028826715
48,94,0.0,0.0031476496
48,95,0.0,0.0044016596
48,96,0.0,0.0036202483
48,97,0.0,0.0026264582
48,98,0.0,0.0041657854
48,99,0.0,0.0035527088
48,100,0.0,0.0034527779
49,1,0.0,0.0036441572
49,2,0.0,0.0024184175
49,3,0.175380667977074,0.0036099022
49,4,0.159043579517675,0.003794834
49,5,0.0,0.0043235067
49,6,0.0,0.0035209581
49,7,0.0,0.0034604147
49,8,0.0,-0.00018323772
49,9,0.0,0.0031980267
49,10,0.0,0.0037452579
49,11,0.185160614646762,0.000756545
49,12,0.0,0.0034518046
49,13,0.0,0.0042834207
49,14,0.0,0.00457637
49,15,0.0,0.0035913503
49,16,0.0,0.0034717862
49,17,0.0,0.0041265357
49,18,0.0,0.0036369897
49,19,0.0,0.0034750598
49,20,0.0,0.00461159
49,21,0.0,0.0035187118
49,22,0.0,0.0045349514
49,23,0.0,0.0046165762
49,24,0.0,0.0035019414
49,25,0.0,0.0034648534
49,26,0.0,0.0035048435
49,27,0.0,0.0035724454
49,28,0.0,0.0042649796
49,29,0.0,0.0043337103
49,30,0.0,0.0046245577
49,31,0.0,0.004332546
49,32,0.0,0.0025631096
49,33,0.0,0.00087026134
49,34,0.0,0.0037638992
49,35,0.0,0.0013562841
49,36,0.0,0.0037300028
49,37,0.0,0.003637664
49,38,-0.161182068949348,0.0045438185
49,39,0.0,0.0034499262
49,40,0.0,0.0042478153
49,41,0.0,0.0033729644
49,42,0.0,0.0035907123
49,43,0.0,8.102786e-05
49,44,0.0,0.0045398436
49,45,0.0,0.0031916238
49,46,0.0,0.0033368124
49,47,0.0,0.0044148127
49,48,0.0,0.0033665197
49,49,0.0,0.048077475
49,50,0.0,0.0039803283
49,51,0.0,0.0036000684
49,52,0.0,0.00367002
49,53,0.0,0.0022374378
49,54,0.0,0.003828602
49,55,0.0,0.0035336968
49,56,0.0,0.0045409193
49,57,0.0,0.00422913
49,58,0.0,0.004509815
49,59,0.0,0.002721726
49,60,0.0,0.0028574215
49,61,0.169218670457767,0.0029592253
49,62,0.0,0.0045361426
49,63,0.0,0.0035826676
49,64,0.0,0.0033703204
49,65,0.0,0.0046108123
49,66,0.0,0.0044146776
49,67,0.0,0.0012457538
49,68,-0.164606319132837,0.0025341841
49,69,0.0,0.0034687752
49,70,0.0,0.004274442
49,71,0.0,0.004432359
49,72,0.167918677738263,0.0033701658
49,73,0.0,0.0037465803
49,74,0.0,0.0045909192
49,75,-0.175873713671983,0.004184711
49,76,0.0,0.0045764158
49,77,0.0,0.0035406314
49,78,0.0,0.0029925294
49,79,0.0,0.004419703
49,80,0.0,0.0013808319
49,81,0.0,0.004388852
49,82,0.0,0.0045126285
49,83,0.0,0.0045119626
49,84,0.0,0.0045084115
49,85,-0.174081051660511,0.0036695302
49,86,0.0,0.003635482
49,87,0.0,0.003364697
49,88,0.0,0.0006180052
49,89,0.0,0.0032691164
49,90,0.0,0.003974664
49,91,0.0,0.0027531763
49,92,0.0,0.0033948738
49,93,0.0,0.0044122366
49,94,0.0,0.0035970742
49,95,0.0,0.00377574
49,96,0.0,0.002801342
49,97,-0.162880035017348,0.0042964267
49,98,0.171390749301496,0.0032648668
49,99,0.0,0.0045151627
49,100,0.0,0.0026240274
50,1,0.0,0.004537101
50,2,0.161394245864965,0.0034219474
50,3,0.0,0.0032125665
50,4,0.163578519657729,0.002905082
50,5,0.0,0.004209459
50,6,0.0,0.0033780662
50,7,0.0,0.003986573
50,8,0.0,0.0039060805
50,9,0.0,0.0031312592
50,10,0.0,0.0039991373
50,11,0.0,0.0034626126
50,12,0.0,0.0041543944
50,13,0.175969947262406,0.0030247513
50,14,0.0,0.002778233
50,15,0.0,0.0045043305
50,16,0.0,0.004061429
50,17,0.0,0.004201304
50,18,0.0,0.0026816372
50,19,0.0,0.004082801
50,20,-0.173414770771137,0.003420868
50,21,0.171886393454777,0.0028641433
50,22,0.0,0.00371324
50,23,0.0,0.003637841
50,24,0.0,0.0029967884
50,25,0.0,0.003258084
50,26,0.0,0.0025535426
50,27,0.0,0.0034691216
50,28,0.0,0.0036376975
50,29,0.0,0.0034522777
50,30,0.0,0.0034931041
50,31,0.0,0.0037078857
50,32,0.0,0.003836385
50,33,0.0,0.0032134177
50,34,0.0,0.004306619
50,35,0.0,0.0045525413
50,36,0.0,0.0035865912
50,37,0.0,0.0043131663
50,38,0.0,0.0036377516
50,39,0.0,0.003179255
50,40,0.0,0.0040570498
50,41,0.0,0.0038395738
50,42,0.0,0.003817006
50,43,0.0,0.0034510363
50,44,0.0,0.0034767287
50,45,0.0,0.0045667347
50,46,-0.164289884287298,0.003206647
50,47,0.0,0.0042427657
50,48,0.0,-5.083531e-05
50,49,0.0,0.0036557019
50,50,0.0,0.048077475
50,51,0.0,0.004092695
50,52,0.1671576028948,0.0035950309
50,53,0.0,0.0032185148
50,54,0.0,0.003533231
50,55,0.0,0.0013245903
50,56,0.0,0.0033771312
50,57,0.0,0.0035792924
50,58,0.0,0.004616631
50,59,0.0,0.0041918634
50,60,0.174190554620182,0.002107393
50,61,0.0,0.0046001887
50,62,0.160630766342199,0.0045911763
50,63,0.0,0.004375593
50,64,0.0,0.0027208095
50,65,0.0,0.0043031853
50,66,0.0,0.004297659
50,67,0.0,0.004022399
50,68,0.0,0.0036377022
50,69,0.0,0.0030686762
50,70,0.0,0.003699503
50,71,0.0,0.002483651
50,72,0.0,0.0036377655
50,73,0.0,0.0025397376
50,74,0.0,0.0031483667
50,75,0.0,0.0044532036
50,76,0.0,0.0045720935
50,77,0.0,0.0038642073
50,78,0.0,0.003186047
50,79,0.0,0.0042622313
50,80,0.0,0.004486503
50,81,0.0,0.002739091
50,82,0.0,0.00459913
50,83,0.0,0.0043335054
50,84,0.0,0.0027390523
50,85,0.0,0.004070676
50,86,0.0,0.0034483345
50,87,0.0,0.0029548537
50,88,0.0,0.0033936799
50,89,0.0,0.003440992
50,90,0.0,0.0040014014
50,91,0.0,0.0035122
50,92,0.0,0.0024426943
50,93,0.0,0.0036281338
50,94,0.0,0.0029829293
50,95,0.0,0.004225116
50,96,0.0,0.0031673964
50,97,0.0,0.002968724
50,98,0.0,0.0040806103
50,99,0.0,0.0036616027
50,100,-0.164989034815659,0.0038139708
51,1,0.0,0.0024558045
51,2,0.0,0.0028015897
51,3,0.0,0.003512498
51,4,0.0,0.003312244
51,5,0.0,0.0033891369
51,6,0.0,0.0034576822
51,7,0.0,0.0043608416
51,8,0.0,0.003409231
51,9,0.0,0.0033744117
51,10,0.0,0.0043356186
51,11,0.0,6.6709705e-05
51,12,0.0,0.0041936645
51,13,0.0,0.0032904819
51,14,0.0,0.004509478
51,15,0.0,0.0040171016
51,16,0.0,0.0042147804
51,17,0.0,0.0036566295
51,18,0.164991843695204,0.0035762656
51,19,0.0,0.0029584486
51,20,0.15135042380316,0.0039915135
51,21,-0.150016508857314,0.0036590872
51,22,0.0,0.004592751
51,23,-0.147132418565841,0.0045230016
51,24,0.0,0.0026856856
51,25,0.0,0.00435446
51,26,0.0,0.0034930268
51,27,0.0,0.003047686
51,28,0.0,0.004318567
51,29,0.0,0.0031665917
51,30,-0.166481994834342,0.0028880592
51,31,0.0,0.0045804195
51,32,0.0,0.0047036307
51,33,0.0,0.003977446
51,34,0.0,0.004227643
51,35,0.0,0.0034517618
51,36,0.0,0.0045491997
51,37,0.0,0.0027823858
51,38,0.0,0.0042521395
51,39,0.0,0.0034520477
51,40,0.0,0.002880402
51,41,0.0,0.0043389667
51,42,0.0,0.0036378037
51,43,0.0,0.0042622816
51,44,0.0,0.0025028987
51,45,0.0,0.0030817194
51,46,0.0,0.004577105
51,47,0.0,0.003794277
51,48,0.0,0.003960491
51,49,0.0,0.0029268274
51,50,0.0,0.0036573317
51,51,0.0,0.048077475
51,52,0.0,0.0037612468
51,53,0.0,0.0036377013
51,54,0.0,0.0025118901
51,55,0.0,0.0036368528
51,56,0.0,0.0036377152
51,57,0.0,0.0045090104
51,58,0.0,0.0033733873
51,59,0.0,0.0033666128
51,60,0.0,0.003576601
51,61,0.0,0.004020568
51,62,0.0,0.004337702
51,63,0.0,0.0040043537
51,64,0.0,0.0036377003
51,65,0.0,0.0035053464
51,66,0.0,0.003368644
51,67,0.0,0.0042877495
51,68,0.0,0.003601689
51,69,0.16027165535182,0.0031693242
51,70,0.0,0.0034714658
51,71,0.0,0.0027820882
51,72,0.0,0.0045155166
51,73,0.0,0.0027437005
51,74,0.171626305063488,0.0027214107
51,75,0.0,0.0033673728
51,76,0.0,0.004396192
51,77,0.0,0.0035350202
51,78,0.0,0.0032023694
51,79,0.0,0.0044847745
51,80,0.0,0.0036013694
51,81,0.0,0.0035213903
51,82,0.0,0.004057171
51,83,0.0,0.0034540426
51,84,0.0,0.0034836726
51,85,0.0,0.0025070584
51,86,0.0,0.004501475
51,87,0.0,0.0034126015
51,88,0.0,0.0027885223
51,89,0.168932202697327,0.0045917714
51,90,0.0,0.0043380987
51,91,0.0,0.002857897
51,92,0.0,0.0034563811
51,93,0.0,0.0042402474
51,94,0.0,0.0028587151
51,95,0.0,0.0034805723
51,96,0.0,0.004581902
51,97,0.155297539121658,0.0033715842
51,98,0.0,0.004725404
51,99,0.0,0.0034582717
51,100,0.0,0.004056938
52,1,0.0,0.0042396123
52,2,0.0,0.002720539
52,3,0.0,0.0044980654
52,4,0.0,0.003975884
52,5,0.0,0.003035836
52,6,0.0,0.0027302383
52,7,0.0,0.0043043075
52,8,0.0,0.0041003404
52,9,0.0,-0.00016341824
52,10,0.0,0.003988022
52,11,0.186341688384382,0.0034523066
52,12,0.0,5.2542426e-05
52,13,0.0,0.00032269163
52,14,0.0,0.0042507015
52,15,0.0,0.0028041112
52,16,0.0,0.0037496146
52,17,0.0,0.0044103526
52,18,0.0,0.0045238435
52,19,0.0,0.0034638187
52,20,0.0,0.003168149
52,21,0.0,0.0021904986
52,22,0.0,0.004286929
52,23,0.0,0.0028567514
52,24,0.0,0.004382003
52,25,0.0,0.004293713
52,26,0.172023752600676,0.0036376845
52,27,0.0,0.004309737
52,28,0.0,0.0040674927
52,29,0.0,0.0025991504
52,30,0.0,0.0014492515
52,31,0.0,0.0029589292
52,32,0.0,-0.00029658806
52,33,0.0,0.0045491597
52,34,0.0,0.0027700542
52,35,0.0,0.004666202
52,36,0.0,0.0040892307
52,37,0.0,0.003136416
52,38,0.0,0.0043064132
52,39,0.0,0.0033543678
52,40,0.0,-0.00028940663
52,41,0.0,0.0040633306
52,42,0.0,0.00345073
52,43,0.0,0.0032855636
52,44,0.0,0.0024893722
52,45,0.0,0.0027642874
52,46,0.0,0.0042924555
52,47,0.0,0.004518058
52,48,0.0,0.0044452865
52,49,0.0,0.0035898034
52,50,0.0,0.0038016383
52,51,0.0,0.00029406836
52,52,0.0,0.048077475
52,53,0.0,0.004260415
52,54,-0.170977504827595,0.0040719174
52,55,0.0,0.002797333
52,56,0.0,0.0044820094
52,57,0.0,0.0014437139
52,58,0.0,0.0043143816
52,59,0.0,0.0046285363
52,60,0.0,0.00020063436
52,61,0.0,0.0041322
52,62,0.0,0.0036274092
52,63,0.0,0.0045875227
52,64,0.0,0.003354556
52,65,0.0,0.0036377273
52,66,0.0,0.003454973
52,67,0.0,0.0034034709
52,68,0.0,0.0041115703
52,69,0.0,0.004602541
52,70,0.0,0.0035887118
52,71,0.0,0.003958647
52,72,0.0,0.0008521243
52,73,0.0,0.0037832148
52,74,0.185681463876429,0.004012894
52,75,0.0,0.003271618
52,76,0.0,0.0002762787
52,77,0.0,0.0026110848
52,78,0.0,0.0027921638
52,79,0.178958113088863,0.0028587976
52,80,0.0,0.00346064
52,81,0.0,0.004129771
52,82,0.0,0.004361809
52,83,0.0,0.004127264
52,84,0.0,0.0043425066
52,85,0.179569643400012,0.0024940204
52,86,0.0,0.00094939955
52,87,0.0,0.0045358185
52,88,0.0,0.0034787161
52,89,0.0,0.0027651615
52,90,0.0,0.004508706
52,91,0.0,0.003931094
52,92,0.0,0.0045852987
52,93,0.0,0.0046128845
52,94,0.0,0.0035129637
52,95,0.0,0.0034555504
52,96,0.0,0.0045638233
52,97,0.0,0.0036710538
52,98,0.0,0.00407568
52,99,0.182245389395444,0.0015126648
52,100,0.0,0.0036378466
53,1,0.163397280913198,0.0027467073
53,2,0.0,0.002914614
53,3,0.0,0.004177547
53,4,0.0,0.0037798118
53,5,0.0,0.0033764187
53,6,-0.151171681670723,0.004234776
53,7,0.16205735300138,0.0041486975
53,8,0.0,0.004580956
53,9,0.0,0.0039507486
53,10,0.0,0.0034241937
53,11,0.0,0.0029495936
53,12,0.0,0.0033708746
53,13,0.0,0.0041561965
53,14,0.0,0.002668113
53,15,0.0,0.004206093
53,16,0.0,0.0039847577
53,17,0.0,0.0047150515
53,18,0.0,0.0025770906
53,19,0.158593145672089,0.0045404565
53,20,0.0,0.003556301
53,21,0.0,0.0031530326
53,22,0.0,0.002698719
53,23,0.0,0.004510562
53,24,0.0,0.0040630456
53,25,0.0,0.0033662133
53,26,0.0,0.0036378987
53,27,0.0,0.0037508514
53,28,0.0,0.0025368268
53,29,0.0,0.0035885507
53,30,0.0,0.00432413
53,31,0.0,0.0036203368
53,32,0.0,0.0029141726
53,33,0.0,0.003146043
53,34,0.0,0.0034513082
53,35,0.147119596003368,0.0042405343
53,36,0.0,0.0044651683
53,37,0.0,0.0033556921
53,38,-0.15204094732835,0.0046925014
53,39,0.0,0.0034232493
53,40,0.0,0.0033757342
53,41,0.0,0.004691215
53,42,0.0,0.0036378
53,43,0.0,0.004212398
53,44,0.0,0.004448073
53,45,0.0,0.003477377
53,46,0.0,0.0033765454
53,47,0.0,0.0046564275
53,48,0.0,0.0041990373
53,49,0.0,0.004627129
53,50,0.0,0.0026128502
53,51,0.0,0.0036376556
53,52,0.0,0.0036035609
53,53,0.0,0.048077475
53,54,0.0,0.0046650963
53,55,0.0,0.0033733556
53,56,0.0,0.0047333287
53,57,0.0,0.0034918291
53,58,0.0,0.0039548473
53,59,0.0,0.0036178296
53,60,0.0,0.0017141267
53,61,0.0,0.0042466735
53,62,-0.180079435846458,0.004111645
53,63,0.0,0.0045048883
53,64,0.0,0.0034091752
53,65,0.0,0.0033672266
53,66,0.0,0.0025381055
53,67,0.0,0.002802927
53,68,0.0,0.0026718643
53,69,0.0,0.0040811207
53,70,0.0,0.002864255
53,71,0.0,0.0033674333
53,72,0.0,0.0036377627
53,73,0.0,0.0041785557
53,74,0.18651228042766,0.002637121
53,75,0.0,0.0030807955
53,76,0.0,0.0043200804
53,77,0.0,0.004697185
53,78,0.0,0.0035909312
53,79,0.179758846555884,0.0036955196
53,80,0.0,0.00291391
53,81,0.0,0.0029918402
53,82,0.0,0.004567193
53,83,0.0,0.0037048496
53,84,0.0,0.004268852
53,85,0.0,0.004004715
53,86,0.0,0.0034835106
53,87,0.0,0.004492644
53,88,0.0,0.003680991
53,89,0.0,0.0034530694
53,90,0.0,0.004557616
53,91,0.0,0.0036449693
53,92,0.0,0.0031970497
53,93,0.0,0.004710473
53,94,0.0,0.0027127
53,95,0.0,0.0023742416
53,96,0.0,0.004313427
53,97,0.0,0.0008934438
53,98,0.0,0.0036378605
53,99,0.0,0.0036964007
53,100,0.0,0.0038489439
54,1,0.0,0.0042982455
54,2,0.0,0.0029814001
54,3,0.0,0.003394275
54,4,0.0,0.0034434637
54,5,0.0,0.0034818994
54,6,-0.141547750548991,0.004296654
54,7,0.0,0.004403149
54,8,0.0,0.004289207
54,9,0.0,0.0045024734
54,10,0.0,0.0036378102
54,11,0.163540372376588,0.0025708885
54,12,-0.155211443952177,0.0044608377
54,13,0.0,0.0039406708
54,14,0.0,0.002251912
54,15,0.0,0.0024895212
54,16,0.0,0.004083434
54,17,0.0,0.0031627836
54,18,0.0,0.002512489
54,19,0.0,0.0030943304
54,20,0.148919758305096,0.0027412875
54,21,0.0,0.0034387456
54,22,0.0,0.0035668071
54,23,-0.144769493610177,0.0037431773
54,24,0.0,0.0040602675
54,25,0.0,0.0036675353
54,26,0.0,0.00380914
54,27,0.0,0.0033679102
54,28,0.0,0.004476954
54,29,0.0,0.0031150198
54,30,0.0,0.0038071126
54,31,0.0,0.0036063325
54,32,0.0,0.004104864
54,33,0.0,0.0035701934
54,34,0.0,0.0033693258
54,35,0.0,0.003601878
54,36,0.0,0.0014914386
54,37,0.0,0.0033693556
54,38,0.0,0.003973067
54,39,0.0,0.0025628088
54,40,0.0,0.0036377683
54,41,0.0,0.004580236
54,42,0.0,0.0038440665
54,43,0.0,0.0027219034
54,44,-0.163110556851667,0.004259187
54,45,0.0,0.0043612616
54,46,0.0,0.0042610345
54,47,0.0,0.003754492
54,48,0.0,0.0045352336
54,49,0.0,0.004503308
54,50,0.0,0.0034513175
54,51,0.0,0.0025111507
54,52,0.0,0.003511915
54,53,0.0,0.0046962425
54,54,0.289157957071438,0.048077475
54,55,0.0,0.0025159968
54,56,0.0,0.0028018923
54,57,0.0,0.003534873
54,58,0.0,0.0033413665
54,59,0.0,0.004536816
54,60,0.0,0.004591031
54,61,0.0,0.003202483
54,62,-0.164301516366073,0.0033695977
54,63,0.0,0.0036754142
54,64,0.0,0.0042713815
54,65,0.0,0.0033721281
54,66,0.0,0.0035386626
54,67,0.0,0.0025124662
54,68,0.0,0.004010371
54,69,0.0,0.00446041
54,70,0.0,0.0026292359
54,71,0.0,0.003371966
54,72,0.0,0.0035801725
54,73,0.0,0.0032404484
54,74,0.0,0.0036227955
54,75,0.0,0.003374271
54,76,0.0,0.0025127279
54,77,0.0,0.004568496
54,78,0.0,0.0042679114
54,79,0.0,0.0038338508
54,80,0.0,0.0043767197
54,81,0.0,0.0034529082
54,82,0.0,0.0027885884
54,83,0.0,0.0044734934
54,84,0.0,0.0025251224
54,85,0.0,0.004206499
54,86,0.0,0.0036378484
54,87,0.0,0.0033765724
54,88,0.0,0.0041949395
54,89,0.0,0.0025386685
54,90,0.0,0.0042556245
54,91,0.0,0.003333483
54,92,0.0,0.00381736
54,93,0.0,0.004549304
54,94,0.0,0.0028356551
54,95,0.0,0.0032051317
54,96,0.152046271309376,0.0034661852
54,97,0.0,0.0045971423
54,98,0.0,0.004563461
54,99,0.0,0.0034533245
54,100,0.0,0.004375289
55,1,0.0,0.0034278482
55,2,0.0,0.004038118
55,3,0.0,0.004500649
55,4,0.0,0.0028812718
55,5,0.0,0.0039795786
55,6,0.0,0.0033693146
55,7,0.0,0.0027389266
55,8,-0.148387940383322,0.004389369
55,9,0.171100231404936,0.0034511965
55,10,0.158236393976152,0.0035879556
55,11,0.175691975100239,0.0044795405
55,12,0.0,0.0042025466
55,13,0.0,0.004238503
55,14,0.0,0.003369838
55,15,0.0,0.0041525867
55,16,0.0,0.003998887
55,17,0.0,0.0045442637
55,18,0.0,0.0025199186
55,19,0.0,0.004295768
55,20,0.0,0.0040214397
55,21,0.0,0.0034489864
55,22,0.0,0.0034691282
55,23,0.0,0.0035734363
55,24,0.0,0.0033830637
55,25,0.0,0.004266902
55,26,0.0,0.0034508687
55,27,0.0,0.0020709466
55,28,-0.151718185559008,0.0044834632
55,29,0.0,0.002564739
55,30,0.175979830565242,0.0039051538
55,31,0.0,0.0033859638
55,32,0.0,0.0025123013
55,33,0.0,0.003547307
55,34,0.0,0.0044955704
55,35,0.0,0.004623278
55,36,0.0,0.0042963345
55,37,0.0,0.0033680312
55,38,-0.152939630809058,0.0042451806
55,39,0.0,0.0025492897
55,40,0.0,0.0017256159
55,41,0.0,0.004269451
55,42,0.0,0.0030851709
55,43,0.0,0.0040540462
55,44,0.0,0.0034512011
55,45,0.0,0.004504013
55,46,0.0,0.0027311048
55,47,-0.158370000171598,0.0036377972
55,48,0.0,0.0038500465
55,49,0.0,0.003467217
55,50,0.0,0.0027025482
55,51,0.0,0.003377689
55,52,0.0,0.0028013578
55,53,0.0,0.0033908365
55,54,0.0,0.002512346
55,55,0.0,0.048077475
55,56,0.0,0.0027311253
55,57,0.0,0.0035475697
55,58,-0.150308205051111,0.0035662334
55,59,0.0,0.002788148
55,60,0.0,0.0034515318
55,61,0.0,0.0018797889
55,62,0.0,0.0026395847
55,63,0.0,0.0026698667
55,64,0.0,0.0035880534
55,65,0.0,0.0024831574
55,66,0.0,0.004304356
55,67,0.0,0.0040267305
55,68,0.0,0.0045891134
55,69,0.0,0.0034354534
55,70,0.0,0.0035307808
55,71,0.0,0.0045166165
55,72,0.0,0.003602095
55,73,0.0,0.0045726
55,74,0.0,0.0037534833
55,75,0.0,0.0033780653
55,76,0.0,0.004465319
55,77,0.0,0.0037713367
55,78,0.0,0.004133573
55,79,0.0,0.0041669384
55,80,0.0,0.0026072813
55,81,0.0,0.0042463103
55,82,0.0,0.0034147967
55,83,0.0,0.0032181637
55,84,0.0,0.0044769337
55,85,0.0,0.0033715926
55,86,0.0,0.004450393
55,87,0.0,0.0033658324
55,88,0.0,0.0040314877
55,89,0.166766454616235,0.0036033187
55,90,0.0,0.0034523802
55,91,0.0,0.0037388895
55,92,0.0,0.0043550953
55,93,-0.149795481496282,0.004621692
55,94,0.0,0.0028748792
55,95,0.0,0.003474041
55,96,0.0,0.0031749
55,97,0.0,0.0036071995
55,98,0.0,0.0035025254
55,99,0.0,0.004625058
55,100,0.0,0.0046089627
56,1,0.0,0.004515229
56,2,0.0,0.0043116007
56,3,0.0,0.0043843994
56,4,0.0,0.003377771
56,5,0.0,0.0039956067
56,6,0.0,0.004546996
56,7,0.169320586887958,0.00458912
56,8,0.0,0.0032192087
56,9,0.0,0.0040387157
56,10,0.0,0.0027432032
56,11,0.0,0.003097199
56,12,0.0,0.0035043275
56,13,0.0,0.0028069057
56,14,0.0,0.0027383761
56,15,0.0,0.004474636
56,16,0.0,0.0033713402
56,17,-0.15612400253326,0.0029914603
56,18,0.0,0.0043184143
56,19,0.0,0.0036376622
56,20,-0.166173137227446,0.004350665
56,21,0.0,0.0031068716
56,22,0.0,0.0044708047
56,23,0.0,0.0035651335
56,24,0.177190161357224,0.0034487443
56,25,0.166490266936363,0.003536501
56,26,0.0,0.0024690018
56,27,0.0,0.0035403594
56,28,0.0,0.0032006828
56,29,-0.160953087913242,0.0033772811
56,30,-0.182786639629671,0.0027829525
56,31,0.0,0.0044138487
56,32,0.0,0.0028790953
56,33,0.0,0.003583422
56,34,0.0,0.003931949
56,35,0.0,0.0035453634
56,36,0.0,0.0033727484
56,37,0.0,0.003117742
56,38,0.0,0.0027215835
56,39,0.0,0.003452858
56,40,0.162721528632493,0.0046914527
56,41,0.170100928002668,0.004112646
56,42,0.0,0.0036798837
56,43,0.0,0.004592349
56,44,0.182008037452138,0.0033729663
56,45,0.0,0.0035481611
56,46,0.0,0.0035093045
56,47,0.0,0.0032070242
56,48,0.0,0.0035468768
56,49,0.167939615981744,0.0041066743
56,50,0.0,0.0035680104
56,51,0.0,0.0036378019
56,52,0.0,0.0040959176
56,53,0.0,0.004619642
56,54,0.0,0.0028013354
56,55,0.0,0.0024850122
56,56,0.0,0.048077475
56,57,0.0,0.003374827
56,58,0.0,0.0042393385
56,59,0.0,0.0039832434
56,60,0.0,0.0033658976
56,61,0.0,0.0033884197
56,62,0.0,0.004307281
56,63,0.0,0.002458626
56,64,0.0,0.0034820922
56,65,0.0,0.0046774913
56,66,0.0,0.004379129
56,67,0.0,0.0036378372
56,68,0.0,0.0030859727
56,69,0.0,0.0027334164
56,70,0.0,0.0045038136
56,71,0.0,0.0032190774
56,72,0.0,0.002654221
56,73,0.0,0.0046156226
56,74,0.0,0.0028554564
56,75,0.0,0.0036376622
56,76,0.0,0.004522238
56,77,0.0,0.0041359626
56,78,0.0,0.0028016465
56,79,0.0,0.0036319578
56,80,0.0,0.0041754954
56,81,0.0,0.0025680466
56,82,0.0,0.0015895236
56,83,0.0,0.0034533283
56,84,0.0,0.002795525
56,85,0.0,0.004546766
56,86,0.0,0.0033683935
56,87,0.0,0.0032485267
56,88,0.0,0.0032866187
56,89,0.0,0.004508795
56,90,0.0,0.00013138913
56,91,0.0,0.004304559
56,92,0.0,0.0043403786
56,93,0.0,0.00363791
56,94,0.0,0.0027381089
56,95,0.0,0.0037845364
56,96,0.0,0.0035011787
56,97,0.0,0.0031695561
56,98,0.0,0.004540764
56,99,0.0,0.0045935884
56,100,0.0,0.0031239828
57,1,0.0,0.0027215956
57,2,0.0,0.0037571732
57,3,0.0,0.003385746
57,4,0.0,0.004611548
57,5,0.0,0.0027250447
57,6,0.0,0.0045078844
57,7,0.0,0.002512028
57,8,0.0,0.0035711536
57,9,0.0,0.0034744395
57,10,0.0,0.004151481
57,11,0.0,0.0033718944
57,12,0.0,0.0029844325
57,13,0.0,0.0028207926
57,14,0.181097708445014,0.004556505
57,15,0.0,0.0040998273
57,16,0.0,0.0011573769
57,17,0.0,0.004415429
57,18,0.0,0.0027367421
57,19,0.0,0.0038989447
57,20,0.0,0.004629408
57,21,0.0,0.004551893
57,22,0.0,0.0024425797
57,23,0.0,0.0026265234
57,24,0.0,0.0033245496
57,25,0.0,0.0045614224
57,26,0.0,0.0036873259
57,27,0.0,0.0025056768
57,28,0.0,0.0044004545
57,29,0.0,0.0023154858
57,30,0.0,0.0042431634
57,31,0.0,0.002756326
57,32,0.0,0.0033207135
57,33,0.0,0.0037768548
57,34,0.0,0.0027208067
57,35,0.0,0.0036377301
57,36,0.0,0.0035454892
57,37,0.159320170090577,0.0029677767
57,38,-0.169190022632137,0.0033737365
57,39,0.0,0.0047257906
57,40,0.0,0.004237326
57,41,0.0,0.0042014085
57,42,0.0,0.004571015
57,43,0.0,0.0035505788
57,44,0.0,0.0040193116
57,45,0.0,0.003558971
57,46,0.0,0.0043373816
57,47,0.0,0.004660666
57,48,0.183350749137103,0.0037036492
57,49,0.0,0.0045190016
57,50,0.0,0.0036378931
57,51,0.0,0.0043902397
57,52,0.0,0.002199192
57,53,0.0,0.0035851486
57,54,0.0,0.003951774
57,55,0.0,0.003860443
57,56,0.0,0.0037847552
57,57,0.0592409009113908,0.048077475
57,58,0.0,0.0034385296
57,59,0.0,0.0024933205
57,60,0.0,0.004616306
57,61,0.0,0.0035368735
57,62,0.0,0.0033709733
57,63,-0.171281801954123,0.0042809527
57,64,0.0,0.0024970663
57,65,0.0,0.0031361934
57,66,0.0,0.0046448596
57,67,0.0,0.004641379
57,68,0.0,0.002676567
57,69,0.0,0.003720941
57,70,0.0,0.0044234283
57,71,0.0,0.0013287761
57,72,0.0,0.004274414
57,73,0.0,0.0033718431
57,74,0.0,0.00421191
57,75,0.0,0.0026725517
57,76,0.0,0.0045322496
57,77,0.0,0.003551443
57,78,0.0,0.0033711568
57,79,0.0,0.0034525013
57,80,0.0,0.0042387294
57,81,0.0,0.004727698
57,82,0.0,0.0026441393
57,83,0.0,0.003637745
57,84,0.0,0.004462051
57,85,0.0,0.003954176
57,86,0.0,0.0033719065
57,87,0.0,0.003956264
57,88,0.0,0.0042560976
57,89,0.0,0.0024368805
57,90,0.0,0.0036519393
57,91,0.0,0.004604632
57,92,0.0,0.0034935288
57,93,0.0,0.0035649044
57,94,0.0,0.0033713318
57,95,0.0,0.004390631
57,96,0.0,0.0033667348
57,97,0.0,0.0032159807
57,98,0.0,0.0036002807
57,99,0.0,0.000835198
57,100,0.0,0.0044225547
58,1,0.0,0.0035610925
58,2,0.0,-0.00023063412
58,3,0.0,0.003636269
58,4,0.0,0.004163094
58,5,-0.169362277450868,0.0037007155
58,6,0.0,0.0036377832
58,7,0.0,0.0045100395
58,8,-0.152384267496487,0.0045868605
58,9,0.0,0.002755316
58,10,0.0,0.0027261279
58,11,0.0,0.0043987595
58,12,0.0,0.0029854272
58,13,0.0,0.0037874822
58,14,0.0,0.0033974396
58,15,0.0,0.0042947605
58,16,0.0,0.003453238
58,17,0.0,0.003943082
58,18,0.0,0.003975399
58,19,0.0,0.0040039876
58,20,0.164293654634616,0.0035625556
58,21,0.0,0.004605135
58,22,0.0,0.0042359764
58,23,0.0,0.0027070073
58,24,0.0,0.0033632992
58,25,0.0,0.0027565514
58,26,0.0,0.003435392
58,27,0.0,0.0036622025
58,28,0.0,0.003789775
58,29,0.0,0.0034522014
58,30,0.0,0.0040040174
58,31,0.0,0.0045285
58,32,0.0,0.0027426938
58,33,0.0,0.0035538469
58,34,0.0,0.004588561
58,35,0.0,0.003637788
58,36,0.0,0.0042812917
58,37,0.0,0.004587764
58,38,0.0,0.00060592545
58,39,-0.15904463267956,0.0026121344
58,40,-0.160881085070758,0.004309875
58,41,0.0,0.0029295674
58,42,0.0,0.004252822
58,43,0.0,0.003449658
58,44,0.0,0.003451163
58,45,0.0,0.0024444317
58,46,0.0,0.0040869936
58,47,0.0,0.00249604
58,48,0.0,0.0045641623
58,49,0.0,0.0039160596
58,50,0.0,0.0045738714
58,51,0.0,0.0035062423
58,52,0.0,0.004298589
58,53,0.0,0.0041168183
58,54,0.0,0.003366637
58,55,0.0,0.0036378792
58,56,0.0,0.0045472933
58,57,0.0,0.003637758
58,58,0.0,0.048077475
58,59,0.0,0.0034512868
58,60,0.0,0.0043146117
58,61,0.0,0.003454077
58,62,0.0,0.0027806042
58,63,0.16075820046156,0.0041315975
58,64,0.156181575602024,0.0028026788
58,65,0.0,0.004126247
58,66,0.0,0.0038044108
58,67,0.0,0.0045244396
58,68,0.0,0.0042467928
58,69,0.0,0.004270423
58,70,0.0,0.003846907
58,71,0.0,0.0035077296
58,72,0.0,0.004224537
58,73,0.0,0.0032131309
58,74,0.0,0.004308629
58,75,0.0,0.004311301
58,76,0.0,0.0031373166
58,77,0.0,0.0044929525
58,78,0.0,0.003938739
58,79,0.0,0.004552723
58,80,0.0,0.0042526275
58,81,0.0,0.002479636
58,82,0.0,0.0045525683
58,83,0.0,0.003978204
58,84,0.0,0.0019422974
58,85,0.0,0.0032041809
58,86,0.0,0.004570336
58,87,0.0,0.00444567
58,88,0.0,0.0034007225
58,89,0.0,0.004330662
58,90,0.0,0.0025858888
58,91,0.0,0.0034363614
58,92,0.0,0.0038860096
58,93,0.0,0.0034268312
58,94,0.0,0.0046083573
58,95,0.0,0.004536587
58,96,0.0,0.004354554
58,97,0.0,0.0036378568
58,98,-0.156105170586274,0.0033750627
58,99,0.0,0.0026654596
58,100,0.0,0.0031848885
59,1,0.0,0.0042459127
59,2,0.0,0.003697238
59,3,0.0,0.0035278033
59,4,0.0,0.0028036097
59,5,0.0,0.0034513343
59,6,0.0,0.004691434
59,7,0.0,0.00376942
59,8,0.0,0.0037885485
59,9,0.0,0.0045547476
59,10,0.0,0.004554296
59,11,0.0,0.0033752602
59,12,0.0,0.0033745272
59,13,0.0,0.0035088994
59,14,0.0,0.0030226223
59,15,0.0,0.0041102497
59,16,0.0,0.0032090358
59,17,0.0,0.0035404768
59,18,0.0,0.0024354998
59,19,0.16764127054881,0.0034497296
59,20,0.0,0.0014883066
59,21,0.0,0.004244147
59,22,0.0,0.0035739448
59,23,0.0,0.0045099333
59,24,0.0,0.0046684444
59,25,-0.168439659875174,0.002829161
59,26,0.0,0.0027233278
59,27,0.0,0.0046378123
59,28,0.0,0.004480319
59,29,0.0,0.0035108011
59,30,0.184926842724782,0.0040281713
59,31,0.0,0.004214855
59,32,0.0,0.0036744224
59,33,0.0,0.003148321
59,34,0.0,0.003452289
59,35,0.0,0.0041519785
59,36,0.0,0.004716238
59,37,0.0,0.003835613
59,38,0.0,0.004713361
59,39,0.0,0.0025125127
59,40,0.0,0.004531067
59,41,0.0,0.0045426926
59,42,0.0,0.0036300588
59,43,0.0,0.0036281096
59,44,0.0,0.004550022
59,45,0.0,0.004468891
59,46,0.0,0.0045588342
59,47,0.0,0.004484838
59,48,0.0,0.00045502046
59,49,0.0,0.0026947851
59,50,0.0,0.004409994
59,51,0.0,0.003980376
59,52,0.170989748826067,0.0042483713
59,53,0.0,0.00451787
59,54,0.0,4.861038e-06
59,55,0.0,0.0027390765
59,56,0.0,0.004553795
59,57,-0.178347359712082,0.0028386
59,58,0.0,0.0036377273
59,59,-0.911214011255652,0.048077475
59,60,0.0,0.0037332606
59,61,-0.152790649084253,0.0046059154
59,62,0.0,0.0027272673
59,63,0.159364550702298,0.0043635424
59,64,0.0,0.004174118
59,65,0.0,0.0005970681
59,66,0.152601857115747,0.0045599053
59,67,0.0,0.004005517
59,68,0.0,0.0038637873
59,69,0.0,0.0032006912
59,70,0.0,0.0036029732
59,71,0.0,0.0029638503
59,72,0.0,0.0026408825
59,73,0.0,0.0045152865
59,74,0.0,0.004544289
59,75,0.0,0.003814499
59,76,0.0,0.00450919
59,77,0.0,0.0033669714
59,78,0.0,0.004382914
59,79,0.0,0.004707101
59,80,0.0,0.0045289025
59,81,0.0,0.0043525454
59,82,0.0,0.0026048562
59,83,0.0,0.004579001
59,84,0.0,0.004350256
59,85,0.15718098247981,0.004530579
59,86,0.0,0.00452747
59,87,0.142810624618656,0.0038769469
59,88,0.0,0.0042466614
59,89,0.0,0.0043046884
59,90,0.0,0.0034550633
59,91,0.0,0.0033069653
59,92,0.0,0.0034686644
59,93,0.0,0.003718651
59,94,0.0,0.0038113277
59,95,0.0,0.003832356
59,96,0.0,0.0036127642
59,97,0.0,0.0033765798
59,98,0.0,0.0046314057
59,99,0.0,0.0027149091
59,100,0.0,0.0037514884
60,1,0.0,0.0035152556
60,2,0.0,0.003367113
60,3,0.0,0.0028013024
60,4,0.0,0.004441634
60,5,0.0,0.0036378484
60,6,0.0,0.003089522
60,7,0.0,0.004624624
60,8,-0.141486387986058,0.0034483196
60,9,0.0,0.0040246323
60,10,0.0,0.004735524
60,11,0.0,0.0029949974
60,12,-0.158988874442811,0.0024932362
60,13,0.0,0.003474922
60,14,0.0,0.0042341175
60,15,0.0,0.0036769258
60,16,0.0,0.003288215
60,17,0.0,0.0035966355
60,18,0.166293070524726,0.0037569199
60,19,0.0,0.0034997491
60,20,0.0,0.00345298
60,21,0.151199631015504,0.003452071
60,22,0.0,0.0033667395
60,23,0.0,0.0042929836
60,24,0.0,0.0033676242
60,25,0.0,0.0041806223
60,26,-0.154648733962141,0.0036376994
60,27,0.0,0.004057588
60,28,0.0,0.003197778
60,29,0.0,0.0025823181
60,30,0.0,0.0038164956
60,31,0.0,0.0027241162
60,32,0.0,0.0045044925
60,33,0.0,0.004674795
60,34,0.0,0.0042499145
60,35,0.0,0.003948533
60,36,0.0,0.0029247366
60,37,0.0,0.002510116
60,38,0.0,0.004509285
60,39,0.0,0.0040132888
60,40,0.0,0.0031107357
60,41,0.0,0.0034128623
60,42,0.0,0.0033779247
60,43,0.0,0.0027253442
60,44,0.0,0.0035505174
60,45,0.0,0.003960292
60,46,0.0,0.003419363
60,47,0.0,0.004566335
60,48,0.158031633935012,0.003747549
60,49,0.0,0.003049734
60,50,0.0,0.004612767
60,51,0.0,0.0029263217
60,52,0.0,0.0034618564
60,53,0.0,0.0028261421
60,54,0.0,0.0044941017
60,55,0.0,0.0033681607
60,56,0.0,0.0033550207
60,57,0.0,0.004292627
60,58,0.0,0.003994233
60,59,0.0,0.003637894
60,60,0.0,0.048077475
60,61,0.0,0.0031825844
60,62,0.0,0.0042774994
60,63,0.0,0.0031060707
60,64,0.184323103848749,0.0044964915
60,65,0.0,0.0026377244
60,66,0.0,0.004315404
60,67,0.0,0.004532043
60,68,0.0,0.0015532826
60,69,0.0,0.0033763153
60,70,0.0,0.003195053
60,71,0.0,0.003088382
60,72,0.0,0.0035173437
60,73,-0.178614080387407,0.0034514004
60,74,0.0,0.0032202639
60,75,0.0,0.0034638746
60,76,0.0,0.0045737596
60,77,0.0,0.003374977
60,78,0.0,0.0027260953
60,79,0.0,0.0045408495
60,80,0.209581500053212,0.0045870775
60,81,0.0,0.002722003
60,82,0.0,0.0034310361
60,83,0.0,0.0024784761
60,84,0.0,0.0036377832
60,85,0.187124816551012,0.0043368395
60,86,0.0,0.0033379523
60,87,0.0,0.0025548744
60,88,0.0,0.0030213324
60,89,0.0,0.0033670971
60,90,0.0,0.0042476347
60,91,0.0,0.0035995115
60,92,0.0,0.0042321943
60,93,0.0,0.002387552
60,94,0.174782265230468,0.003894683
60,95,0.0,0.003450702
60,96,0.0,0.003579557
60,97,0.0,0.004015345
60,98,0.184232931819183,0.0038555646
60,99,0.0,0.0034520077
60,100,0.0,0.0034473324
61,1,0.0,0.0034766737
61,2,0.0,0.0045502298
61,3,0.0,0.0043476745
61,4,0.0,0.004245745
61,5,0.0,0.0036378093
61,6,0.0,0.0045113154
61,7,0.0,0.0047284905
61,8,0.0,0.004428843
61,9,0.0,0.0035104565
61,10,0.0,0.004332641
61,11,0.0,0.0045790765
61,12,0.0,0.0032412373
61,13,0.0,0.0035683513
61,14,0.0,0.0043340353
61,15,0.0,0.0033732112
61,16,0.164995463140076,0.0041905334
61,17,0.0,0.0045835767
61,18,0.0,0.0034682257
61,19,0.0,0.003619302
61,20,0.0,0.0031799776
61,21,0.0,0.0038444912
61,22,0.0,0.0033729225
61,23,0.0,0.002666643
61,24,0.0,0.0037168534
61,25,0.0,0.0039667003
61,26,0.0,0.0027219541
61,27,0.172657004373903,0.0034942692
61,28,0.0,0.0044467496
61,29,0.0,0.0038578054
61,30,0.0,0.0039990675
61,31,0.0,0.0037431605
61,32,0.15978824292162,0.0031306641
61,33,0.0,0.0027536931
61,34,0.0,0.0036377553
61,35,0.0,0.00290991
61,36,0.0,0.0040770443
61,37,0.0,0.004269315
61,38,0.0,0.0033687763
61,39,0.0,0.004304953
61,40,0.0,0.0042293323
61,41,0.0,0.0042544184
61,42,0.0,0.004003443
61,43,0.0,0.0038947146
61,44,0.0,0.003128102
61,45,0.0,0.0041463627
61,46,0.157595912857895,0.0043874756
61,47,0.0,0.0039348416
61,48,0.0,0.004142618
61,49,0.0,0.0028305291
61,50,0.0,0.0045999913
61,51,0.0,0.0046125036
61,52,0.0,0.0039750747
61,53,0.0,0.004544153
61,54,0.0,0.0034520533
61,55,-0.159520264341177,0.00030620676
61,56,0.0,0.0037802644
61,57,0.0,0.0034657158
61,58,0.0,0.003368413
61,59,0.0,0.0042394726
61,60,0.0,0.0030640978
61,61,0.0,0.048077475
61,62,0.0,0.003410018
61,63,0.0,0.00396391
61,64,0.0,0.004652207
61,65,0.0,0.003168501
61,66,0.0,0.0041629095
61,67,0.0,0.004593065
61,68,0.0,0.003705399
61,69,0.0,0.0036377152
61,70,0.0,0.0045294287
61,71,0.160050052296405,0.0044556055
61,72,0.0,0.0034524016
61,73,0.0,0.0033491952
61,74,0.0,0.0036376743
61,75,0.0,0.0035970546
61,76,0.0,0.00378621
61,77,0.0,0.0033685435
61,78,0.0,0.0022973605
61,79,0.0,0.003999956
61,80,0.0,0.0047052046
61,81,0.0,0.0036184974
61,82,0.0,0.0027205679
61,83,0.0,0.002726595
61,84,-0.152491865500348,0.0026795529
61,85,0.0,0.002838768
61,86,0.0,0.00472858
61,87,0.15265129497653,0.0045622066
61,88,0.0,0.00430414
61,89,0.171003183905106,0.004340969
61,90,0.0,0.0038567865
61,91,0.0,0.0037304228
61,92,0.0,0.0027837646
61,93,0.0,0.004695297
61,94,0.0,0.0027503548
61,95,-0.156775230613583,0.003688207
61,96,0.0,0.0029998217
61,97,0.0,0.0035679117
61,98,0.0,0.0032622842
61,99,0.0,0.004116155
61,100,-0.17228943404058,0.0030745007
62,1,0.0,0.003534398
62,2,0.0,0.00195819
62,3,0.0,0.004499633
62,4,0.0,0.002512184
62,5,0.0,0.004234515
62,6,0.0,0.0035759956
62,7,0.0,0.0042666867
62,8,0.0,0.004000645
62,9,0.177786739538395,0.0033532511
62,10,0.0,0.00418556
62,11,0.0,0.0035177413
62,12,0.0,0.0029042866
62,13,0.0,0.004556504
62,14,0.0,0.0037963549
62,15,0.153739764402044,0.0033764243
62,16,0.0,0.0026681637
62,17,0.0,0.0033681188
62,18,0.0,0.0034096465
62,19,0.0,0.0045869863
62,20,0.0,0.0028039007
62,21,0.0,0.003472929
62,22,0.0,0.0044905217
62,23,0.0,0.00385316
62,24,0.0,0.0046738777
62,25,0.0,0.0034504123
62,26,0.0,0.0040464783
62,27,0.0,0.0035800254
62,28,0.0,0.0037171915
62,29,0.161015071065109,0.0033482444
62,30,0.0,0.004007195
62,31,0.0,0.003044772
62,32,0.0,0.0038751997
62,33,0.0,0.004447514
62,34,0.0,0.0033658491
62,35,0.153772531024514,0.0039162952
62,36,0.0,0.0032554688
62,37,0.0,0.00442232
62,38,0.0,0.004588915
62,39,0.0,0.003462677
62,40,0.0,0.0025103092
62,41,0.0,0.0025117574
62,42,0.0,0.003637839
62,43,0.15604329017518,0.0028428491
62,44,0.0,0.0038884608
62,45,0.0,0.004154101
62,46,0.0,0.0035969382
62,47,0.0,0.0039439136
62,48,0.0,0.0030757189
62,49,0.16800428965068,0.0042394027
62,50,0.0,0.004596418
62,51,0.0,0.00444868
62,52,0.0,0.003462512
62,53,0.0,0.0042724675
62,54,0.0,0.0034955414
62,55,0.0,0.002733064
62,56,0.0,0.0044897255
62,57,0.0,0.0033675097
62,58,0.0,0.0028465134
62,59,0.0,0.0027493834
62,60,0.0,0.0045982795
62,61,0.0,0.0034202076
62,62,-0.354075102135539,0.048077475
62,63,0.0,0.0029052934
62,64,0.0,0.0044662133
62,65,0.0,0.0035828464
62,66,0.0,0.0036212802
62,67,0.0,0.0040531727
62,68,-0.163166320013802,0.0042415336
62,69,0.0,0.0027100546
62,70,-0.173489429874336,0.004269734
62,71,0.0,0.0032088654
62,72,0.0,0.004407621
62,73,0.0,0.003609647
62,74,0.0,0.004243263
62,75,0.0,0.0033673802
62,76,0.0,0.003533205
62,77,0.0,0.0031459844
62,78,0.0,0.0036376938
62,79,0.0,0.004242572
62,80,0.0,0.0035409182
62,81,0.0,0.0033683218
62,82,0.0,0.0042609517
62,83,0.0,0.0042318488
62,84,0.0,0.0036379043
62,85,0.0,0.0039581265
62,86,0.0,0.0029284237
62,87,0.0,0.0042177243
62,88,0.0,0.0044129062
62,89,0.0,0.0040476006
62,90,0.0,0.00336147
62,91,0.0,0.0032163318
62,92,0.0,0.0033873096
62,93,0.0,0.0037088543
62,94,0.0,0.003634409
62,95,0.0,0.0044562425
62,96,0.0,0.002597353
62,97,0.0,0.0039720247
62,98,0.0,0.002487123
62,99,0.0,0.0042933896
62,100,0.0,0.0035770554
63,1,0.0,0.004587629
63,2,0.0,0.004678962
63,3,0.0,0.00345039
63,4,0.0,0.003178888
63,5,0.0,0.0038681459
63,6,0.0,0.0033709295
63,7,0.0,0.0033672918
63,8,0.0,0.003706295
63,9,0.0,0.004591694
63,10,0.0,0.002485911
63,11,0.0,0.0033839364
63,12,0.0,0.0041786255
63,13,0.165934483909908,0.0043369103
63,14,0.0,0.004046181
63,15,0.0,0.0033905879
63,16,0.0,0.004693318
63,17,0.0,0.0027493038
63,18,0.0,0.0038231397
63,19,0.0,0.0035787513
63,20,0.0,0.0036292113
63,21,0.0,0.004622505
63,22,0.0,0.0033014873
63,23,0.0,0.0046149483
63,24,0.0,0.0035961177
63,25,-0.163837103620695,0.003295784
63,26,0.0,0.004262617
63,27,0.0,0.0035529528
63,28,0.0,0.004616935
63,29,0.0,0.0040840665
63,30,0.0,0.004304981
63,31,0.0,0.004272299
63,32,0.0,0.0038552582
63,33,0.0,0.0029535275
63,34,0.0,0.0046284953
63,35,0.0,0.0046937065
63,36,0.0,0.0039010393
63,37,0.0,0.0043405304
63,38,0.0,0.0033691842
63,39,0.0,0.0042134114
63,40,0.0,0.0027655633
63,41,0.0,0.003103788
63,42,0.0,0.0034677107
63,43,0.0,0.0037377765
63,44,0.0,0.0026623379
63,45,0.151880263368524,0.00019867625
63,46,0.0,0.004630329
63,47,0.0,0.003474568
63,48,0.0,0.0033701956
63,49,0.0,0.004667988
63,50,0.0,0.00431824
63,51,0.148348874280785,0.0043176264
63,52,0.166317512260793,0.004451772
63,53,0.0,0.004633153
63,54,0.0,0.0039771646
63,55,0.0,0.0028457171
63,56,0.0,0.003941112
63,57,0.0,0.0041423
63,58,0.0,0.0041931802
63,59,0.0,0.0041336836
63,60,0.0,0.0034523904
63,61,0.0,0.0039067417
63,62,0.162940351087681,0.0028726486
63,63,0.0,0.048077475
63,64,0.0,0.0032033883
63,65,0.0,-0.00012038788
63,66,0.0,0.0025104815
63,67,0.0,0.0028319317
63,68,0.0,0.003216776
63,69,0.169216777818818,0.0036142431
63,70,0.0,0.0043048263
63,71,0.0,0.002629268
63,72,0.0,0.0044034095
63,73,0.0,0.0034532733
63,74,0.0,0.004599655
63,75,0.0,0.0042011132
63,76,0.0,0.004669832
63,77,0.0,0.0046099275
63,78,0.0,0.0040937103
63,79,0.0,0.0045915367
63,80,0.0,0.0044902386
63,81,0.0,0.0042213257
63,82,0.0,0.0035834229
63,83,0.0,0.0027930439
63,84,0.159052911790548,0.0033684913
63,85,0.0,0.0036378922
63,86,0.0,0.0033759037
63,87,0.0,0.0027220403
63,88,0.0,0.0025108415
63,89,0.178360689839548,0.004035783
63,90,0.0,0.0042608446
63,91,0.0,0.004632512
63,92,0.0,0.0034968723
63,93,0.0,0.002741987
63,94,0.0,0.0029018158
63,95,0.0,0.002467514
63,96,0.0,0.002578786
63,97,0.0,0.004328889
63,98,0.0,0.0035151634
63,99,0.0,0.0028015897
63,100,0.17970228159375,0.0034424998
64,1,0.0,0.0032184133
64,2,0.0,0.0034864293
64,3,0.18470147966521,0.0034880657
64,4,0.0,0.0040376894
64,5,0.0,0.0036377925
64,6,0.168777775393124,0.003452425
64,7,0.0,0.0036036326
64,8,0.0,0.003487125
64,9,0.0,0.0037793005
64,10,0.0,0.0034401063
64,11,0.0,0.002533839
64,12,0.185070000223961,0.0029564835
64,13,0.0,0.0036378568
64,14,0.0,9.2504546e-05
64,15,0.0,0.0045292294
64,16,0.0,0.0035579856
64,17,0.0,0.0045840405
64,18,0.0,0.0035088193
64,19,0.0,0.0033365125
64,20,0.0,0.003499371
64,21,0.0,0.0041141715
64,22,0.0,0.0036229072
64,23,0.0,0.0027229963
64,24,0.0,0.0036406517
64,25,0.0,0.0039288253
64,26,0.0,0.004412894
64,27,0.0,0.0033920174
64,28,0.16839259266698,0.00447686
64,29,0.171989962959773,0.0026681237
64,30,0.0,0.003602041
64,31,0.0,0.003473471
64,32,0.0,0.0043925783
64,33,0.0,0.0026358976
64,34,0.0,0.004564586
64,35,0.0,0.002980763
64,36,0.0,0.0036378438
64,37,0.159845860453518,0.0033668783
64,38,0.0,0.0034041544
64,39,0.0,0.0031963987
64,40,0.0,0.003358608
64,41,0.0,0.003374979
64,42,0.0,0.0044404184
64,43,0.0,0.0046092886
64,44,0.0,0.0032001967
64,45,0.0,0.00374813
64,46,0.0,0.004417602
64,47,0.0,0.0029081115
64,48,-0.183955730426067,0.0036216592
64,49,0.0,0.003637678
64,50,0.0,0.0027209306
64,51,0.0,0.0033754641
64,52,0.180600254520485,0.0032507302
64,53,0.0,0.00343386
64,54,0.0,0.0045653395
64,55,0.0,0.0036376882
64,56,0.0,0.0035661831
64,57,0.0,0.0025037802
64,58,0.0,0.002802059
64,59,0.178935831894878,0.003272619
64,60,0.0,0.0041339463
64,61,0.0,0.0045866705
64,62,0.176933075044733,0.0044735298
64,63,0.0,0.0032121995
64,64,-0.268139486666769,0.048077475
64,65,0.0,0.0045435587
64,66,0.0,0.003544733
64,67,0.166093681265356,0.0028820569
64,68,0.0,0.0035031866
64,69,0.0,0.0038379487
64,70,0.0,0.0042970665
64,71,-0.162183784742625,0.0046153096
64,72,0.0,0.004450489
64,73,0.0,0.0025098966
64,74,0.0,0.0044904742
64,75,0.0,0.0046140477
64,76,0.0,0.004327519
64,77,0.0,0.0031306613
64,78,0.0,0.0010693613
64,79,0.0,0.004553346
64,80,0.0,0.0031864848
64,81,0.0,0.003538466
64,82,0.0,0.003717158
64,83,0.0,0.003202564
64,84,0.0,0.004506544
64,85,0.0,0.0042274883
64,86,0.0,0.0025054202
64,87,0.0,0.0043018255
64,88,0.0,0.0031718863
64,89,0.0,0.0045314543
64,90,0.0,0.003637815
64,91,0.0,0.0035433024
64,92,0.0,0.0036538318
64,93,0.0,0.0033665914
64,94,0.0,0.0033806162
64,95,0.0,0.0044925967
64,96,0.0,0.0037064655
64,97,0.0,0.004650905
64,98,0.0,0.004018821
64,99,0.0,0.00042334618
64,100,0.0,0.0039555486
65,1,0.163480096064556,0.0035689827
65,2,0.0,0.0041651605
65,3,0.0,0.002980696
65,4,0.0,0.0044429274
65,5,0.0,0.0042342795
65,6,0.0,0.0038661072
65,7,0.0,0.0031995578
65,8,0.0,0.0033667851
65,9,0.0,0.0042063436
65,10,0.0,0.0034522843
65,11,0.0,0.0032917624
65,12,0.0,0.0024345214
65,13,0.161470158556859,0.0035360036
65,14,0.0,0.0039674416
65,15,0.0,0.004607713
65,16,0.0,0.003345808
65,17,0.0,0.0044820905
65,18,0.173467727153012,0.003403036
65,19,0.158673525928663,0.0032065026
65,20,0.0,0.0030677281
65,21,0.0,0.0046067666
65,22,0.0,0.0035232333
65,23,0.0,0.002512678
65,24,0.0,0.0041490216
65,25,0.0,0.0033715097
65,26,0.16132099974373,0.0029875971
65,27,0.0,0.0031227302
65,28,0.0,0.003944315
65,29,0.0,0.0038489448
65,30,-0.175034429636186,0.0038329978
65,31,0.0,0.004233787
65,32,0.0,0.0030915737
65,33,0.0,0.0014797123
65,34,0.0,0.003295906
65,35,0.0,0.0041095074
65,36,0.0,0.0032079732
65,37,0.0,0.004378682
65,38,0.0,0.003970608
65,39,0.0,0.0034556882
65,40,0.0,0.002799991
65,41,0.0,0.0035567796
65,42,0.0,0.004026616
65,43,0.0,0.003675892
65,44,0.0,0.0031547071
65,45,0.0,0.0025000041
65,46,0.0,0.004119249
65,47,0.0,0.0033679502
65,48,0.0,0.0044666305
65,49,-0.160817086829979,0.0042956844
65,50,0.0,0.004264582
65,51,0.0,0.0037168842
65,52,-0.161842881857598,0.003487097
65,53,0.0,0.0033769906
65,54,0.0,0.0034143487
65,55,0.0,0.0025278353
65,56,0.0,0.0037206523
65,57,0.0,0.0029682973
65,58,0.0,0.0040933965
65,59,-0.160351328287684,0.002451107
65,60,0.0,0.0033297632
65,61,0.0,0.0033638952
65,62,0.0,0.003637815
65,63,0.0,-1.6328879e-05
65,64,0.169363899884499,0.00441349
65,65,0.0,0.048077475
65,66,0.0,0.0043590115
65,67,0.0,0.0032470906
65,68,0.0,0.003686795
65,69,0.0,0.0016069878
65,70,0.0,0.0028890613
65,71,0.0,0.0045437384
65,72,0.0,0.002504934
65,73,0.0,0.0034402534
65,74,0.0,0.002787102
65,75,0.0,0.0035709022
65,76,0.0,0.0027781026
65,77,0.0,0.0033705998
65,78,0.0,0.0034513278
65,79,0.0,0.00426179
65,80,0.0,0.0028550266
65,81,0.0,0.0039508715
65,82,0.0,0.0033599623
65,83,0.0,0.004489988
65,84,0.0,0.003677749
65,85,0.0,0.0036379015
65,86,0.0,0.0045526577
65,87,0.0,0.004321765
65,88,0.0,0.0045010056
65,89,0.0,0.0034557702
65,90,0.0,0.0035114828
65,91,0.0,0.0038418155
65,92,0.0,0.0030925358
65,93,0.0,0.0035602767
65,94,0.0,0.0026409794
65,95,0.0,0.0036376845
65,96,0.0,0.0035003973
65,97,0.0,0.0034684045
65,98,0.0,0.003506871
65,99,0.0,0.002883249
65,100,0.0,0.004488061
66,1,0.0,0.003999102
66,2,0.0,0.0024892283
66,3,0.0,0.001992981
66,4,0.0,0.0033659115
66,5,0.0,0.0043645976
66,6,0.0,0.0041881427
66,7,0.0,0.0046156533
66,8,0.0,0.0028573405
66,9,0.0,0.0032032114
66,10,0.0,0.0029845163
66,11,0.0,0.0033889757
66,12,0.0,0.00419705
66,13,0.162054038980153,0.0035505174
66,14,0.0,0.0040036915
66,15,0.147694940832134,0.0031657722
66,16,0.0,0.0036246423
66,17,0.0,0.00427658
66,18,0.0,0.004540736
66,19,0.0,0.0035308693
66,20,0.0,0.004126719
66,21,0.0,0.0025387495
66,22,0.0,0.0045107985
66,23,0.0,0.004445847
66,24,0.0,0.0035980009
66,25,0.0,0.0033135172
66,26,0.0,0.0027884464
66,27,0.0,0.0036377227
66,28,0.0,0.0033870498
66,29,0.0,0.0029614018
66,30,0.0,0.0027637193
66,31,0.0,0.003029612
66,32,0.0,0.0030790335
66,33,0.0,0.0038360478
66,34,0.0,0.003956232
66,35,0.0,0.004283903
66,36,0.0,0.003453021
66,37,0.0,0.0034526205
66,38,0.0,0.0033725053
66,39,0.0,0.0040636025
66,40,0.0,0.003348276
66,41,-0.16347573770635,0.0046246964
66,42,0.0,0.0031396905
66,43,0.0,0.003727411
66,44,0.0,0.0028827144
66,45,0.0,0.004310537
66,46,0.0,0.003452355
66,47,0.0,0.002739545
66,48,0.0,0.004256624
66,49,0.0,0.0045164414
66,50,0.0,0.0041400045
66,51,0.0,0.0033766674
66,52,0.0,0.0032094643
66,53,0.0,0.0013682107
66,54,0.0,0.0036378643
66,55,0.0,0.0043201614
66,56,0.0,0.0045815
66,57,0.0,0.004246412
66,58,0.0,0.003985893
66,59,0.0,0.003878409
66,60,0.0,0.004593998
66,61,0.0,0.0040239096
66,62,0.0,0.0034943474
66,63,0.0,0.0025118296
66,64,0.0,0.0036378028
66,65,0.0,0.0043502674
66,66,0.0,0.048077475
66,67,0.0,0.0042973645
66,68,0.0,0.004619226
66,69,0.0,0.003479532
66,70,0.0,0.004572994
66,71,0.159852290426726,0.003742218
66,72,0.0,0.0036378326
66,73,0.0,0.0037363404
66,74,0.0,0.0044236816
66,75,0.0,0.0026283856
66,76,-0.159098454552865,0.0033776117
66,77,0.161049048186112,0.0045150826
66,78,0.0,0.0028406573
66,79,0.0,0.0035088705
66,80,0.0,0.0030697882
66,81,0.0,0.0036377301
66,82,0.0,0.0029141624
66,83,0.15601353679987,0.0036106836
66,84,0.0,0.0008351924
66,85,0.0,0.0046018343
66,86,0.147118547524719,0.0031705387
66,87,0.0,0.0032145483
66,88,0.0,0.0038765036
66,89,0.0,0.0035356302
66,90,0.0,0.0033693109
66,91,0.0,0.0030131368
66,92,0.0,0.002283541
66,93,0.0,0.0037733773
66,94,0.0,0.003071622
66,95,0.0,0.003470461
66,96,0.0,0.0031757727
66,97,0.0,0.004338501
66,98,0.0,0.0034384048
66,99,0.0,0.0031251637
66,100,0.0,0.0026348596
67,1,0.0,0.0034825094
67,2,0.0,0.003834052
67,3,0.0,0.0033795089
67,4,0.0,0.004489024
67,5,0.0,0.0046042185
67,6,0.0,0.002507045
67,7,0.0,0.0032064812
67,8,0.0,0.0031701485
67,9,0.0,0.003014937
67,10,0.168252912099187,0.004264009
67,11,0.0,0.0011161822
67,12,0.0,0.003065751
67,13,0.0,0.003548164
67,14,0.0,0.00455421
67,15,0.0,0.003684122
67,16,0.0,0.0026759151
67,17,0.0,0.0041722935
67,18,0.0,0.003960397
67,19,0.0,0.0033677854
67,20,0.0,0.0032092407
67,21,0.0,0.0045428937
67,22,0.0,0.0033659535
67,23,0.0,0.0046468824
67,24,0.0,0.0033721551
67,25,0.0,0.004360035
67,26,0.0,0.003219571
67,27,0.0,0.0033901427
67,28,0.0,0.0036726212
67,29,0.16476841800296,0.0033709155
67,30,0.0,0.0035225786
67,31,0.0,0.002549665
67,32,0.0,-0.00018680049
67,33,0.0,0.004284421
67,34,0.0,0.0030038292
67,35,0.0,0.0045917304
67,36,0.0,0.0031759534
67,37,0.0,0.004324641
67,38,0.0,0.0043830853
67,39,0.0,0.002791767
67,40,0.166578778918806,0.003637814
67,41,0.0,0.004610125
67,42,0.0,0.003202092
67,43,-0.159680742256385,0.0041010557
67,44,0.0,0.002528966
67,45,0.0,0.0030631097
67,46,0.0,0.0026216377
67,47,0.0,0.0045504514
67,48,0.0,0.004235033
67,49,0.0,0.0023256573
67,50,0.176822671017132,0.004192382
67,51,0.0,0.004573033
67,52,0.0,0.0037926044
67,53,0.0,0.0028015901
67,54,0.0,0.0024890578
67,55,0.163128981976272,0.0043241624
67,56,0.0,0.003384402
67,57,0.180462029406759,0.004513614
67,58,0.0,0.0045150723
67,59,0.0,0.0036001327
67,60,0.0,0.0034154654
67,61,0.0,0.0046702363
67,62,0.0,0.0042068344
67,63,0.0,0.0035304194
67,64,0.0,0.002742101
67,65,0.0,0.003457062
67,66,0.0,0.00451437
67,67,0.0,0.048077475
67,68,0.0,0.0033753272
67,69,0.0,0.0040217256
67,70,0.0,0.0031640483
67,71,0.0,0.004579583
67,72,0.0,0.0045856126
67,73,0.0,0.0042666476
67,74,0.0,0.003415648
67,75,0.0,0.0046204086
67,76,0.0,0.004565861
67,77,0.0,0.003134408
67,78,0.0,0.004687609
67,79,0.0,0.0043215686
67,80,0.0,0.0033824146
67,81,0.0,0.004240983
67,82,0.0,0.003627872
67,83,0.0,0.0033818036
67,84,0.0,0.0040883645
67,85,0.0,0.0030827206
67,86,0.0,0.004718894
67,87,0.0,0.00429212
67,88,0.154921127090268,0.0033723665
67,89,0.0,0.0027165879
67,90,0.0,0.003482988
67,91,0.0,0.0033711959
67,92,0.153025763021273,0.0034830868
67,93,0.0,0.0028145146
67,94,0.157496424733861,0.0034997351
67,95,0.0,0.0040179333
67,96,0.0,0.0035221484
67,97,0.0,0.0033781948
67,98,0.0,0.0032367166
67,99,0.0,0.003013542
67,100,0.0,0.0034566475
68,1,0.0,0.003711502
68,2,0.0,0.0028406442
68,3,0.0,0.0033768378
68,4,0.0,0.003481689
68,5,0.0,0.0034288485
68,6,0.0,0.0033774823
68,7,0.0,0.0034619672
68,8,0.0,0.004615103
68,9,0.0,0.0027666446
68,10,0.0,0.0039759725
68,11,0.0,0.0032691993
68,12,0.0,0.003366407
68,13,0.0,0.002719435
68,14,0.0,0.0035562078
68,15,0.0,0.0035673631
68,16,0.0,0.003399671
68,17,0.0,0.0036751693
68,18,0.0,0.004177494
68,19,0.0,0.004593361
68,20,0.0,0.004455232
68,21,0.0,0.002777149
68,22,0.0,0.0036378438
68,23,0.0,0.0026197592
68,24,0.0,0.0027732109
68,25,0.0,0.00438717
68,26,-0.163764084774227,0.0025053779
68,27,0.0,0.0033697411
68,28,0.0,0.0034278305
68,29,0.0,0.003370964
68,30,0.0,0.003049625
68,31,0.0,0.0043253712
68,32,0.0,0.0036350843
68,33,0.0,0.004478027
68,34,0.0,0.0020909607
68,35,0.0,0.0030668173
68,36,0.0,0.0030430332
68,37,0.0,0.004266871
68,38,0.0,0.0031188
68,39,0.0,0.004425821
68,40,0.0,0.004271197
68,41,0.0,0.0028471397
68,42,0.0,0.0043516317
68,43,0.0,0.003549791
68,44,0.0,0.00425449
68,45,0.0,0.00343588
68,46,-0.153035557236574,0.0043117413
68,47,0.0,0.0042797793
68,48,0.0,0.0028456454
68,49,0.0,0.0029846486
68,50,0.0,0.0036377562
68,51,0.0,0.00396006
68,52,0.0,0.0039441967
68,53,0.0,0.0007631844
68,54,0.0,0.004420582
68,55,0.0,0.0038545793
68,56,0.0,0.0040642153
68,57,0.171363360691617,0.0025112112
68,58,0.0,0.004273628
68,59,0.0,0.0033785347
68,60,0.0,0.00058786804
68,61,0.0,0.0036649872
68,62,0.0,0.0042717205
68,63,0.0,0.0032175975
68,64,0.0,0.0036075655
68,65,0.0,0.0037940992
68,66,0.0,0.004731532
68,67,0.0,0.00336733
68,68,0.0449301635380834,0.048077475
68,69,0.0,0.0036282325
68,70,0.0,0.004129419
68,71,0.0,0.0027398053
68,72,0.0,0.003504321
68,73,0.0,0.0027226596
68,74,0.0,0.0046799015
68,75,0.0,0.00347317
68,76,0.0,0.0031374795
68,77,0.0,0.0035057887
68,78,-0.160188868154669,0.0035049282
68,79,0.0,0.0031864876
68,80,0.0,0.0032177856
68,81,0.0,0.0032096403
68,82,0.0,0.004469404
68,83,0.15194886636805,0.0036124177
68,84,0.0,0.0034526
68,85,0.0,0.0033543138
68,86,0.0,0.0034518717
68,87,0.0,0.0027945787
68,88,0.0,0.0032012584
68,89,0.0,0.0028383355
68,90,0.0,0.0043768147
68,91,0.0,0.003797588
68,92,0.0,0.0037894966
68,93,0.149414394411556,0.004703572
68,94,0.0,0.0030403472
68,95,0.0,0.0046490273
68,96,0.0,0.0034530414
68,97,0.0,0.0030958662
68,98,0.0,0.0040297452
68,99,0.0,0.0034921663
68,100,0.0,0.0039301207
69,1,-0.168041133955763,0.0038446635
69,2,0.0,0.003969052
69,3,0.0,0.004519075
69,4,0.0,0.0023069913
69,5,0.0,0.004201267
69,6,0.0,0.0032188324
69,7,0.0,0.0032219822
69,8,0.0,0.0033757156
69,9,0.0,0.0010064808
69,10,0.0,0.0038561588
69,11,0.0,0.0043549268
69,12,0.0,0.0036376724
69,13,0.0,0.000873866
69,14,0.0,0.0034518344
69,15,0.0,0.0033732764
69,16,0.0,0.0034482647
69,17,0.0,0.0025118385
69,18,0.0,0.0039490126
69,19,0.0,0.0025129616
69,20,0.0,0.004470228
69,21,-0.162123505774203,0.0029251734
69,22,0.0,0.0027102814
69,23,0.0,0.0043392135
69,24,0.0,0.0038529923
69,25,0.0,0.0044932906
69,26,0.0,0.0036164913
69,27,0.0,0.004485661
69,28,0.0,0.0033702357
69,29,0.0,0.0034513725
69,30,0.0,0.0034474758
69,31,0.0,0.0036640856
69,32,0.0,0.0034310557
69,33,0.0,0.003491262
69,34,0.0,0.0033604717
69,35,0.0,0.004578123
69,36,0.0,0.00272094
69,37,-0.14724052528723,0.0033694766
69,38,0.0,0.00014731102
69,39,0.0,0.0025572116
69,40,0.0,0.003935011
69,41,0.0,0.0024942919
69,42,0.15527238947857,0.0042891316
69,43,0.0,0.0025641872
69,44,0.0,0.0043170294
69,45,0.0,0.0037702564
69,46,0.0,0.0024904348
69,47,0.0,0.0036914991
69,48,0.0,0.004301768
69,49,0.0,0.0026852582
69,50,0.0,0.0029685525
69,51,0.0,0.0032205814
69,52,0.166358242041158,0.0043523805
69,53,0.0,0.0043461937
69,54,0.146002159190513,0.004552965
69,55,0.0,0.0034835804
69,56,0.0,0.0028967606
69,57,0.0,0.002685877
69,58,0.0,0.0042402036
69,59,0.0,0.0028293831
69,60,0.0,0.0036447197
69,61,0.0,0.0036369981
69,62,0.0,0.002565687
69,63,0.0,0.0041186307
69,64,0.0,0.003051891
69,65,0.0,0.0017307606
69,66,0.0,0.0034700502
69,67,0.0,0.003693916
69,68,0.0,0.0035204506
69,69,0.0,0.048077475
69,70,0.0,0.004332847
69,71,0.0,0.003637853
69,72,0.0,0.0035021445
69,73,0.0,0.0033704154
69,74,0.0,0.0034558745
69,75,0.0,0.0036626793
69,76,0.0,0.0031168424
69,77,0.0,0.0043099225
69,78,0.0,0.0027639861
69,79,0.0,0.0042556804
69,80,0.0,0.0033549936
69,81,0.0,0.004605893
69,82,0.0,0.002990882
69,83,0.0,0.004279984
69,84,0.0,0.0023311386
69,85,0.0,0.0038877577
69,86,0.0,0.003553532
69,87,0.0,0.0034726085
69,88,0.0,0.0034818165
69,89,0.0,0.0037435992
69,90,0.0,0.0028073345
69,91,0.0,0.0027370453
69,92,0.0,0.0035360223
69,93,0.0,0.0035255514
69,94,0.0,0.0037466343
69,95,0.0,0.003055849
69,96,-0.154197815282863,0.003577983
69,97,0.0,0.0041458253
69,98,0.0,0.0036403267
69,99,0.169385147726383,0.0034435773
69,100,0.0,0.0039388426
70,1,0.0,0.0033685435
70,2,0.0,0.0037752492
70,3,0.0,0.004291429
70,4,0.0,0.0025100773
70,5,0.0,0.0026733666
70,6,0.0,0.0030609816
70,7,0.0,-0.0002730703
70,8,0.0,0.0045816395
70,9,0.0,0.0033758078
70,10,0.0,0.004567016
70,11,0.0,0.00394947
70,12,0.0,0.0047349995
70,13,0.0,0.0033552665
70,14,0.0,0.004682713
70,15,0.0,0.0034510652
70,16,0.159358853658498,0.0025905436
70,17,0.0,0.0022477093
70,18,0.0,0.0034764307
70,19,0.0,0.00425243
70,20,0.0,0.00350957
70,21,0.0,0.0035041086
70,22,0.168545645178307,0.003366786
70,23,-0.156188530754145,0.004496446
70,24,0.0,0.0028246925
70,25,0.0,0.003451054
70,26,0.0,0.0036377152
70,27,0.0,0.0036065169
70,28,0.0,0.00337152
70,29,0.0,0.0036376948
70,30,0.0,0.0038924096
70,31,0.0,0.0035124999
70,32,0.0,0.004549399
70,33,0.0,0.0046508424
70,34,0.0,0.0034397934
70,35,0.0,0.0040615723
70,36,0.0,0.0045237932
70,37,0.144630934334437,6.721588e-05
70,38,0.0,0.0031131916
70,39,0.0,0.0033615092
70,40,0.0,0.0045782058
70,41,0.0,0.0035555018
70,42,0.0,0.004415471
70,43,-0.150813935066365,0.0046958756
70,44,0.0,0.004063094
70,45,0.0,0.0047277603
70,46,0.0,0.0035418486
70,47,0.0,0.0034847464
70,48,0.0,0.0037235413
70,49,-0.162374095046341,0.0042351885
70,50,0.0,0.0039759846
70,51,0.0,0.0033661388
70,52,0.0,0.0036194446
70,53,0.0,0.0033149924
70,54,0.0,0.0025019762
70,55,0.154070699744809,0.0040308693
70,56,0.0,0.003455231
70,57,0.0,0.004544651
70,58,0.0,0.0020113713
70,59,0.0,0.0034575332
70,60,0.0,0.00427737
70,61,0.16019944312732,0.0046271365
70,62,0.0,0.004429342
70,63,0.0,0.004420492
70,64,0.0,0.0042432947
70,65,0.0,0.0025831414
70,66,0.0,0.0040932307
70,67,0.0,0.0029194113
70,68,0.0,0.0042985845
70,69,0.0,0.0044862647
70,70,0.970721171237528,0.048077475
70,71,0.0,0.0033851955
70,72,0.0,0.0042835157
70,73,0.0,0.0046136165
70,74,0.0,0.0044860933
70,75,-0.175561843168203,0.0034684408
70,76,0.0,0.00435217
70,77,0.0,0.003930036
70,78,0.0,0.0045598326
70,79,0.0,3.3213757e-05
70,80,0.0,0.003437711
70,81,0.0,0.0031650644
70,82,0.0,0.0028518485
70,83,0.0,0.0034503145
70,84,0.0,0.0026735468
70,85,0.0,0.004251482
70,86,0.0,0.003637895
70,87,-0.157885126332214,0.0028211726
70,88,0.0,0.004592173
70,89,-0.176866231617751,0.0046802647
70,90,0.0,0.0027703051
70,91,0.0,0.0028659035
70,92,0.0,0.003016376
70,93,0.0,0.0047227507
70,94,0.162310522347939,0.004430836
70,95,0.0,0.0042706253
70,96,0.0,0.002510495
70,97,0.0,0.0045189373
70,98,0.0,0.0036377031
70,99,0.176361721381698,0.0035500554
70,100,0.0,0.0034526475
71,1,-0.157185755658317,0.0042157713
71,2,0.0,0.0046464987
71,3,0.0,0.002774572
71,4,0.0,0.0027264077
71,5,0.0,0.0046100384
71,6,0.0,0.004307051
71,7,0.0,0.0027662646
71,8,0.0,0.0035513183
71,9,0.0,0.0042382358
71,10,0.0,0.003782833
71,11,0.0,0.0039362144
71,12,0.0,0.004623101
71,13,0.0,0.00320114
71,14,-0.156555069526393,0.0031783115
71,15,0.0,0.004436399
71,16,-0.151753930058822,0.0044955853
71,17,0.0,0.0027995175
71,18,0.0,0.00432106
71,19,0.0,0.0039002635
71,20,0.0,0.00438443
71,21,0.0,0.0035033394
71,22,0.0,0.004545059
71,23,0.0,0.00447502
71,24,0.0,0.004710749
71,25,0.0,0.004244962
71,26,0.0,0.0045537427
71,27,0.0,0.0035800636
71,28,0.0,0.0044032
71,29,0.0,0.004454571
71,30,0.0,0.0033737905
71,31,0.0,0.0035842955
71,32,0.0,0.00356026
71,33,0.0,0.0036230125
71,34,0.0,0.0036378996
71,35,0.0,0.0027226089
71,36,0.0,0.0028512343
71,37,0.0,0.0036378372
71,38,0.0,0.002873363
71,39,0.0,0.004379208
71,40,0.0,0.0044439994
71,41,-0.156615240198092,0.003450891
71,42,0.0,0.00337244
71,43,0.0,0.004119537
71,44,0.0,0.0027374942
71,45,0.0,0.004301157
71,46,0.0,0.004570649
71,47,0.0,0.0039116163
71,48,0.0,0.0034325672
71,49,0.0,0.003800733
71,50,0.0,0.0024952306
71,51,0.0,0.0027738702
71,52,0.0,0.004594517
71,53,0.0,0.0033761356
71,54,0.0,0.0033972785
71,55,0.0,0.0045486717
71,56,0.0,0.0034532696
71,57,0.0,0.00019524759
71,58,0.0,0.0036062058
71,59,0.154177452267715,0.004566078
71,60,0.0,0.0034482265
71,61,0.0,0.00423917
71,62,0.0,0.00311903
71,63,0.0,0.002514421
71,64,0.0,0.0045465827
71,65,0.0,0.004532883
71,66,0.0,0.0037284354
71,67,0.0,0.0043824827
71,68,0.0,0.002747978
71,69,-0.150001331060681,0.003637855
71,70,0.0,0.0036126226
71,71,-0.115006590029225,0.048077475
71,72,0.0,0.003364156
71,73,0.0,0.0033701882
71,74,0.0,0.002545834
71,75,0.0,0.0040718094
71,76,0.0,0.0028010774
71,77,0.0,0.003834526
71,78,0.0,0.003452397
71,79,0.0,0.0029443745
71,80,0.0,0.004398551
71,81,0.0,0.0045842286
71,82,0.0,0.0034391861
71,83,0.0,0.0028533232
71,84,0.0,0.0033703577
71,85,0.0,0.0039156266
71,86,0.0,0.003372508
71,87,0.0,0.0045158193
71,88,0.0,0.004335586
71,89,0.0,0.0039913505
71,90,0.0,0.0038376702
71,91,0.159637521856353,0.003032324
71,92,0.0,0.003707232
71,93,0.0,0.0046219155
71,94,0.0,0.0038491366
71,95,0.0,0.0034458349
71,96,0.0,0.0046225665
71,97,0.0,0.003536284
71,98,0.0,0.0038490659
71,99,0.0,0.0021020016
71,100,0.0,0.00027283514
72,1,0.0,0.0033782106
72,2,0.0,0.0043376675
72,3,0.0,0.0024819486
72,4,0.0,0.0045877285
72,5,0.0,0.00039057666
72,6,0.0,0.0036368612
72,7,0.0,0.003583516
72,8,0.0,0.0036295215
72,9,0.0,0.0038537597
72,10,0.0,0.0040531075
72,11,0.0,0.0029727854
72,12,0.0,0.002786696
72,13,0.0,0.004367397
72,14,0.0,0.0033669202
72,15,0.0,0.003974106
72,16,0.0,0.003368293
72,17,0.0,0.00454011
72,18,0.0,0.003029719
72,19,0.0,0.004268503
72,20,0.0,-0.00030962937
72,21,0.0,0.0019480018
72,22,0.0,0.004261679
72,23,0.0,0.0045466106
72,24,0.0,0.0034352578
72,25,0.0,0.0033688713
72,26,0.0,0.0037966175
72,27,0.0,0.0033725211
72,28,0.0,0.0037976885
72,29,0.0,0.002275939
72,30,0.0,0.002803245
72,31,0.0,0.004235629
72,32,0.0,0.004332714
72,33,0.0,0.004496038
72,34,0.0,0.0036377665
72,35,0.0,0.0033288477
72,36,0.0,0.0046222676
72,37,0.0,0.0046177898
72,38,0.0,0.0035785697
72,39,-0.172779809672634,0.003203787
72,40,0.0,0.0024491833
72,41,0.0,0.0041766427
72,42,0.0,0.003983978
72,43,0.0,0.002877553
72,44,-0.195489984380737,0.0045225713
72,45,0.0,0.0034513203
72,46,0.0,0.0028291978
72,47,0.0,0.0028444831
72,48,0.0,0.0044638366
72,49,0.0,0.0033714967
72,50,0.0,0.0033692783
72,51,0.0,0.003338877
72,52,0.0,-1.3017096e-05
72,53,0.0,0.0035007168
72,54,0.0,0.0035798699
72,55,0.0,0.0042545274
72,56,0.0,0.0043162843
72,57,0.0,0.004420355
72,58,0.0,0.004368704
72,59,0.0,0.002866712
72,60,0.0,0.0046069585
72,61,0.0,0.0035978286
72,62,0.0,0.0035665026
72,63,0.0,0.004617717
72,64,0.0,0.0046061687
72,65,0.0,0.0028243992
72,66,0.0,0.003374027
72,67,0.0,0.0047198934
72,68,0.0,0.0038566738
72,69,0.0,0.004002791
72,70,0.171884040324244,0.0044057574
72,71,0.0,0.0025621569
72,72,0.0,0.048077475
72,73,0.0,0.004543853
72,74,0.0,0.004372172
72,75,0.0,-7.101428e-05
72,76,0.0,0.0043502133
72,77,0.0,0.004289749
72,78,0.0,0.0033816835
72,79,0.0,0.0035171825
72,80,0.0,0.003933034
72,81,0.0,0.0028599966
72,82,0.0,0.004543571
72,83,0.0,0.004593473
72,84,0.0,0.004046794
72,85,0.0,0.003637853
72,86,0.0,0.004275508
72,87,0.0,0.00374474
72,88,0.0,0.0034751613
72,89,0.0,0.0046065487
72,90,0.0,0.0043225074
72,91,0.0,0.0046228496
72,92,0.151304042234506,0.003190591
72,93,0.0,0.0045860764
72,94,0.0,0.0040115425
72,95,0.0,0.0033675497
72,96,0.154034223512077,0.0045387857
72,97,0.0,0.004538956
72,98,0.164144591069429,0.004585468
72,99,0.0,0.0039485022
72,100,0.0,0.0025587976
73,1,0.0,0.0034479508
73,2,0.0,0.004089196
73,3,0.0,0.0033648778
73,4,0.0,0.0041008294
73,5,0.173664966197849,0.002494312
73,6,0.0,0.0028834175
73,7,0.171658481909829,0.0037190346
73,8,0.0,0.0036378494
73,9,0.0,0.004457051
73,10,0.0,0.003588586
73,11,0.0,0.0043631922
73,12,0.0,0.0038397638
73,13,0.0,0.004293765
73,14,0.0,0.0037693745
73,15,0.0,0.0040540546
73,16,0.0,0.0042439895
73,17,0.0,0.0036069946
73,18,0.0,0.001522176
73,19,0.0,0.0035798056
73,20,0.0,0.00334075
73,21,0.0,0.0033675274
73,22,0.0,0.004690948
73,23,0.0,0.0035745092
73,24,0.0,0.003119289
73,25,0.0,0.0027367491
73,26,0.0,0.0035484964
73,27,0.0,0.004559757
73,28,0.0,0.0033673402
73,29,0.0,0.0033667414
73,30,0.0,0.0030420125
73,31,0.0,0.0034404453
73,32,0.0,0.003459096
73,33,0.0,0.004323502
73,34,0.0,0.004239044
73,35,-0.15583573371651,0.00450583
73,36,0.0,0.003652309
73,37,0.0,0.003560313
73,38,0.0,0.0032114685
73,39,0.0,0.004492134
73,40,0.0,0.00396638
73,41,0.0,0.0038687587
73,42,0.0,0.004077698
73,43,0.0,0.0018370845
73,44,0.0,0.003559555
73,45,0.0,0.0035048723
73,46,0.0,0.0046760114
73,47,0.0,0.0036378326
73,48,0.0,0.0013921363
73,49,0.0,0.0038125124
73,50,0.0,0.0031807832
73,51,0.0,0.002846525
73,52,-0.171344461323346,0.003862569
73,53,0.0,0.004512554
73,54,0.0,0.0028472156
73,55,0.0,0.0035183253
73,56,0.0,0.0008337023
73,57,0.0,0.003423486
73,58,-0.165902715384946,0.0034718998
73,59,0.0,0.0042838342
73,60,0.0,0.0033658836
73,61,0.0,0.00313099
73,62,0.0,0.0022315904
73,63,0.0,0.003637894
73,64,0.0,0.0024873107
73,65,0.0,0.003468384
73,66,0.0,0.0042876974
73,67,0.0,0.004341633
73,68,0.0,0.0039526783
73,69,0.0,0.0036056302
73,70,0.0,0.0046273693
73,71,0.0,0.003602434
73,72,0.0,0.0045195147
73,73,-0.641422552289441,0.048077475
73,74,0.0,0.004248785
73,75,0.0,0.004482287
73,76,0.0,0.002789056
73,77,0.0,0.0045822216
73,78,0.0,0.0036378223
73,79,0.0,0.004493187
73,80,0.0,0.0033776416
73,81,0.0,0.002235205
73,82,0.0,0.0043754345
73,83,0.0,0.0046270955
73,84,0.149738750524546,0.0025040787
73,85,0.0,0.0027008634
73,86,0.0,0.004313729
73,87,0.0,0.0042643435
73,88,0.0,0.0045333616
73,89,0.0,0.0028039212
73,90,0.0,0.0027897013
73,91,0.0,0.0019085398
73,92,0.0,0.004327886
73,93,0.0,0.003957756
73,94,0.0,0.0030041616
73,95,0.0,0.0033748094
73,96,0.0,0.0026456397
73,97,0.0,0.0042516356
73,98,0.0,0.0042311177
73,99,0.0,0.0024870252
73,100,0.0,0.00462834
74,1,0.0,0.0034364043
74,2,0.0,0.0023198803
74,3,0.0,0.004736486
74,4,0.0,0.0027809613
74,5,0.0,0.0031119129
74,6,0.0,0.0042571966
74,7,0.180470664477563,0.004629136
74,8,0.0,0.0045188963
74,9,0.0,0.0037603285
74,10,0.0,0.0036377907
74,11,0.0,0.0033695903
74,12,0.0,0.002922128
74,13,0.0,0.0030447664
74,14,0.0,0.003207257
74,15,0.0,0.003214568
74,16,0.0,0.0042738384
74,17,0.0,0.003959828
74,18,-0.193079651178387,0.0037062857
74,19,0.0,0.0029927287
74,20,0.0,0.0036983173
74,21,0.0,0.0036376743
74,22,0.185802177861138,0.0016527511
74,23,0.0,0.0035209507
74,24,0.0,0.0031505367
74,25,0.0,0.002726262
74,26,-0.179559638380419,0.0036334172
74,27,0.0,0.002928501
74,28,0.0,0.0035165101
74,29,0.0,0.0021405313
74,30,0.0,0.003912663
74,31,0.175010499858162,0.0042059897
74,32,0.0,0.004492943
74,33,0.0,0.0035734512
74,34,0.0,0.0045504374
74,35,0.163835646804453,0.0029715104
74,36,0.0,0.0032027904
74,37,0.0,0.0034566177
74,38,0.0,0.0043330695
74,39,0.0,0.0040466003
74,40,0.0,0.0035589999
74,41,0.0,0.0036325734
74,42,0.0,0.0038953135
74,43,0.0,0.003449251
74,44,0.0,0.0023684911
74,45,0.0,0.004126693
74,46,0.0,0.003730826
74,47,0.0,0.004016459
74,48,0.0,0.0043876497
74,49,0.0,0.0044242907
74,50,0.0,0.0032082582
74,51,0.0,0.0025185128
74,52,0.0,0.0039804177
74,53,0.0,0.003773082
74,54,0.0,0.0033693388
74,55,0.0,0.004223966
74,56,0.0,0.0032093395
74,57,0.0,0.003971479
74,58,0.0,0.0045462195
74,59,0.0,0.004007438
74,60,0.0,0.0036378019
74,61,0.0,0.00341425
74,62,0.0,0.0044578463
74,63,-0.173603423401667,0.00383225
74,64,0.0,0.0045567714
74,65,0.0,0.002781934
74,66,0.0,0.004595902
74,67,-0.180596584173603,0.0033748243
74,68,0.0,0.0041997377
74,69,0.0,0.0036378969
74,70,0.0,0.0046977205
74,71,0.0,0.0025100694
74,72,0.0,0.0042634215
74,73,0.178850589227216,0.0041158022
74,74,0.0,0.048077475
74,75,0.0,0.0045453906
74,76,0.169450077717548,0.004230721
74,77,0.0,0.0036377748
74,78,0.0,0.0028675469
74,79,0.178113689310645,0.0020244876
74,80,0.0,0.0033880025
74,81,0.0,0.0045168474
74,82,-0.175012079994078,0.0018558502
74,83,0.0,0.0043480983
74,84,0.0,0.0034837872
74,85,0.0,0.0014073104
74,86,0.156690706907356,0.0045496654
74,87,0.0,0.002621248
74,88,0.0,0.0045556137
74,89,0.0,0.0033681272
74,90,0.0,0.0046802387
74,91,0.0,0.0039738324
74,92,0.0,0.0043437434
74,93,0.0,0.0024787192
74,94,0.0,0.004574527
74,95,0.0,0.0036569508
74,96,0.0,0.003559676
74,97,0.0,0.004298931
74,98,0.0,0.003378098
74,99,0.181385454421725,0.0001567076
74,100,0.0,0.0044011027
75,1,0.0,0.003626503
75,2,0.0,0.0030702194
75,3,0.0,0.0042505153
75,4,0.0,0.003604466
75,5,0.0,0.0021327762
75,6,0.0,0.0035601938
75,7,0.0,0.0034805238
75,8,0.0,0.004373708
75,9,0.0,0.0028463262
75,10,0.0,0.0028015529
75,11,0.0,0.0036056135
75,12,0.0,0.0042963903
75,13,0.0,0.0044857357
75,14,0.0,0.00454209
75,15,0.0,0.0028885677
75,16,0.0,0.0032181498
75,17,0.0,0.0035750018
75,18,0.0,0.002980018
75,19,0.0,0.002745797
75,20,0.0,0.003197534
75,21,0.158049798170183,0.00459948
75,22,0.0,0.0036283303
75,23,-0.155011266664924,0.004573535
75,24,0.0,0.0045491047
75,25,0.0,0.00454663
75,26,0.0,0.0045819366
75,27,0.0,0.0042830594
75,28,0.0,0.004324928
75,29,0.0,0.0035576252
75,30,0.0,0.0031871814
75,31,0.0,0.003941303
75,32,0.0,0.0032334877
75,33,0.0,0.0045776283
75,34,0.0,0.0032095844
75,35,0.0,0.0025060335
75,36,0.0,0.0034690024
75,37,0.0,0.003637759
75,38,0.0,0.0045503667
75,39,0.0,0.004201441
75,40,0.0,0.0046128146
75,41,0.0,0.004511089
75,42,0.0,0.0036646146
75,43,0.0,0.0038510524
75,44,0.0,0.002801782
75,45,0.0,0.0034521576
75,46,0.0,0.0020783655
75,47,0.0,0.0042397566
75,48,0.0,0.0042395797
75,49,0.0,0.003988873
75,50,0.0,0.0038454086
75,51,0.0,0.0036232816
75,52,0.0,0.003035915
75,53,0.0,0.0034521352
75,54,0.0,0.0037040766
75,55,0.0,0.0036838725
75,56,0.0,0.0035107238
75,57,0.0,0.0025914446
75,58,0.0,0.0042482708
75,59,0.0,0.003488373
75,60,0.0,0.003367763
75,61,0.0,0.003366557
75,62,0.158885018556878,0.0033739768
75,63,0.156292862815203,0.0043070167
75,64,-0.169714724688165,0.0046979925
75,65,0.0,0.0038700253
75,66,0.0,0.0030067172
75,67,0.0,0.0046366733
75,68,0.0,0.0035968628
75,69,0.0,0.004016543
75,70,0.0,0.0036329255
75,71,0.0,0.004315309
75,72,-0.170588472031188,0.00044777803
75,73,0.161016816712377,0.0043269433
75,74,0.0,0.0045469124
75,75,-0.301556875929236,0.048077475
75,76,0.0,0.0042403303
75,77,0.0,0.0027247015
75,78,0.0,0.0036131795
75,79,0.0,0.004562469
75,80,0.0,0.003234256
75,81,0.0,0.0039441846
75,82,0.0,0.0035641491
75,83,0.0,0.0041875746
75,84,0.0,0.0028228387
75,85,0.0,0.0042905854
75,86,0.0,0.0024777441
75,87,0.0,0.0032152152
75,88,0.0,0.004597008
75,89,-0.177728408583792,0.0045764036
75,90,0.0,0.0037099775
75,91,0.0,0.0014283815
75,92,0.0,0.0036378568
75,93,0.0,0.0025601154
75,94,0.0,0.0033550533
75,95,0.0,0.0044154357
75,96,0.161331492640002,0.0042761434
75,97,0.0,0.0029649548
75,98,0.0,0.003423619
75,99,0.0,0.0025467346
75,100,0.179065244450809,0.003931674
76,1,0.0,0.002667414
76,2,0.0,0.004145382
76,3,0.0,0.002781095
76,4,0.0,0.004267078
76,5,0.0,0.0042611286
76,6,0.0,0.004140082
76,7,0.0,0.00437319
76,8,0.0,0.0027385936
76,9,0.0,0.0032494282
76,10,0.0,0.004558392
76,11,-0.192040759821685,0.0027389093
76,12,0.0,0.0045903036
76,13,0.0,0.0034407526
76,14,0.178936828000133,0.0027699275
76,15,0.0,0.0034352178
76,16,0.0,0.0035402393
76,17,0.0,0.003378136
76,18,0.0,0.0034185564
76,19,0.0,0.0033762883
76,20,0.0,0.0041101025
76,21,0.0,0.0032161819
76,22,0.0,0.0013263603
76,23,-0.16999865628213,0.0035284394
76,24,0.186465951027789,0.0045275083
76,25,0.0,0.0044945627
76,26,0.0,0.0041323015
76,27,0.0,0.004246372
76,28,0.0,0.0033939239
76,29,0.0,0.0034520356
76,30,0.0,0.0046019787
76,31,-0.172793415793632,0.003991357
76,32,0.0,0.001332745
76,33,0.0,0.0036729062
76,34,0.0,0.0039072353
76,35,0.0,0.0039155446
76,36,0.0,0.0045539476
76,37,0.0,0.0046030544
76,38,-0.167171226179581,0.00068003684
76,39,0.0,0.0043377895
76,40,0.0,0.0044953944
76,41,0.0,0.004094431
76,42,0.0,0.003822025
76,43,0.0,0.0027541332
76,44,0.0,0.0038492382
76,45,0.0,0.0040771943
76,46,0.0,0.0038196305
76,47,0.0,0.0020097299
76,48,0.0,0.0045088334
76,49,0.0,0.004458798
76,50,0.0,0.0045625847
76,51,0.0,0.004689727
76,52,-0.177858450771442,0.001253224
76,53,0.0,0.0045056157
76,54,0.0,0.0024964884
76,55,0.0,0.004436439
76,56,0.0,0.0040782792
76,57,0.0,0.004523715
76,58,0.0,0.0021311902
76,59,0.0,0.0040709972
76,60,0.0,0.0031346837
76,61,-0.174364211874546,0.0038693305
76,62,0.0,0.0035852129
76,63,0.0,0.0044878544
76,64,0.0,0.004396244
76,65,0.0,0.002495544
76,66,0.0,0.0035380665
76,67,0.0,0.0045485683
76,68,0.0,0.0025273263
76,69,0.0,0.0017707804
76,70,0.0,0.0046506943
76,71,0.0,0.0027939277
76,72,0.0,0.0043103434
76,73,0.0,0.003784773
76,74,0.185649938573052,0.0045084003
76,75,0.0,0.0042637317
76,76,0.0,0.048077475
76,77,0.0,0.0035980996
76,78,0.0,0.003015861
76,79,0.0,0.0039280048
76,80,0.0,0.0036378643
76,81,0.0,0.0038641058
76,82,0.0,0.0031355144
76,83,0.0,0.0040707644
76,84,0.0,0.0027369652
76,85,0.0,0.0033409335
76,86,0.0,0.0034036515
76,87,0.0,0.00281634
76,88,0.0,0.0039490107
76,89,-0.1667901366604,0.0028772382
76,90,0.0,0.0024908287
76,91,0.0,0.004021313
76,92,0.0,0.0033454113
76,93,0.0,0.004434172
76,94,0.0,0.0033751875
76,95,0.0,0.0043196175
76,96,0.0,0.0033806637
76,97,0.0,0.004545116
76,98,0.0,0.0035532312
76,99,0.166314368445924,0.0031093583
76,100,0.168044697136854,0.004554511
77,1,0.0,0.0045533273
77,2,0.0,0.0046111094
77,3,0.0,0.0033792062
77,4,0.0,0.0039748745
77,5,0.0,0.00246137
77,6,0.0,0.00246706
77,7,0.159903326102124,0.0041170605
77,8,0.0,0.0044909064
77,9,0.0,0.0033769486
77,10,0.0,0.003938159
77,11,0.172338064461514,0.0036208443
77,12,0.0,0.003637881
77,13,0.0,0.0032849386
77,14,0.0,0.0034826323
77,15,0.0,0.0043282053
77,16,0.0,0.0029619494
77,17,0.0,0.0028484352
77,18,0.0,0.004027619
77,19,0.0,0.003465482
77,20,0.0,0.003523279
77,21,0.0,0.004316084
77,22,0.0,0.004089052
77,23,0.0,0.00249777
77,24,0.0,0.002376385
77,25,0.0,0.0035795541
77,26,0.0,0.0040975036
77,27,0.0,0.0033269627
77,28,0.0,0.002885392
77,29,0.0,0.0033716438
77,30,0.0,0.004067408
77,31,0.0,0.0026477003
77,32,0.0,0.0035907365
77,33,0.0,0.00401756
77,34,0.0,0.0029811943
77,35,0.0,0.0041347947
77,36,0.0,0.004589526
77,37,0.0,0.0043391855
77,38,0.0,0.004712414
77,39,0.0,0.0033721384
77,40,0.0,0.0034637991
77,41,0.0,0.004303323
77,42,0.14897459537521,0.0043875957
77,43,0.0,0.0041467445
77,44,0.0,0.0036218762
77,45,0.0,0.0036289059
77,46,0.0,0.0033717966
77,47,0.0,0.0043308213
77,48,-0.162576310561919,0.0026172046
77,49,0.0,0.0045431545
77,50,0.0,0.0035496587
77,51,0.0,0.003429626
77,52,0.0,0.0031164158
77,53,0.0,0.004733218
77,54,0.0,0.004569634
77,55,0.0,0.0036809966
77,56,0.0,0.004336683
77,57,0.0,0.003369431
77,58,0.0,0.004245138
77,59,0.0,0.0034517646
77,60,0.0,0.0034912936
77,61,0.0,0.0036377758
77,62,0.0,0.0029132077
77,63,0.0,0.004491211
77,64,0.0,0.0028944481
77,65,0.0,0.0034778677
77,66,-0.150221597455175,0.004352195
77,67,0.0,0.0027579023
77,68,0.0,0.003373053
77,69,0.0,0.004243955
77,70,0.0,0.0045200717
77,71,0.0,0.0036773616
77,72,0.0,0.003991604
77,73,0.0,0.0038133655
77,74,0.0,0.003452763
77,75,0.0,0.0027390742
77,76,0.0,0.0033726776
77,77,0.0,0.048077475
77,78,0.0,0.0027248869
77,79,0.0,0.004255007
77,80,0.18578895821024,0.0043132436
77,81,0.0,0.0027382486
77,82,0.0,0.0029065711
77,83,0.154226004901419,0.003136186
77,84,0.0,0.0035678288
77,85,0.0,0.0039669797
77,86,0.0,0.0033710562
77,87,0.0,0.0036040368
77,88,0.0,0.004006068
77,89,0.0,0.0036610253
77,90,0.0,0.0035500182
77,91,0.0,0.0037297197
77,92,0.0,0.00468795
77,93,0.0,0.00455256
77,94,-0.154940273652731,0.0042455094
77,95,0.0,0.0037631802
77,96,0.0,0.0033278605
77,97,0.0,0.0031384258
77,98,0.0,0.0030058986
77,99,0.0,0.0034724828
77,100,-0.170104974323438,0.003637881
78,1,0.0,0.0044421125
78,2,0.0,0.0019929204
78,3,0.0,0.0037359018
78,4,0.0,0.0027211318
78,5,0.0,0.0046023168
78,6,0.0,0.0037088022
78,7,0.0,0.0029904842
78,8,0.0,0.0045834174
78,9,0.0,0.003370569
78,10,0.0,0.0043115783
78,11,0.0,0.004292597
78,12,0.0,0.0027694306
78,13,0.0,0.0040335944
78,14,0.0,0.004093537
78,15,0.0,0.0028541395
78,16,0.0,0.00363788
78,17,0.0,0.002856969
78,18,0.0,0.0034344727
78,19,0.0,0.00303334
78,20,0.0,0.003385242
78,21,0.0,0.0033668373
78,22,0.0,0.003951242
78,23,0.0,0.003508185
78,24,0.0,0.003435284
78,25,0.0,0.0034087254
78,26,0.0,0.004709009
78,27,0.0,0.0037758816
78,28,0.0,0.0039880928
78,29,-0.153902847651883,0.0024778447
78,30,0.0,0.0045495816
78,31,0.0,0.0040080883
78,32,0.152627492797053,0.004153719
78,33,0.0,0.004451493
78,34,0.0,0.003637785
78,35,0.0,0.004145233
78,36,0.0,0.004096455
78,37,0.143035864917977,0.0038398867
78,38,0.0,0.0042474363
78,39,0.0,0.0031259255
78,40,0.0,0.0038988488
78,41,-0.162649984211236,0.0036035273
78,42,0.0,0.0040645096
78,43,0.0,0.004560421
78,44,0.0,0.0027729874
78,45,0.0,0.0037162872
78,46,0.0,0.0024841563
78,47,0.0,0.004490913
78,48,0.0,0.0033670366
78,49,0.0,0.0031354884
78,50,0.0,0.002950061
78,51,0.0,0.0032086968
78,52,0.0,0.0033424115
78,53,0.0,0.00360238
78,54,0.0,0.0042741885
78,55,0.0,0.0045321714
78,56,0.0,0.002802034
78,57,0.0,0.0036378345
78,58,0.0,0.002995696
78,59,0.0,0.00428849
78,60,0.145284693778316,0.0024560182
78,61,0.0,0.0039407536
78,62,-0.158326123365454,0.0035098651
78,63,0.0,0.0037530093
78,64,0.0,0.0031391568
78,65,0.0,0.0032131718
78,66,0.0,0.0026310915
78,67,0.0,0.0044589574
78,68,0.0,0.0033722585
78,69,0.0,0.002529411
78,70,0.0,0.004334894
78,71,0.0,0.0033524884
78,72,0.169988408679737,0.0036211526
78,73,0.0,0.003366488
78,74,0.0,0.0024857474
78,75,0.0,0.0033690426
78,76,0.0,0.0033407453
78,77,0.0,0.0027251719
78,78,0.0,0.048077475
78,79,0.0,0.0043220297
78,80,0.18973999633641,0.0045314617
78,81,0.0,0.003376875
78,82,0.0,0.004641465
78,83,0.0,0.0019229604
78,84,0.0,0.0033758031
78,85,0.0,0.0035994425
78,86,0.0,0.0034340397
78,87,0.0,0.003574892
78,88,0.0,0.0031332169
78,89,0.172425523936164,0.0037938328
78,90,0.0,0.004223738
78,91,0.0,0.0043808054
78,92,0.0,0.0029823426
78,93,0.0,0.002837922
78,94,0.0,0.0027226713
78,95,0.0,0.0042748805
78,96,0.156517842969042,0.002709614
78,97,0.0,0.0024931817
78,98,0.0,0.0033862097
78,99,0.0,0.0042667715
78,100,0.0,0.0034150742
79,1,-0.181016739994462,0.0033663576
79,2,0.0,0.0039751194
79,3,0.0,0.003558863
79,4,0.0,0.0022274996
79,5,0.0,0.003720642
79,6,0.0,0.004453467
79,7,0.179532324947471,0.0033722492
79,8,0.0,0.0039941743
79,9,0.188436504901633,0.0035728682
79,10,0.0,0.0029082354
79,11,0.193493494750462,0.003201533
79,12,0.0,0.0044928584
79,13,0.0,0.004328371
79,14,0.0,0.0044446914
79,15,0.0,0.0033659898
79,16,0.0,0.0035781907
79,17,0.0,0.0031606667
79,18,0.0,0.0036788043
79,19,0.0,0.0035852268
79,20,0.0,0.003740916
79,21,0.0,0.0035200622
79,22,0.184836117649807,0.004565073
79,23,0.0,0.0042429455
79,24,0.0,0.0027223858
79,25,0.0,0.0034515262
79,26,0.0,0.0031666318
79,27,0.0,0.0027211253
79,28,0.0,0.004252144
79,29,0.0,0.0025018742
79,30,0.0,0.00336596
79,31,0.0,0.0042956304
79,32,-0.169245962706534,0.0032019066
79,33,0.0,0.0042318488
79,34,-0.175186904447043,0.0036073495
79,35,0.0,0.004500405
79,36,0.0,0.004204939
79,37,0.0,0.0032271547
79,38,0.0,0.004504744
79,39,0.0,0.003948707
79,40,0.0,0.00409396
79,41,0.0,0.0037741167
79,42,0.0,0.0036358489
79,43,0.165390581380295,0.0037342748
79,44,0.192984956664077,0.00435677
79,45,0.0,0.0038191266
79,46,0.0,0.0034617763
79,47,0.0,0.0044878637
79,48,0.0,0.0032212026
79,49,0.0,0.004311351
79,50,0.183145468561163,0.0041188784
79,51,0.0,0.0046101855
79,52,0.0,0.0027365154
79,53,0.0,0.0040472765
79,54,0.0,0.004052329
79,55,0.0,0.0043654125
79,56,0.0,0.0033751978
79,57,0.0,0.0032989439
79,58,0.0,0.004556963
79,59,0.0,0.004226926
79,60,0.0,0.0043039573
79,61,0.0,0.003950743
79,62,0.0,0.0043018973
79,63,0.0,0.0045724893
79,64,0.0,0.0044923266
79,65,0.168054422403405,0.004235506
79,66,0.0,0.0035491427
79,67,0.0,0.0041492684
79,68,0.0,0.0031272965
79,69,0.0,0.00432936
79,70,0.169681501475885,0.0023731613
79,71,0.0,0.0029724557
79,72,0.0,0.0035272334
79,73,0.0,0.004310891
79,74,0.187054328716795,0.0033470215
79,75,0.0,0.004277477
79,76,0.0,0.0046008704
79,77,0.0,0.0044453386
79,78,0.0,0.0043032262
79,79,0.0,0.048077475
79,80,0.0,0.0027749352
79,81,0.0,0.004242502
79,82,0.0,0.0036307191
79,83,0.0,0.0031978823
79,84,0.0,0.0038072253
79,85,0.0,0.0035230294
79,86,0.0,0.004530452
79,87,0.0,0.0029665828
79,88,0.0,0.0021547968
79,89,0.0,0.0042325007
79,90,0.0,0.00058667874
79,91,0.0,0.0033678375
79,92,0.0,0.00431861
79,93,0.157476556239301,0.0027158568
79,94,0.0,6.7306682e-06
79,95,0.0,0.0036378019
79,96,0.0,0.0033680722
79,97,0.161167704586955,0.0029292349
79,98,0.0,0.0035024034
79,99,0.0,0.0047332
79,100,0.0,0.0035149856
80,1,0.0,0.0033704964
80,2,0.0,0.0042565437
80,3,0.0,0.0033776723
80,4,0.0,0.003595558
80,5,0.0,0.0036491705
80,6,0.0,0.003819175
80,7,0.0,0.0046541784
80,8,0.0,0.0045694755
80,9,0.0,0.0043511866
80,10,0.0,0.0028203558
80,11,0.0,0.004667761
80,12,0.0,0.003209915
80,13,0.0,0.0037095957
80,14,0.0,0.0032094736
80,15,0.0,0.0025101854
80,16,0.0,0.004634575
80,17,0.0,0.0045877174
80,18,0.0,0.004598301
80,19,0.0,0.0032077143
80,20,0.0,0.0036377227
80,21,0.0,0.0028030989
80,22,0.0,0.0037874915
80,23,0.0,0.0041106706
80,24,0.0,0.0042502685
80,25,0.0,0.0045707375
80,26,0.162566927197041,0.0042692367
80,27,0.0,0.0042678453
80,28,0.0,0.002518169
80,29,0.0,0.0043192673
80,30,0.0,0.0045555886
80,31,0.0,0.003367382
80,32,0.0,0.0045440737
80,33,0.0,0.0024887044
80,34,0.0,0.0035461504
80,35,0.0,0.0025389944
80,36,0.0,0.004207003
80,37,0.0,0.004624402
80,38,0.0,0.0035552345
80,39,0.0,0.0036376622
80,40,0.0,0.0046323054
80,41,0.0,0.004105511
80,42,0.0,0.004493299
80,43,0.0,0.0029156934
80,44,0.0,0.0033930894
80,45,0.0,0.0026090182
80,46,-0.151916827954895,0.0042388057
80,47,0.0,0.003733635
80,48,0.0,0.003957577
80,49,0.0,0.003607464
80,50,0.0,0.004362545
80,51,0.0,0.0036096945
80,52,0.0,0.0033683544
80,53,0.0,0.001525417
80,54,0.0,0.004550443
80,55,0.0,0.0024402505
80,56,0.0,0.0045051984
80,57,0.0,0.004525095
80,58,0.0,0.0042579733
80,59,0.0,0.0038806899
80,60,-0.146619875661067,0.0038111005
80,61,0.0,0.004624374
80,62,0.0,0.0034450246
80,63,0.0,0.0044302354
80,64,0.0,0.0030600373
80,65,0.0,0.0028633694
80,66,0.0,0.0028316444
80,67,0.0,0.004364338
80,68,0.0,0.003208669
80,69,0.0,0.0033623064
80,70,0.0,0.0033855792
80,71,0.0,0.004500119
80,72,0.17155062034598,0.003504091
80,73,0.0,0.0036135968
80,74,0.0,0.003366679
80,75,0.153262554943622,0.0031422619
80,76,0.0,0.0035283882
80,77,0.0,0.0042951666
80,78,0.0,0.0046191365
80,79,0.0,0.0027586054
80,80,0.0,0.048077475
80,81,0.0,0.0034829602
80,82,0.189563165382071,0.0044021197
80,83,0.179979905471074,0.0029158546
80,84,0.0,0.0008085384
80,85,0.0,0.003586867
80,86,0.0,0.0043945434
80,87,0.0,0.0033766115
80,88,0.0,0.004505042
80,89,0.0,0.0038599055
80,90,0.0,0.0037265914
80,91,0.0,0.0044262297
80,92,0.0,0.004527878
80,93,0.0,0.002430479
80,94,0.0,0.0028012777
80,95,0.0,0.0036303056
80,96,0.0,0.0036258558
80,97,0.0,0.0042342627
80,98,0.0,0.0033665085
80,99,0.0,0.00454651
80,100,0.0,0.0034265686
81,1,0.0,0.0032010041
81,2,0.0,0.00420837
81,3,0.0,0.0037422907
81,4,0.0,0.0032794112
81,5,0.0,0.004265588
81,6,0.0,0.0033556921
81,7,-0.155438636553315,0.0028478308
81,8,0.0,0.0040457146
81,9,0.0,0.0045647416
81,10,0.0,0.0037411079
81,11,0.0,0.0028196122
81,12,0.0,0.0035445597
81,13,0.0,0.0026868493
81,14,0.0,0.0017886669
81,15,0.0,0.004270928
81,16,0.0,0.004357646
81,17,0.0,0.004670186
81,18,0.0,0.0027509066
81,19,0.0,0.003412447
81,20,0.152549234308484,0.004278902
81,21,0.0,0.0033793682
81,22,0.0,0.0034853332
81,23,0.0,0.0026411298
81,24,0.0,0.0045070173
81,25,0.0,0.0030300422
81,26,0.0,0.00420658
81,27,0.0,0.0033487966
81,28,0.0,0.0037590545
81,29,0.0,0.004009431
81,30,0.0,0.0042591123
81,31,0.0,0.0039608367
81,32,0.0,0.004198525
81,33,0.0,0.0033853864
81,34,0.0,0.0035582697
81,35,0.0,0.0034522675
81,36,0.0,0.0027370024
81,37,0.0,0.00442658
81,38,0.0,0.004339883
81,39,0.0,0.003673681
81,40,0.0,0.004365256
81,41,0.0,0.0041776393
81,42,0.0,0.0046610683
81,43,0.0,0.0042194417
81,44,0.0,0.0036377273
81,45,0.141686066148534,0.004599059
81,46,0.0,0.0042767115
81,47,-0.151009296307168,0.0035058511
81,48,0.0,0.0042272005
81,49,0.0,0.0041949023
81,50,0.0,0.0027373694
81,51,0.0,0.0036990047
81,52,0.0,0.0036706962
81,53,0.0,0.0036702985
81,54,0.0,0.0034869695
81,55,0.0,0.004132474
81,56,0.0,0.0025111195
81,57,0.0,0.0045587085
81,58,0.0,0.0025797295
81,59,0.0,0.0035426365
81,60,0.0,0.002583668
81,61,0.0,0.0036378661
81,62,0.0,0.0036067814
81,63,-0.149523910230285,0.0047251675
81,64,0.0,0.0036378335
81,65,0.0,0.0039054826
81,66,0.0,0.0036377683
81,67,0.0,0.0042187385
81,68,0.0,0.0031646155
81,69,0.0,0.004598735
81,70,0.0,0.0032354277
81,71,0.0,0.004553506
81,72,0.0,0.0033409428
81,73,0.0,0.0044262856
81,74,0.0,0.0045587188
81,75,0.0,0.0046119336
81,76,0.0,0.00469588
81,77,0.0,0.0028039878
81,78,0.0,0.0034638625
81,79,0.0,0.004563812
81,80,0.0,0.0034248605
81,81,0.0,0.048077475
81,82,0.0,0.0038139
81,83,0.0,0.004328274
81,84,0.0,0.0035395054
81,85,0.0,0.004530647
81,86,0.0,0.002604403
81,87,0.0,0.0036378074
81,88,0.0,0.0028777197
81,89,0.0,0.0029527005
81,90,0.0,0.0012396397
81,91,0.0,0.0036433237
81,92,0.0,0.0030885935
81,93,0.0,0.0042679217
81,94,0.0,0.0036378922
81,95,0.0,0.0028724177
81,96,0.0,0.004531863
81,97,0.0,0.0028676246
81,98,0.0,0.004530185
81,99,0.0,0.0034460835
81,100,0.165498790306874,0.0036571566
82,1,0.0,0.0041595697
82,2,0.0,0.0027323142
82,3,0.0,0.0044252966
82,4,0.0,0.0028918479
82,5,0.182228857359212,0.00379958
82,6,0.0,0.004590148
82,7,0.0,0.003637744
82,8,0.0,0.0025729383
82,9,0.0,0.0036006784
82,10,0.0,0.0038632704
82,11,0.0,0.004140267
82,12,0.0,0.0041916557
82,13,0.0,0.0033473112
82,14,0.0,0.0041991714
82,15,0.0,0.0042709885
82,16,0.0,0.0034369184
82,17,0.0,0.00354747
82,18,-0.192708154120521,0.0039895847
82,19,0.0,0.0042850683
82,20,0.176775167446131,0.0046109855
82,21,0.0,0.0032975795
82,22,0.0,0.0045842174
82,23,0.0,0.003377243
82,24,0.0,0.0046504885
82,25,0.0,0.0033709742
82,26,0.0,0.0044906177
82,27,0.0,0.004124094
82,28,0.0,0.0029876158
82,29,0.0,0.004312219
82,30,-0.194448629703753,0.0033534085
82,31,0.0,0.0027977992
82,32,0.0,0.004329134
82,33,0.0,0.0046430696
82,34,0.0,0.0038181134
82,35,0.0,0.00432851
82,36,0.0,0.0040415917
82,37,0.0,0.0043783616
82,38,0.0,0.0025758343
82,39,0.0,0.003375709
82,40,0.0,0.004033033
82,41,0.0,0.00086328667
82,42,0.0,0.0042978413
82,43,0.0,0.0034852875
82,44,0.0,0.002796845
82,45,0.0,0.0035994295
82,46,0.0,0.0038782442
82,47,0.0,0.00451977
82,48,0.0,0.003288297
82,49,0.178654349501614,0.004155485
82,50,0.0,0.0045341523
82,51,-0.16036931758744,0.0034441026
82,52,0.0,0.004388526
82,53,0.168522322114449,0.004646262
82,54,0.0,0.0027869055
82,55,0.0,0.0034574717
82,56,0.0,-0.0002593631
82,57,0.187530372531739,0.0029935837
82,58,0.0,0.004524363
82,59,0.0,0.0033449158
82,60,0.0,0.003753677
82,61,0.0,0.0027232664
82,62,0.176143115598781,0.0043113837
82,63,0.0,0.0034808004
82,64,0.0,0.0035428796
82,65,0.0,0.0033568554
82,66,0.169217424896769,0.0029040752
82,67,0.0,0.004417141
82,68,0.0,0.0043087834
82,69,0.173311832037243,0.0029870542
82,70,0.0,0.00248709
82,71,0.0,0.003436057
82,72,0.0,0.0038361335
82,73,0.0,0.0042121625
82,74,0.0,0.003557114
82,75,0.0,0.0034518326
82,76,0.18529273673665,0.0029567322
82,77,0.0,0.0020893281
82,78,0.0,0.004022617
82,79,0.186694424747862,0.0035725012
82,80,0.0,0.0042993613
82,81,0.0,0.0037584659
82,82,0.0,0.048077475
82,83,0.0,0.0047328817
82,84,0.0,0.0038581109
82,85,0.0,0.0031959591
82,86,0.0,0.0045776097
82,87,0.0,0.0029585464
82,88,0.0,0.0027922196
82,89,0.0,0.0044092024
82,90,0.0,0.004133895
82,91,0.0,0.0041672178
82,92,0.153600357125032,0.0045589497
82,93,0.0,0.0033648154
82,94,0.0,0.004280788
82,95,0.157931903651958,0.0041573998
82,96,0.0,0.0044943187
82,97,0.0,0.004535731
82,98,0.0,0.0041090716
82,99,0.0,0.0032124687
82,100,0.0,0.0033751912
83,1,0.0,0.0040484807
83,2,0.0,0.0028982004
83,3,0.0,0.0034777187
83,4,0.0,0.003366312
83,5,0.0,0.0036289543
83,6,0.0,0.004375322
83,7,0.0,0.003451161
83,8,0.0,0.0039690137
83,9,0.0,0.0035169208
83,10,0.0,0.0025949576
83,11,0.0,0.00470833
83,12,0.0,0.0043380205
83,13,0.0,0.0029665204
83,14,0.0,0.0024757981
83,15,0.0,0.0027690209
83,16,0.0,0.004242872
83,17,0.0,0.003970274
83,18,0.183232068766436,0.0027389415
83,19,0.0,0.00416115
83,20,0.0,0.0034533273
83,21,0.0,0.0022513946
83,22,0.0,0.004250424
83,23,0.163398243407906,0.0034524314
83,24,-0.179226174604348,0.003420611
83,25,0.0,0.0039921273
83,26,0.0,0.0024796147
83,27,0.0,0.0033722501
83,28,0.0,0.003264673
83,29,0.0,0.0043105716
83,30,0.184886959516692,0.0045595253
83,31,0.0,0.00273321
83,32,0.161453423871838,0.0024864995
83,33,0.0,0.0030408744
83,34,0.0,0.004623577
83,35,0.0,0.0033688378
83,36,0.165626776572114,0.002511846
83,37,0.151307144632091,0.004539361
83,38,0.0,0.00451475
83,39,0.0,0.0031209802
83,40,-0.164591289263389,0.003567799
83,41,0.0,0.0036378233
83,42,0.159560839968303,0.0029960936
83,43,0.0,0.00409761
83,44,0.0,0.0031904755
83,45,0.0,0.0034078537
83,46,0.0,0.003280012
83,47,0.0,0.002855008
83,48,0.0,0.0025838884
83,49,0.0,0.0042978656
83,50,0.0,0.0040235333
83,51,0.0,0.0033709845
83,52,0.0,0.0036390694
83,53,0.0,0.0038426789
83,54,0.0,0.0042219535
83,55,0.0,0.003220099
83,56,0.0,0.0035789637
83,57,0.0,0.0035113022
83,58,0.0,0.0038532205
83,59,0.0,0.004244903
83,60,-0.153686015650344,0.0028478052
83,61,0.0,0.0027300096
83,62,0.0,0.00433656
83,63,0.0,0.0027940115
83,64,0.0,0.0024654744
83,65,0.0,0.004417359
83,66,0.0,0.0036377124
83,67,0.0,0.0036378857
83,68,0.0,0.004335517
83,69,0.0,0.0042051133
83,70,0.0,0.0030168407
83,71,0.0,0.0028434643
83,72,0.179818262731751,0.00427782
83,73,0.0,0.0042741355
83,74,0.0,0.0042830836
83,75,0.0,0.0045768274
83,76,0.0,0.003730774
83,77,0.0,0.0032007862
83,78,0.160083729990064,0.0011617676
83,79,0.0,0.0030984636
83,80,0.161554916599247,0.0031218668
83,81,0.0,0.004287932
83,82,0.0,0.0046759173
83,83,0.0,0.048077475
83,84,0.0,0.0033685146
83,85,0.0,0.0042410903
83,86,0.0,0.0045077875
83,87,0.0,0.0033966731
83,88,0.0,0.0027321284
83,89,0.0,0.00395702
83,90,0.0,0.0036377516
83,91,0.0,0.0034303768
83,92,0.0,0.0031660218
83,93,0.0,0.003637839
83,94,0.150095764970729,0.00417375
83,95,0.0,0.0042692823
83,96,0.0,0.0029402524
83,97,0.0,0.0032078847
83,98,0.0,0.003570322
83,99,0.0,0.00272049
83,100,0.0,0.0028443616
84,1,0.0,0.0035662549
84,2,0.0,0.0045986287
84,3,0.0,0.0041556647
84,4,0.0,0.0039675673
84,5,0.0,0.0043361587
84,6,0.0,0.002971895
84,7,0.0,0.004504064
84,8,0.0,0.0045276005
84,9,0.0,0.0043001454
84,10,0.0,0.0045955162
84,11,0.0,0.0038987268
84,12,0.0,0.0029997053
84,13,0.0,0.0028728815
84,14,0.0,0.004338216
84,15,0.0,0.0036378074
84,16,0.0,0.0034738556
84,17,0.0,0.0034441343
84,18,0.0,0.0030616252
84,19,0.0,0.0033710822
84,20,0.0,0.003472033
84,21,0.0,0.0022838945
84,22,0.0,0.004258752
84,23,0.0,0.0031514429
84,24,0.0,0.0033731656
84,25,0.0,0.004623723
84,26,0.0,0.0034510233
84,27,0.0,0.0033722362
84,28,0.0,0.0033665914
84,29,0.0,0.004284948
84,30,0.0,0.0031872382
84,31,0.0,0.0046238843
84,32,0.0,0.0031212838
84,33,0.0,0.0042801714
84,34,0.0,0.0033659348
84,35,0.0,0.0031887712
84,36,0.0,0.0036378428
84,37,0.0,0.0033889785
84,38,0.0,0.0034591137
84,39,0.0,0.0034457278
84,40,0.0,0.0045946026
84,41,0.0,0.004422458
84,42,-0.143299741094328,0.0043349527
84,43,0.0,0.004330204
84,44,0.0,0.0034822533
84,45,0.0,0.003978309
84,46,0.0,0.0035177935
84,47,0.0,0.003907201
84,48,0.156383329338251,0.0041798726
84,49,0.0,0.004247577
84,50,0.0,0.0027947207
84,51,0.0,0.0034486353
84,52,0.0,0.00435194
84,53,0.0,0.0041502975
84,54,0.0,0.0026626731
84,55,0.0,0.0042291237
84,56,0.0,0.0027944138
84,57,0.160137152482912,0.0037649404
84,58,0.0,0.0036064442
84,59,0.0,0.003693439
84,60,0.0,0.0036213314
84,61,0.0,0.003367817
84,62,0.0,0.003451582
84,63,0.0,0.0036378503
84,64,0.0,0.0040416587
84,65,0.0,0.0034393677
84,66,0.0,0.002556825
84,67,0.0,0.00350618
84,68,0.0,0.0031993445
84,69,-0.147995564128384,0.0036544278
84,70,0.0,0.003328192
84,71,0.0,0.0036372747
84,72,0.0,0.004304491
84,73,0.0,0.002720186
84,74,0.0,0.0036376668
84,75,0.0,0.002510273
84,76,0.0,0.0027828407
84,77,0.0,0.0034887102
84,78,-0.143769342562671,0.003371099
84,79,0.0,0.0034996532
84,80,0.0,0.0027871085
84,81,0.0,0.0033769235
84,82,0.0,0.0035997927
84,83,0.0,0.0036220867
84,84,0.0,0.048077475
84,85,0.0,0.0034515616
84,86,0.0,0.003885555
84,87,0.142531357068586,0.0046511674
84,88,0.0,0.002658341
84,89,0.0,0.0034423294
84,90,0.0,0.00455926
84,91,0.0,0.0031736642
84,92,0.0,0.0040460844
84,93,0.0,0.004618602
84,94,0.0,0.0030398387
84,95,0.0,0.004489255
84,96,0.0,0.0033762297
84,97,0.0,0.0029541552
84,98,0.0,0.0042857286
84,99,0.0,0.0034944639
84,100,0.0,0.0044924747
85,1,0.0,0.0034582233
85,2,0.0,0.0045755524
85,3,0.0,0.0039030528
85,4,0.0,0.003717348
85,5,0.0,0.0033135926
85,6,0.0,0.003441874
85,7,0.0,0.0033211475
85,8,0.0,0.003581293
85,9,0.0,0.0042914664
85,10,0.0,0.0030139321
85,11,0.0,0.0046234205
85,12,0.0,0.0047174403
85,13,0.174749464971879,0.004208198
85,14,0.0,0.003211786
85,15,0.0,0.003794197
85,16,0.0,0.0035660286
85,17,0.161797681721885,0.0034873346
85,18,0.0,0.0032348074
85,19,0.0,0.0035341932
85,20,0.172212010527501,0.0029001692
85,21,0.0,0.0007726955
85,22,0.180657737061568,0.0026589432
85,23,-0.167412610934944,0.0029966738
85,24,0.0,0.003637881
85,25,0.0,0.0038993852
85,26,0.0,0.0043030856
85,27,0.0,0.002886421
85,28,0.0,0.0039291875
85,29,0.0,0.004353959
85,30,0.0,0.0047119893
85,31,0.0,0.004226934
85,32,0.0,0.0046111327
85,33,0.0,0.0045504468
85,34,0.0,0.004602108
85,35,0.0,0.0026557334
85,36,0.169695894694878,0.0040478567
85,37,0.0,0.0035889493
85,38,0.0,0.0034722472
85,39,0.166710004828051,0.0033763153
85,40,0.0,0.0024897996
85,41,0.0,0.0045432225
85,42,0.0,0.002888821
85,43,0.0,0.00320571
85,44,0.0,0.0034426814
85,45,0.0,0.0036376808
85,46,0.0,0.0036378372
85,47,0.170473582796306,0.003961662
85,48,0.0,0.004621476
85,49,-0.174042684623853,0.0036620162
85,50,0.0,0.0043304656
85,51,-0.156229650395169,0.0028598122
85,52,0.0,0.0024856897
85,53,0.0,0.0043128002
85,54,0.0,0.0040822234
85,55,0.0,0.0036950456
85,56,0.0,0.0006421036
85,57,0.0,0.0040839575
85,58,0.0,0.0034540081
85,59,0.0,0.004442524
85,60,0.0,0.0047272537
85,61,0.0,0.0030046348
85,62,0.0,0.0041615404
85,63,-0.168796738439341,0.0033982815
85,64,0.0,0.0045216214
85,65,0.0,0.0033690324
85,66,0.0,0.0035907663
85,67,0.0,0.0032019494
85,68,0.0,0.0029432392
85,69,0.0,0.0045508724
85,70,0.0,0.004295581
85,71,0.0,0.004596038
85,72,0.0,0.0036378931
85,73,0.0,0.0026615486
85,74,0.0,0.0004068045
85,75,0.0,0.0042520827
85,76,0.180509712934004,0.003453048
85,77,-0.161990061757905,0.0042494005
85,78,0.0,0.0033754734
85,79,0.0,0.0035901722
85,80,0.0,0.0033824332
85,81,0.0,0.0042384695
85,82,0.0,0.0003596074
85,83,0.0,0.0017047003
85,84,0.0,0.0035209572
85,85,0.0,0.048077475
85,86,0.0,0.0040351767
85,87,0.0,0.0027211425
85,88,0.0,0.0038694292
85,89,0.0,0.00428639
85,90,0.0,0.00466846
85,91,0.0,0.0031640027
85,92,0.0,0.0034503695
85,93,0.0,0.0045322217
85,94,0.0,0.0028451062
85,95,0.0,0.0041053053
85,96,0.0,0.004226382
85,97,0.0,0.0045670187
85,98,-0.17016846143995,0.0038769618
85,99,0.0,0.0044348286
85,100,0.0,0.0043084417
86,1,0.0,0.004227707
86,2,0.0,0.0033629928
86,3,0.0,0.0027840678
86,4,-0.171535386618905,0.0045748763
86,5,0.0,0.0027367086
86,6,0.172847931879952,0.0033725835
86,7,0.0,0.0044500185
86,8,0.0,0.0036290456
86,9,0.0,0.0036114613
86,10,0.0,0.0033765426
86,11,0.0,0.004299108
86,12,0.189533051476854,0.002478932
86,13,0.0,0.004271522
86,14,0.0,0.0037628459
86,15,0.0,0.003813236
86,16,0.0,0.00395683
86,17,-0.170852916165689,0.0042639356
86,18,0.198240494540669,0.0031955913
86,19,0.0,0.0034955023
86,20,0.0,0.0027074632
86,21,-0.180247376107131,0.0044730064
86,22,0.0,0.0033693956
86,23,0.0,0.002820395
86,24,0.0,0.0028029215
86,25,0.0,0.003079595
86,26,0.0,0.0038384134
86,27,0.0,0.0045416504
86,28,-0.172453460288803,0.0043082274
86,29,0.0,0.0045594387
86,30,0.0,0.004563842
86,31,0.0,0.0041343896
86,32,0.0,0.004629354
86,33,0.0,0.003361851
86,34,0.18080959272694,0.0036040088
86,35,0.0,0.0010014842
86,36,0.179193163717895,0.002864221
86,37,0.0,0.0033686552
86,38,0.0,0.004041882
86,39,0.0,0.0045977347
86,40,0.0,0.002987641
86,41,-0.18614844047157,0.003637678
86,42,0.0,0.004137123
86,43,0.0,0.0025143162
86,44,0.0,0.0033661434
86,45,0.0,0.0046131685
86,46,0.0,0.003935309
86,47,0.0,0.003637814
86,48,0.0,0.0030979142
86,49,0.0,0.004596565
86,50,0.0,0.0032103788
86,51,0.0,0.0035508517
86,52,0.184955515725624,0.0030945083
86,53,0.0,0.0033716299
86,54,0.0,0.0036129672
86,55,0.0,0.0045111496
86,56,0.0,0.0034506312
86,57,0.0,0.003544093
86,58,0.0,0.004556628
86,59,0.0,0.003830457
86,60,0.0,0.0030885525
86,61,0.0,0.004601205
86,62,0.0,0.0024627382
86,63,-0.178243684919978,0.0033707935
86,64,0.0,0.0025111185
86,65,0.0,0.0045505306
86,66,0.0,0.0031879097
86,67,0.0,0.004552707
86,68,0.0,0.0034338413
86,69,0.0,0.0035676397
86,70,0.0,0.0034522647
86,71,0.0,0.003373391
86,72,0.0,0.0041147973
86,73,0.0,0.0039933473
86,74,0.0,0.004085453
86,75,0.0,0.0025073504
86,76,0.0,0.0033690827
86,77,0.0,0.0033943383
86,78,0.0,0.0033724643
86,79,0.0,0.0044999737
86,80,0.0,0.004550347
86,81,0.0,0.0025821691
86,82,0.0,0.004514536
86,83,0.0,0.0045532025
86,84,-0.164540064577611,0.0025373385
86,85,0.0,0.0028469488
86,86,0.0,0.048077475
86,87,0.0,0.0038206978
86,88,0.0,0.0026113805
86,89,0.0,0.0042307004
86,90,0.0,0.0039990637
86,91,0.0,0.0027283006
86,92,0.0,0.0035884408
86,93,0.0,0.0042289533
86,94,0.0,0.0045620706
86,95,0.0,0.0033656545
86,96,0.0,0.0039216354
86,97,-0.141782934597024,0.003032758
86,98,0.0,0.0046374993
86,99,0.0,0.0036944887
86,100,0.0,0.0033922521
87,1,0.0,0.0041798027
87,2,-0.153454460567063,0.0042420607
87,3,0.0,0.0040119514
87,4,0.0,0.0036378726
87,5,0.0,0.004133893
87,6,0.0,0.0043251803
87,7,0.0,0.0040964903
87,8,0.0,0.00375708
87,9,0.0,0.004364214
87,10,0.0,0.0035322364
87,11,0.0,0.003372631
87,12,0.0,0.0029779999
87,13,0.0,0.004624947
87,14,0.0,0.0026388369
87,15,0.0,0.0037123412
87,16,0.0,0.003949954
87,17,0.0,0.0035204915
87,18,0.0,0.00448568
87,19,0.0,0.0036294917
87,20,0.0,0.0028579887
87,21,0.0,0.0042126887
87,22,0.0,0.0033961618
87,23,0.0,0.004082121
87,24,-0.175815168277603,0.002652069
87,25,0.0,0.0030410094
87,26,0.0,0.004322809
87,27,0.171136066279235,0.0032185074
87,28,0.0,0.003694173
87,29,0.0,0.0025269957
87,30,-0.181368217959907,0.004133558
87,31,0.0,0.0034945188
87,32,0.0,0.004546066
87,33,0.0,0.003637869
87,34,0.0,0.0043013953
87,35,0.0,0.0036376528
87,36,0.0,0.0040833056
87,37,0.0,0.0034868382
87,38,0.0,0.0036376808
87,39,0.0,0.0042805523
87,40,0.0,0.0042781495
87,41,0.0,0.0027819234
87,42,0.0,0.0041413875
87,43,0.0,0.0035011042
87,44,0.0,0.0036539193
87,45,0.0,0.0036073923
87,46,0.0,0.0034919959
87,47,0.0,0.0029833522
87,48,0.0,0.0046126824
87,49,0.0,0.0031418977
87,50,0.0,0.0034737047
87,51,0.0,0.0036378372
87,52,0.0,0.004049599
87,53,0.0,0.0045987973
87,54,0.0,0.0035114838
87,55,0.0,0.003371452
87,56,0.0,0.004042824
87,57,0.0,0.0037373966
87,58,0.0,0.0044536293
87,59,0.0,0.0045031896
87,60,0.0,0.0037808148
87,61,-0.164404670575736,0.004513651
87,62,0.0,0.0046641864
87,63,0.0,0.0027919076
87,64,0.0,0.0041722767
87,65,0.0,0.0043295324
87,66,0.0,0.0032213787
87,67,0.0,0.0040653273
87,68,0.0,0.002561369
87,69,0.0,0.0034950413
87,70,0.0,0.0033623679
87,71,0.0,0.0042864187
87,72,0.176395987870414,0.0033796625
87,73,0.0,0.004099737
87,74,0.0,0.0029512187
87,75,0.0,0.0030876724
87,76,0.0,0.0027375524
87,77,0.0,0.0036377078
87,78,0.0,0.0037954245
87,79,0.0,0.0029640254
87,80,0.0,0.0033766674
87,81,0.0,0.0036377106
87,82,0.0,0.002979055
87,83,0.0,0.0034777392
87,84,0.0,0.0041428898
87,85,0.0,0.0027242806
87,86,0.0,0.0038693715
87,87,0.0,0.048077475
87,88,0.0,0.0030504055
87,89,0.159833547744146,0.0046195835
87,90,0.0,0.0034868522
87,91,0.0,0.0034245877
87,92,0.0,0.00398958
87,93,0.0,0.0037450343
87,94,0.0,0.0031148335
87,95,0.0,0.0035090465
87,96,0.0,0.0044858614
87,97,0.0,0.003746206
87,98,0.0,0.0027302913
87,99,0.0,0.0045600813
87,100,0.0,0.0041958624
88,1,0.0,0.0034486018
88,2,0.0,0.0040082484
88,3,0.0,0.004560589
88,4,0.0,0.00466224
88,5,0.0,0.0035303626
88,6,0.0,0.0030780537
88,7,0.0,0.0035720104
88,8,0.0,0.002776566
88,9,-0.166193040761535,0.0032564392
88,10,0.0,0.0040064408
88,11,0.0,0.0032027774
88,12,0.0,0.0038985983
88,13,0.0,0.0028241035
88,14,0.0,0.0027447725
88,15,0.0,0.004691866
88,16,0.0,0.0042480584
88,17,0.0,0.002434669
88,18,-0.169402703442199,0.0031297766
88,19,0.0,0.0035561435
88,20,0.0,0.004306472
88,21,0.0,0.0033960892
88,22,0.0,0.0033787396
88,23,0.0,0.0035589244
88,24,0.0,0.0035665082
88,25,0.0,0.004546061
88,26,0.0,0.0033419942
88,27,0.0,0.003968627
88,28,0.0,0.0023647603
88,29,0.0,0.0033776835
88,30,0.0,0.004037453
88,31,0.0,0.004247374
88,32,0.0,0.0027223532
88,33,0.0,-0.00031359307
88,34,-0.154507452613033,0.0036377423
88,35,0.0,0.0045537744
88,36,0.0,0.003362408
88,37,0.0,0.0035552736
88,38,0.0,0.004585564
88,39,0.0,0.004173073
88,40,0.0,0.004047038
88,41,0.0,0.0025011552
88,42,0.0,0.0031209253
88,43,0.0,0.0037945304
88,44,0.0,0.0047290307
88,45,0.0,0.0045602443
88,46,0.0,0.003449414
88,47,0.0,0.004434445
88,48,0.0,0.0035393722
88,49,0.0,0.0036299229
88,50,0.0,0.0033685453
88,51,0.0,0.0027776747
88,52,0.0,0.0032107737
88,53,0.0,0.0038095238
88,54,0.0,0.004347751
88,55,0.0,0.0039997036
88,56,0.0,0.003977753
88,57,0.164851104663331,0.0038493369
88,58,0.0,0.0035887295
88,59,0.0,0.003458376
88,60,0.0,0.0032860823
88,61,0.0,0.0040832236
88,62,0.0,0.004276842
88,63,0.0,0.0025129295
88,64,0.0,0.0033521187
88,65,0.0,0.004725527
88,66,0.0,0.004155983
88,67,0.0,0.0036377097
88,68,0.0,0.0030637616
88,69,0.0,0.0035773478
88,70,0.0,0.0038973168
88,71,0.0,0.0042919638
88,72,0.166246553019425,0.004633801
88,73,0.0,0.0039452175
88,74,0.0,0.0042489376
88,75,0.0,0.004018927
88,76,0.0,0.0027974192
88,77,0.0,0.004082919
88,78,-0.148001476051639,0.0032016123
88,79,0.0,0.0028380244
88,80,0.0,0.00467404
88,81,0.0,0.002863246
88,82,0.164656599623674,0.002792561
88,83,0.0,0.0027325582
88,84,-0.140604631907247,0.0034737233
88,85,0.0,0.0034040427
88,86,0.169383625139016,0.0025001564
88,87,0.0,0.002978037
88,88,0.0,0.048077475
88,89,0.0,0.0034100488
88,90,0.0,0.0029604426
88,91,0.0,0.0032081557
88,92,0.0,0.004545602
88,93,0.0,0.004583924
88,94,0.0,0.0045007123
88,95,0.0,0.003644077
88,96,0.0,0.002896701
88,97,0.0,0.0040272977
88,98,0.0,0.0033755638
88,99,0.0,0.004149331
88,100,0.0,0.0046381885
89,1,0.0,0.003637841
89,2,0.0,0.0036376994
89,3,0.0,0.0033713859
89,4,0.0,0.0034699775
89,5,0.0,0.0007059658
89,6,0.0,0.0032085385
89,7,0.0,0.0045169992
89,8,0.0,0.003942864
89,9,0.0,0.0033692196
89,10,0.0,0.003466975
89,11,0.0,0.0035943342
89,12,0.0,0.003637908
89,13,0.0,0.004314527
89,14,0.0,0.004570895
89,15,0.0,0.003367681
89,16,0.16637437656678,0.004542306
89,17,0.157595389775982,0.00381344
89,18,0.0,0.004228903
89,19,0.0,0.0039231544
89,20,0.0,0.0046831276
89,21,0.0,0.0040160324
89,22,0.0,0.0025126939
89,23,0.0,0.0025065457
89,24,0.0,0.004321648
89,25,0.0,0.0037011756
89,26,0.0,0.004687976
89,27,0.0,0.0045186104
89,28,0.0,0.0033735782
89,29,0.0,0.0036377236
89,30,0.0,0.003939949
89,31,0.0,0.002457777
89,32,0.0,0.0034438437
89,33,0.0,0.003453686
89,34,0.0,0.0031924965
89,35,0.0,0.0044180704
89,36,0.0,0.0033708606
89,37,0.0,0.0028026663
89,38,0.0,0.0029509226
89,39,0.0,0.0025088973
89,40,0.0,0.0025977804
89,41,0.0,0.003783064
89,42,0.0,0.0035248427
89,43,0.0,0.00459022
89,44,0.183723368215086,0.003374396
89,45,0.0,0.004275972
89,46,0.0,0.0035302136
89,47,0.0,0.0036635045
89,48,0.0,0.003485486
89,49,0.0,0.0024350835
89,50,0.0,0.0034972094
89,51,0.0,0.0036565578
89,52,-0.170603682080148,0.00253588
89,53,0.0,0.0036378065
89,54,0.0,0.0036639906
89,55,0.0,0.003917193
89,56,0.0,0.0041741505
89,57,0.0,0.0024451278
89,58,0.0,0.0042356346
89,59,0.0,0.004004618
89,60,0.0,0.0036917254
89,61,0.0,0.0044623073
89,62,0.0,0.0041004075
89,63,0.0,0.0041449834
89,64,0.0,0.0045547
89,65,0.0,0.0035720067
89,66,0.160567806878211,0.0037463987
89,67,0.0,0.0027226214
89,68,-0.162412198505073,0.0028618146
89,69,0.0,0.0025679288
89,70,0.0,0.004576956
89,71,0.0,0.0041923067
89,72,0.0,0.004497247
89,73,0.0,0.0028038542
89,74,0.178077358490079,0.0034043156
89,75,0.0,0.004548352
89,76,0.0,0.002879261
89,77,0.0,0.00411182
89,78,0.0,0.0043276157
89,79,0.0,0.004435922
89,80,0.161224923564199,0.0040840525
89,81,0.0,0.0031392407
89,82,0.177734726760905,0.004539216
89,83,0.0,0.0043660505
89,84,0.0,0.0035243556
89,85,0.0,0.003984778
89,86,0.0,0.0044894936
89,87,0.0,0.0044878153
89,88,0.0,0.0034771059
89,89,0.0,0.048077475
89,90,0.0,0.0026947511
89,91,0.0,0.004524268
89,92,0.0,0.0042769806
89,93,0.0,0.0035603037
89,94,0.0,0.00397483
89,95,0.0,0.0036628256
89,96,0.0,0.0036439123
89,97,0.0,0.0045769177
89,98,0.0,0.0033703558
89,99,0.178538157897081,0.003554251
89,100,0.0,0.0027224114
90,1,0.0,0.003607669
90,2,0.0,0.0041393396
90,3,0.0,0.003757827
90,4,0.138507928925492,0.0033659805
90,5,0.0,0.0036377842
90,6,0.0,0.004217932
90,7,0.0,0.0025862623
90,8,0.0,0.004258452
90,9,0.0,0.0036377106
90,10,0.0,0.0036376566
90,11,0.0,0.0042386176
90,12,0.0,0.003446756
90,13,0.0,0.0027386947
90,14,0.0,0.004520421
90,15,0.0,0.003478718
90,16,0.0,0.0042814948
90,17,0.0,0.004288364
90,18,0.0,0.0045887176
90,19,0.0,0.002803659
90,20,0.0,0.0034993235
90,21,0.0,0.0036115125
90,22,0.0,0.004320218
90,23,0.0,0.0044250647
90,24,-0.156571687553304,0.004316096
90,25,0.0,0.004102719
90,26,0.0,0.0045689177
90,27,0.0,0.004327397
90,28,0.0,0.0024894453
90,29,0.0,0.003607858
90,30,0.0,0.0039622067
90,31,0.0,0.0035142414
90,32,0.0,0.0036377031
90,33,0.0,0.0033673365
90,34,0.0,0.0039278567
90,35,0.0,0.0035891505
90,36,0.0,0.004538534
90,37,0.0,0.0044540623
90,38,0.0,0.0036151018
90,39,0.0,0.0045503294
90,40,0.0,0.003213792
90,41,0.0,0.0036112228
90,42,0.0,0.0028526084
90,43,0.0,0.0029665995
90,44,0.0,0.0035495795
90,45,0.0,0.0035949172
90,46,0.0,0.0044862246
90,47,0.0,0.0031439178
90,48,0.0,0.0033883406
90,49,0.0,0.0026891404
90,50,0.0,0.0029867003
90,51,0.0,0.0042212065
90,52,0.0,0.004240129
90,53,0.0,0.004555908
90,54,0.0,0.0042715007
90,55,0.0,0.003450079
90,56,0.0,-0.00017433846
90,57,0.155770354057955,0.004597849
90,58,0.0,0.0027229162
90,59,0.0,0.00291585
90,60,0.0,0.004290472
90,61,0.0,0.0035174452
90,62,0.0,0.0031526396
90,63,0.0,0.004186837
90,64,0.0,0.0034608329
90,65,0.0,0.0036378186
90,66,0.0,0.003568707
90,67,0.0,0.003206689
90,68,0.0,0.004328238
90,69,0.0,0.002537754
90,70,0.0,0.0027872748
90,71,0.0,0.0036488026
90,72,0.0,0.0039878963
90,73,0.0,0.0032499582
90,74,0.0,0.004334528
90,75,0.0,0.0033730753
90,76,0.0,0.0025124312
90,77,0.0,0.003522695
90,78,0.0,0.0042929184
90,79,0.0,0.0022450746
90,80,0.0,0.004373042
90,81,0.0,0.002284876
90,82,0.0,0.004713702
90,83,0.0,0.00363791
90,84,0.0,0.00457899
90,85,0.0,0.0042660423
90,86,0.0,0.003589957
90,87,0.0,0.0033734431
90,88,0.0,0.0028651478
90,89,0.0,0.002886667
90,90,0.0,0.048077475
90,91,0.0,0.004237229
90,92,0.0,0.0025129644
90,93,0.0,0.0025640102
90,94,0.0,0.0033756504
90,95,0.0,0.0042194193
90,96,0.0,0.0028247247
90,97,0.0,0.0045876764
90,98,0.0,0.0044386946
90,99,-0.161875708848528,0.0044623325
90,100,0.0,0.002845204
91,1,0.17189478133648,0.003350433
91,2,0.0,0.0042536203
91,3,0.0,0.004191368
91,4,0.0,0.002795801
91,5,0.0,0.00049631763
91,6,0.0,0.0033941362
91,7,0.0,0.0033919476
91,8,0.0,0.0028528422
91,9,0.0,0.0043250658
91,10,0.0,0.0025079367
91,11,0.0,0.0036495607
91,12,0.0,0.004158641
91,13,0.0,0.0036309622
91,14,0.0,0.0044934116
91,15,0.0,0.0043978207
91,16,0.0,0.0028157672
91,17,0.0,0.0042986693
91,18,0.0,0.004617529
91,19,0.0,0.0034880964
91,20,0.16731607251791,0.0033784453
91,21,0.0,0.003451028
91,22,0.0,0.0039788987
91,23,0.0,0.0034143329
91,24,0.0,0.0033518877
91,25,0.0,0.00443336
91,26,0.0,0.0035727816
91,27,-0.173660741321153,0.0025123386
91,28,0.0,0.004193483
91,29,0.0,0.0042622546
91,30,0.0,0.0027405536
91,31,0.0,0.0035638297
91,32,0.0,0.00406624
91,33,0.148103237658121,0.0037018377
91,34,0.0,0.004438212
91,35,0.0,0.004070796
91,36,0.0,0.0027954937
91,37,0.0,0.004079123
91,38,0.0,0.004527705
91,39,0.0,0.0039810333
91,40,0.0,0.0034524705
91,41,0.0,0.0033389917
91,42,0.0,0.0041770497
91,43,0.0,0.0047308337
91,44,0.0,0.004615724
91,45,0.0,0.004595829
91,46,0.0,0.0028128885
91,47,0.0,0.0043543708
91,48,0.173335043514448,0.003374735
91,49,0.0,0.0027377768
91,50,0.0,0.0035289759
91,51,0.0,0.0026884256
91,52,0.0,0.0037216563
91,53,0.0,0.0040555494
91,54,0.0,0.0027339743
91,55,0.0,0.004027674
91,56,0.0,0.004549994
91,57,0.17749577535766,0.004578688
91,58,0.0,0.003539903
91,59,0.168604968901788,0.003141339
91,60,0.0,0.004258236
91,61,0.0,0.003751994
91,62,0.0,0.0032446813
91,63,0.0,0.004718137
91,64,0.178081437665924,0.0035454687
91,65,0.0,0.0030652387
91,66,0.0,0.0031444347
91,67,0.0,0.003366449
91,68,0.0,0.0038671298
91,69,0.0,0.0027545984
91,70,0.0,0.002760009
91,71,0.0,0.0031980602
91,72,0.0,0.004490195
91,73,0.0,0.0033271797
91,74,0.0,0.0037009232
91,75,0.0,0.002244311
91,76,0.0,0.00395333
91,77,0.157384730816659,0.004135864
91,78,0.0,0.004437158
91,79,0.0,0.0033735204
91,80,0.0,0.0046478678
91,81,0.0,0.0026315069
91,82,0.0,0.00432741
91,83,0.0,0.0039977776
91,84,0.0,0.003292567
91,85,0.0,0.0029659448
91,86,0.0,0.002725367
91,87,0.0,0.0035227118
91,88,0.0,0.003451569
91,89,0.0,0.004493069
91,90,0.0,0.0024922788
91,91,0.0,0.048077475
91,92,0.0,0.0037340997
91,93,0.0,0.0036292318
91,94,0.0,0.0034469021
91,95,0.0,0.0037919246
91,96,0.0,0.0046611913
91,97,0.0,0.002692894
91,98,0.0,0.002148877
91,99,0.0,0.0040033096
91,100,0.0,0.00456993
92,1,0.0,0.0042074993
92,2,0.0,0.004656842
92,3,0.0,0.00461921
92,4,0.0,0.0033519259
92,5,0.0,0.0034638615
92,6,0.0,0.0035921596
92,7,0.15677962387753,0.0033744406
92,8,0.0,0.0032168003
92,9,0.0,0.004301206
92,10,0.0,0.0045638895
92,11,0.0,0.0027591716
92,12,0.0,0.0037007285
92,13,0.15613241954186,0.0041602124
92,14,0.0,0.0045547215
92,15,0.0,0.0025291229
92,16,0.0,0.002458477
92,17,0.0,0.0042569777
92,18,0.0,0.0033474788
92,19,0.0,0.003971654
92,20,0.0,0.0037537962
92,21,0.0,0.0045156237
92,22,0.0,0.0033743614
92,23,0.0,0.0031522661
92,24,0.0,0.003735776
92,25,0.0,0.0042558266
92,26,0.0,0.0033772849
92,27,0.0,0.0041609146
92,28,0.14591470010286,0.0037533268
92,29,0.0,0.0044355905
92,30,0.0,0.0032115523
92,31,0.0,0.00341901
92,32,0.0,0.004523103
92,33,0.0,0.004497543
92,34,0.0,0.0030317288
92,35,0.0,0.0024436386
92,36,0.0,0.004648542
92,37,0.0,0.004563627
92,38,0.0,0.0038731024
92,39,0.0,0.0041663544
92,40,0.0,0.004286969
92,41,0.0,0.0025504995
92,42,0.0,0.0033739451
92,43,0.0,0.0034684893
92,44,0.0,0.0026926915
92,45,0.0,0.0032253284
92,46,0.0,0.004554048
92,47,0.0,0.0043366645
92,48,0.0,0.003378558
92,49,0.0,0.0034024455
92,50,0.0,0.0036507146
92,51,0.0,0.003366571
92,52,0.0,0.0046238312
92,53,0.0,0.0035509951
92,54,0.0,0.004505153
92,55,0.0,0.004697771
92,56,0.0,0.004632732
92,57,0.0,0.0036869943
92,58,0.0,0.0016999692
92,59,0.0,0.0033748765
92,60,0.0,0.004624974
92,61,0.0,0.002545936
92,62,0.0,0.0036223605
92,63,0.0,0.004103006
92,64,0.0,0.0039689373
92,65,0.0,0.0034517013
92,66,0.0,-2.9590912e-05
92,67,0.0,0.0036136983
92,68,0.0,0.001988425
92,69,0.0,0.0034140432
92,70,0.0,0.0029203128
92,71,0.0,0.0043040765
92,72,0.0,0.0031724367
92,73,0.0,0.004264907
92,74,0.0,0.0036839144
92,75,0.0,0.003637664
92,76,0.0,0.003312407
92,77,0.0,0.0020235656
92,78,0.0,0.0033677537
92,79,0.0,0.0046034027
92,80,0.0,0.0044771824
92,81,0.0,0.0033672387
92,82,0.0,0.0039364547
92,83,0.0,0.0041886037
92,84,0.0,0.004491023
92,85,0.0,0.0034510363
92,86,0.0,0.003366868
92,87,0.0,0.0046291966
92,88,0.0,0.003888566
92,89,0.0,0.0046092626
92,90,0.0,0.0025777025
92,91,0.0,0.00407104
92,92,-0.841566014569253,0.048077475
92,93,-0.143402679862243,0.0027086916
92,94,0.0,0.0035605198
92,95,0.0,0.001403043
92,96,0.0,0.003738258
92,97,0.0,0.0037095658
92,98,0.0,0.004335869
92,99,0.0,0.0025277762
92,100,0.0,0.004128149
93,1,0.161017288771012,0.003453371
93,2,-0.145864443751819,0.0042335736
93,3,-0.163024638230366,0.0033767764
93,4,0.0,0.00385895
93,5,0.0,0.0030486379
93,6,0.0,0.0032061702
93,7,0.0,0.0044963304
93,8,0.0,0.003842582
93,9,0.0,0.0031049568
93,10,0.0,0.0022366056
93,11,0.0,0.003922714
93,12,0.0,0.0042594615
93,13,0.0,0.0028525363
93,14,0.0,0.003409991
93,15,0.0,0.0035186093
93,16,0.0,0.0045033684
93,17,0.147250350445657,0.0036268458
93,18,0.0,0.0043300698
93,19,0.0,0.00345393
93,20,0.156728320401489,0.0037585218
93,21,0.0,0.004257854
93,22,0.0,0.0043550553
93,23,0.0,0.0033321828
93,24,0.167119167661714,0.003958107
93,25,0.0,0.003582227
93,26,0.158890718967446,0.00405017
93,27,0.0,0.003362134
93,28,0.0,0.0036195107
93,29,0.0,0.0039414596
93,30,0.0,0.002835963
93,31,0.0,0.0042645093
93,32,0.0,0.0039963406
93,33,0.0,0.0042924294
93,34,0.0,0.0042296844
93,35,-0.144976699374411,0.0036378112
93,36,0.0,0.002509647
93,37,0.0,0.0027351542
93,38,0.0,0.0004980033
93,39,0.0,0.00320095
93,40,0.0,0.003533408
93,41,0.0,0.0040780753
93,42,0.0,0.002407846
93,43,0.0,0.0036376677
93,44,0.0,0.0032831496
93,45,0.0,0.004332903
93,46,0.0,0.003826363
93,47,0.0,0.0036376854
93,48,0.0,0.0028606695
93,49,0.0,0.0042895544
93,50,0.16291082691754,0.003637882
93,51,0.0,0.004366802
93,52,0.0,0.004548963
93,53,0.0,0.0032405434
93,54,0.0,0.004515758
93,55,0.0,0.0041303616
93,56,0.0,0.003371261
93,57,0.0,0.003522384
93,58,0.0,0.0026784483
93,59,0.0,0.00337556
93,60,0.0,0.00034704013
93,61,0.0,0.004715411
93,62,0.0,0.0037332196
93,63,0.0,0.0028348793
93,64,0.0,0.0033674706
93,65,0.0,0.003732808
93,66,0.0,0.0028583552
93,67,0.0,0.0027567213
93,68,0.0,0.0044153566
93,69,0.0,0.0033707619
93,70,-0.150934412602267,0.0045762165
93,71,0.0,0.0044612186
93,72,0.0,0.004127118
93,73,0.0,0.0036891988
93,74,0.0,0.002490806
93,75,0.0,0.0025340277
93,76,0.0,0.004387929
93,77,0.0,0.004492633
93,78,0.0,0.0029941127
93,79,0.0,0.0025404906
93,80,0.0,0.0015522023
93,81,0.0,0.0042624706
93,82,0.0,0.003008741
93,83,0.0,0.003458865
93,84,0.0,0.0032929517
93,85,0.0,0.0045865253
93,86,0.0,0.0034242123
93,87,0.0,0.0039042374
93,88,0.0,0.004528301
93,89,0.157579062742186,0.0035306579
93,90,0.0,0.0035569994
93,91,0.0,0.0036453353
93,92,0.0,0.0039864527
93,93,0.0,0.048077475
93,94,0.0,0.003493389
93,95,0.0,0.0035958411
93,96,0.0,0.004198473
93,97,0.0,0.0041234028
93,98,0.0,0.0046299463
93,99,0.0,0.0043976875
93,100,0.0,0.0040370803
94,1,0.0,0.002846348
94,2,-0.165908664859865,0.0036377916
94,3,0.0,0.004650755
94,4,0.168154035794272,0.004231319
94,5,0.0,0.0041307257
94,6,0.0,0.004194919
94,7,-0.181641907372934,0.0037960196
94,8,0.0,0.0025114012
94,9,0.190650715290611,0.0042526787
94,10,0.0,0.0043856
94,11,0.0,0.0027369
94,12,0.0,0.0038999515
94,13,0.0,0.0034107398
94,14,0.182408925879919,0.002670338
94,15,0.0,0.0027224994
94,16,0.0,0.0047249924
94,17,0.0,0.004082812
94,18,0.0,0.004307499
94,19,0.0,0.0034127543
94,20,0.0,0.003954052
94,21,0.0,0.0025700768
94,22,0.0,0.003629933
94,23,0.0,0.00416016
94,24,0.0,0.0034520207
94,25,0.0,0.00408406
94,26,0.180724968775567,0.004276106
94,27,0.0,0.0039599994
94,28,0.0,0.0047156885
94,29,0.0,0.0033907583
94,30,0.0,0.0025312104
94,31,0.0,0.003371532
94,32,0.0,0.0037741195
94,33,0.0,-0.00010982575
94,34,0.0,0.00416351
94,35,0.0,0.0038085533
94,36,0.0,0.0042529497
94,37,0.0,0.002135036
94,38,0.0,0.0036377786
94,39,0.0,0.0045764362
94,40,0.0,0.0035267677
94,41,0.0,0.0034415498
94,42,-0.169227434561192,0.0034279749
94,43,0.0,0.0043137167
94,44,0.0,0.0034230165
94,45,0.0,0.00310147
94,46,0.0,0.00432879
94,47,0.0,0.0021618344
94,48,0.0,0.0029586237
94,49,0.0,0.0033685025
94,50,-0.185297506985959,0.0028716512
94,51,0.0,0.0029705474
94,52,0.0,0.003367968
94,53,0.0,0.0017605252
94,54,0.0,0.0028640288
94,55,0.0,0.0028995862
94,56,-0.17755966184056,0.0028663254
94,57,0.0,0.0036216173
94,58,0.0,0.004580863
94,59,0.0,0.0033690725
94,60,0.0,0.0043916376
94,61,0.0,0.003007803
94,62,0.0,0.0034872927
94,63,0.0,0.0028343564
94,64,0.0,0.003637717
94,65,-0.170029134512366,0.0026860428
94,66,0.0,0.0032135034
94,67,0.0,0.003626449
94,68,0.0,0.0029443195
94,69,0.17477288830129,0.0037297988
94,70,0.0,0.004282549
94,71,0.0,0.0037797336
94,72,0.0,0.0024834373
94,73,0.0,0.0027394001
94,74,-0.189252297938121,0.004319029
94,75,0.0,0.0031356579
94,76,0.0,0.0034660548
94,77,0.0,0.004362082
94,78,0.0,0.002720273
94,79,0.0,0.00064474065
94,80,0.0,0.002801329
94,81,0.0,0.0036378922
94,82,0.0,0.0042864475
94,83,0.0,0.0040385295
94,84,0.0,0.00320643
94,85,-0.184012331140461,0.0024959096
94,86,0.0,0.0045036897
94,87,0.0,0.003041204
94,88,0.0,0.004354584
94,89,0.0,0.0031626243
94,90,0.0,0.0034611681
94,91,-0.178780913404239,0.0033729402
94,92,0.0,0.003366162
94,93,0.0,0.0033751251
94,94,0.0,0.048077475
94,95,0.0,0.003920437
94,96,0.0,0.0027283523
94,97,0.15105166781922,0.0036377795
94,98,0.0,0.0045560766
94,99,0.0,0.0042911535
94,100,0.0,0.0027041375
95,1,0.180105996034632,0.0027290923
95,2,0.0,0.0025710352
95,3,0.0,0.0032179654
95,4,0.0,0.0031715324
95,5,0.0,0.0027283514
95,6,0.0,0.003637718
95,7,0.0,0.0041445373
95,8,0.0,0.004541413
95,9,0.187488430106695,0.0015057018
95,10,0.0,0.004067205
95,11,0.0,0.0039152894
95,12,0.0,0.003061032
95,13,0.0,0.003908938
95,14,0.0,0.0044694636
95,15,0.0,0.0027873465
95,16,0.173882121894216,0.003159835
95,17,0.164706977964209,0.0042713834
95,18,0.0,0.0037714215
95,19,-0.17481059847447,0.00423624
95,20,0.0,0.0041115647
95,21,0.0,0.0034851097
95,22,0.0,0.0034511378
95,23,0.0,0.0028836783
95,24,0.0,0.0045777056
95,25,0.175643131629942,0.004725217
95,26,0.0,0.004433455
95,27,0.0,0.0031930087
95,28,0.0,0.0046209823
95,29,0.0,0.00470029
95,30,0.0,0.004337471
95,31,0.0,0.0027227998
95,32,0.0,0.0031208768
95,33,-0.15517795785874,0.0045657335
95,34,0.0,0.003368712
95,35,0.0,0.0036113905
95,36,0.172747209296668,0.0025788462
95,37,0.157811964483054,0.0024692519
95,38,0.0,0.0034509217
95,39,0.0,0.0039477525
95,40,0.0,0.0030141873
95,41,0.0,0.004321539
95,42,0.0,0.0033705058
95,43,0.0,0.0035667252
95,44,0.0,0.0028672456
95,45,0.0,0.0034558037
95,46,0.166084031694389,0.0035685347
95,47,0.0,0.0027369084
95,48,0.181615057869419,0.0038168104
95,49,0.0,0.0033697542
95,50,0.0,0.0037945295
95,51,0.0,0.0035144016
95,52,0.0,0.0031212252
95,53,0.0,0.0023320103
95,54,0.0,0.0032028686
95,55,0.0,0.0033932766
95,56,0.0,0.003976483
95,57,0.185974543055812,0.0045346897
95,58,0.0,0.004318809
95,59,0.0,0.004016063
95,60,0.0,0.0034583407
95,61,-0.174799319007055,0.003405081
95,62,0.0,0.004318962
95,63,-0.171831885245105,0.0027902066
95,64,0.0,0.00433683
95,65,0.0,0.003634951
95,66,-0.167813527203075,0.0027295984
95,67,0.0,0.0026819473
95,68,0.0,0.0045135813
95,69,0.0,0.0038588978
95,70,0.0,0.0032303445
95,71,0.0,0.00337445
95,72,0.0,0.0034708288
95,73,0.0,0.0035907272
95,74,-0.18611320802241,0.0045795944
95,75,0.0,0.004492551
95,76,0.0,0.00396463
95,77,0.0,0.0038516903
95,78,0.0,0.0042665396
95,79,0.0,0.0035246415
95,80,0.0,0.0034743631
95,81,0.0,0.0036216974
95,82,0.0,0.0047220234
95,83,0.0,0.004330937
95,84,0.0,0.0045417855
95,85,0.0,0.0044383323
95,86,0.191087844699001,0.0033428716
95,87,0.0,0.0033754995
95,88,0.0,0.003540108
95,89,0.0,0.0033752732
95,90,0.0,0.0041707736
95,91,0.0,0.00461707
95,92,0.0,0.0045968005
95,93,0.0,0.00253542
95,94,-0.187321070659044,0.0037463475
95,95,0.0,0.048077475
95,96,0.0,0.0045549935
95,97,0.0,0.0041222647
95,98,0.158787586346643,0.004594395
95,99,0.0,0.0029191617
95,100,0.0,0.0045404974
96,1,0.0,0.0040576374
96,2,0.0,0.004248608
96,3,0.0,0.0045521576
96,4,0.0,0.00465539
96,5,0.0,0.0035249703
96,6,0.0,0.003637855
96,7,0.0,0.003524322
96,8,0.0,0.0037648054
96,9,0.0,0.0035160761
96,10,0.0,0.004622627
96,11,0.0,0.0045329053
96,12,-0.179957725575032,0.0035963831
96,13,0.0,0.0045010485
96,14,0.0,0.0035465993
96,15,0.159682475334679,0.0035655424
96,16,-0.171258000480411,0.004283852
96,17,0.0,0.0045193005
96,18,0.0,0.004478871
96,19,0.0,0.003585684
96,20,0.0,0.0035932278
96,21,0.0,0.0034135887
96,22,0.0,0.0034360578
96,23,0.0,0.0036376752
96,24,0.0,0.0012848414
96,25,0.0,0.003830688
96,26,0.0,0.004152189
96,27,0.0,0.003197763
96,28,0.0,0.004058388
96,29,0.0,0.004323219
96,30,0.0,0.0033810008
96,31,0.0,0.003326865
96,32,0.0,0.0043214094
96,33,0.0,0.003811014
96,34,0.0,0.0034870077
96,35,0.0,0.0045707515
96,36,-0.170140215281686,0.0038099186
96,37,0.0,0.0036132112
96,38,0.0,0.004424095
96,39,0.0,0.0034527108
96,40,0.0,0.0045227967
96,41,0.0,0.0033762017
96,42,0.0,0.00320239
96,43,0.0,0.0035528345
96,44,0.0,0.0037171245
96,45,0.0,0.002870772
96,46,0.0,0.0028063073
96,47,0.0,0.003955272
96,48,0.0,0.0035687182
96,49,0.0,0.0028015897
96,50,0.0,0.0032805782
96,51,0.0,0.003966611
96,52,0.175611449734956,0.0042610336
96,53,0.0,0.0045889644
96,54,0.0,0.0037835063
96,55,0.0,0.0027492088
96,56,0.0,0.0034798207
96,57,0.0,0.0036479682
96,58,0.170034188083479,0.0045920312
96,59,0.0,0.003369566
96,60,0.0,0.0042345775
96,61,0.0,0.0029505221
96,62,0.0,0.00264624
96,63,0.0,0.002476078
96,64,0.0,0.0037488127
96,65,0.0,0.00337004
96,66,0.0,0.0033430588
96,67,0.0,0.0031175409
96,68,0.0,0.0034682853
96,69,0.0,0.003763251
96,70,0.0,0.0025131572
96,71,0.0,0.00440377
96,72,0.0,0.004322499
96,73,0.0,0.0027220035
96,74,0.0,0.0036377488
96,75,0.0,0.004337894
96,76,0.0,0.0033762036
96,77,0.0,0.0032015042
96,78,0.0,0.0029680543
96,79,0.0,0.0033715228
96,80,0.165957394443664,0.0036377702
96,81,0.0,0.004613539
96,82,0.0,0.0036903825
96,83,0.0,0.0026244274
96,84,0.0,0.0037223492
96,85,0.0,0.0042954693
96,86,0.0,0.003109878
96,87,0.0,0.003961186
96,88,0.0,0.0025751777
96,89,0.0,0.0036020959
96,90,0.0,0.0026884177
96,91,0.0,0.004669727
96,92,0.0,0.0034857793
96,93,-0.162204515861683,0.0041832533
96,94,0.0,0.0027246801
96,95,0.0,0.004429551
96,96,0.0,0.048077475
96,97,0.0,0.0047055753
96,98,-0.157219204804359,0.004621584
96,99,0.0,0.0045841327
96,100,0.0,0.0033703912
97,1,0.0,0.0033679605
97,2,0.0,0.0023604082
97,3,0.0,0.0038076947
97,4,0.0,0.0044680424
97,5,0.0,0.004303202
97,6,0.0,0.0033707423
97,7,0.0,0.003908518
97,8,0.0,0.0045457957
97,9,0.0,0.0041714627
97,10,0.0,0.003501094
97,11,0.0,0.004283606
97,12,0.0,0.0045590755
97,13,0.0,0.0033693984
97,14,0.164016344361278,0.00362638
97,15,0.0,0.0034646718
97,16,0.0,0.0043985266
97,17,0.0,0.0043156603
97,18,0.0,0.0036292402
97,19,0.0,0.0034866808
97,20,0.0,0.0032180175
97,21,0.0,0.0045482963
97,22,0.0,0.004250899
97,23,0.0,0.0047332803
97,24,0.170917658355967,0.004614545
97,25,0.0,0.004513409
97,26,0.16250218332456,0.0031222915
97,27,0.0,0.0046056006
97,28,0.0,0.004171295
97,29,0.155255374680947,0.0034106104
97,30,0.0,0.0035985
97,31,0.0,0.003402155
97,32,0.0,0.0042780684
97,33,0.0,0.0044090217
97,34,0.0,0.0033772364
97,35,0.0,0.0045935046
97,36,0.0,0.0038225288
97,37,0.0,0.0035688467
97,38,0.0,0.004263523
97,39,0.0,0.0031715771
97,40,0.0,0.0024558026
97,41,0.0,0.0022127172
97,42,0.0,0.0037664706
97,43,0.0,0.00347819
97,44,0.0,0.0045238016
97,45,0.0,0.0039969767
97,46,0.0,0.0042902986
97,47,0.0,0.0028013214
97,48,0.0,0.002511419
97,49,0.0,0.004460003
97,50,0.0,0.0032131393
97,51,0.0,0.004242263
97,52,0.0,0.00390473
97,53,0.0,0.005669769
97,54,0.0,0.0020458102
97,55,0.0,0.0035763625
97,56,0.0,0.0010355092
97,57,0.0,0.0034620212
97,58,0.0,0.0033761542
97,59,0.0,0.0033728536
97,60,0.0,0.004580713
97,61,0.0,0.0040253084
97,62,0.0,0.004338596
97,63,0.0,0.004528139
97,64,0.0,0.003338918
97,65,0.0,0.0034619933
97,66,0.0,0.00456353
97,67,0.0,0.0036141984
97,68,0.0,0.0033657206
97,69,0.0,0.004470136
97,70,0.0,0.0037999135
97,71,0.0,0.0042038467
97,72,0.17148229862963,0.004576523
97,73,0.0,0.0043618865
97,74,0.0,0.004258383
97,75,0.0,0.0013420889
97,76,0.0,0.0045786155
97,77,0.0,0.003568137
97,78,0.0,0.00298734
97,79,0.0,0.0033435998
97,80,0.0,0.004623605
97,81,0.0,0.0032190578
97,82,0.0,0.0036738236
97,83,0.0,0.0036091488
97,84,0.0,0.0034690714
97,85,0.0,0.004620606
97,86,0.0,0.0034525413
97,87,0.0,0.004338421
97,88,0.0,0.0043097734
97,89,0.0,0.004234774
97,90,0.0,0.0020164438
97,91,0.0,0.0025119493
97,92,0.0,0.0038375165
97,93,0.0,0.002218064
97,94,0.0,0.0034440001
97,95,0.0,0.004552909
97,96,0.0,0.003174102
97,97,0.716656549368054,0.048077475
97,98,0.0,0.004500184
97,99,0.0,0.0045472495
97,100,0.0,0.004272043
98,1,0.0,0.0033696946
98,2,0.0,0.0035648523
98,3,0.0,0.0042037675
98,4,0.0,0.002952055
98,5,0.0,0.003167131
98,6,-0.162007896068929,0.0045986883
98,7,0.0,0.0028099502
98,8,0.0,0.0041812034
98,9,0.0,0.00433995
98,10,0.0,0.0025602262
98,11,0.0,0.004296422
98,12,0.0,0.0043446105
98,13,0.0,0.0041648215
98,14,0.0,0.0041759126
98,15,0.0,0.0039705243
98,16,0.0,0.002612954
98,17,0.0,0.0034772633
98,18,0.0,0.0031579211
98,19,0.0,0.0040219873
98,20,0.0,0.0042696027
98,21,-0.168943289384234,0.0036377795
98,22,0.0,0.003487707
98,23,0.165695328846865,0.004229459
98,24,0.0,0.004266141
98,25,0.0,0.00393543
98,26,-0.172797153268136,0.003581034
98,27,0.0,0.0032196185
98,28,0.0,0.0045043956
98,29,0.16509123893347,0.0038993303
98,30,0.0,0.0025125952
98,31,0.0,0.0045004543
98,32,0.0,0.0027949703
98,33,0.0,0.004539149
98,34,0.0,0.0039428705
98,35,0.0,0.0033532772
98,36,0.0,0.0035378486
98,37,0.0,0.0030597374
98,38,0.0,0.004608562
98,39,0.0,0.004143591
98,40,0.0,0.0035750456
98,41,0.0,0.004550526
98,42,0.0,0.0029708026
98,43,0.0,0.0047201747
98,44,0.0,0.0034613218
98,45,0.0,0.004562089
98,46,0.0,0.0037782388
98,47,0.0,0.0037301574
98,48,0.0,0.003516892
98,49,0.0,0.0035165362
98,50,0.0,0.0044499915
98,51,0.0,0.0018529696
98,52,0.0,0.004121624
98,53,0.0,0.003380008
98,54,0.0,0.0035015428
98,55,0.163448590857593,0.003980724
98,56,0.169770698034557,0.0031861085
98,57,0.0,0.0033665886
98,58,0.0,0.0036060438
98,59,0.0,0.004528718
98,60,0.0,0.0043318104
98,61,0.0,0.0034531867
98,62,0.0,0.0027070302
98,63,0.167065258272888,0.003375424
98,64,0.0,0.0043433737
98,65,0.0,0.0034099668
98,66,0.0,0.0037960876
98,67,0.173795046128535,0.003344223
98,68,0.0,0.0044560544
98,69,0.0,0.0041066967
98,70,0.0,0.0036377097
98,71,0.0,0.004416181
98,72,0.0,0.004556073
98,73,0.0,0.004378342
98,74,0.0,0.003440803
98,75,0.0,0.0034931544
98,76,0.0,0.00363784
98,77,0.0,0.0033618044
98,78,0.0,0.0039174072
98,79,0.0,0.003826675
98,80,0.0,0.00345477
98,81,0.0,0.0044157207
98,82,-0.180602256617614,0.004244091
98,83,-0.171721457532286,0.0034341235
98,84,0.0,0.0046594506
98,85,0.0,0.0038254894
98,86,0.0,0.0034735808
98,87,0.0,0.0027245437
98,88,0.0,0.0037205406
98,89,0.0,0.003385365
98,90,0.0,0.0014592968
98,91,0.0,0.00068075396
98,92,-0.15719639692069,0.0042805504
98,93,0.0,0.004294364
98,94,0.0,0.003458594
98,95,0.179103905654669,0.0030129543
98,96,0.0,0.004330422
98,97,0.0,0.004297058
98,98,0.0,0.048077475
98,99,0.172704121536087,0.0036506793
98,100,0.0,0.004394564
99,1,0.160843953751786,0.0035459837
99,2,0.0,0.0034077317
99,3,0.0,0.0034531457
99,4,0.0,0.0043329606
99,5,0.0,0.0030669644
99,6,0.148809397802295,0.0046960395
99,7,0.0,0.004313739
99,8,0.0,0.003637868
99,9,0.0,0.004133299
99,10,0.0,0.0029651625
99,11,0.171930279607659,0.0043888725
99,12,0.0,0.0039124005
99,13,0.0,0.0034516212
99,14,0.0,0.004098445
99,15,0.0,0.0032279901
99,16,0.0,0.004549129
99,17,0.0,0.004271279
99,18,0.0,0.0025118669
99,19,0.156114890316828,0.0034845248
99,20,0.0,0.0030967463
99,21,0.0,0.0043249326
99,22,0.0,0.0029718466
99,23,0.0,0.0033554174
99,24,0.0,0.004121257
99,25,0.0,0.004242056
99,26,0.0,0.0035288343
99,27,0.0,0.004278647
99,28,0.0,0.0029979264
99,29,0.0,0.002869702
99,30,0.0,0.0040594023
99,31,0.0,0.0033843154
99,32,0.0,0.00429211
99,33,0.0,0.0038020732
99,34,0.0,0.0045540594
99,35,0.0,0.0025017932
99,36,0.0,0.0033736695
99,37,0.0,0.0029244348
99,38,0.0,0.0034302333
99,39,0.0,0.003367805
99,40,0.0,0.0014913995
99,41,0.0,0.0027312734
99,42,0.0,0.004416952
99,43,-0.14695919848809,0.004196642
99,44,0.0,0.0025607366
99,45,0.0,0.003470703
99,46,0.0,0.0034515718
99,47,0.0,0.0036296677
99,48,0.0,0.0034532668
99,49,0.0,0.0042821523
99,50,0.0,0.0035580955
99,51,0.0,0.0036160732
99,52,0.0,0.0033303723
99,53,0.0,0.0039515086
99,54,0.0,0.0035556508
99,55,0.0,0.0041952813
99,56,0.0,0.004128862
99,57,0.0,0.0021562707
99,58,0.0,0.0026522279
99,59,0.0,0.0025114873
99,60,0.0,0.0036378875
99,61,-0.15610481717004,0.0040162876
99,62,0.0,0.004305655
99,63,0.0,0.0028015752
99,64,0.0,0.0013628323
99,65,0.0,0.0029142248
99,66,0.0,0.0031561553
99,67,-0.159636269484087,0.0033607138
99,68,0.0,0.0034673074
99,69,0.0,0.0036659958
99,70,0.0,0.0046542846
99,71,0.0,0.0017808573
99,72,0.0,0.0045721475
99,73,0.0,0.0025116596
99,74,0.166208704223244,0.0006654514
99,75,0.0,0.0027082185
99,76,0.0,0.0029748082
99,77,0.0,0.0033723041
99,78,0.0,0.0042648073
99,79,0.0,0.004712552
99,80,0.0,0.004562417
99,81,0.0,0.0034999456
99,82,0.165888908510782,0.0034516733
99,83,0.0,0.002721168
99,84,0.0,0.0036377655
99,85,0.161606762259525,0.004541686
99,86,0.0,0.0037293704
99,87,0.0,0.0045571467
99,88,0.0,0.004308235
99,89,0.0,0.0034079133
99,90,0.0,0.0034801885
99,91,0.0,0.0039272765
99,92,0.0,0.002510483
99,93,0.0,0.00450984
99,94,0.0,0.004255443
99,95,0.0,0.0030714404
99,96,0.0,0.0045281537
99,97,0.0,0.004337026
99,98,0.0,0.0033774339
99,99,0.148256228305399,0.048077475
99,100,0.0,0.0043378286
100,1,0.0,0.004503594
100,2,0.0,0.0034561418
100,3,0.0,0.0037770076
100,4,0.0,0.0027208775
100,5,0.0,0.003053775
100,6,0.0,0.003719505
100,7,0.0,0.0013492927
100,8,0.0,0.00211624
100,9,0.0,0.0045873504
100,10,0.0,0.004607835
100,11,0.0,0.0043776985
100,12,0.182855966998601,0.004420853
100,13,0.0,0.0033986038
100,14,0.0,0.0028015897
100,15,0.0,0.0030957386
100,16,0.0,0.0041824076
100,17,0.0,0.0029316843
100,18,0.0,0.0034911595
100,19,0.0,0.0029570526
100,20,0.0,0.0014421884
100,21,0.0,0.004398181
100,22,0.0,0.0036703963
100,23,0.0,0.003375126
100,24,0.0,0.0046327887
100,25,0.175778498690431,0.004447963
100,26,0.0,0.0034455154
100,27,0.0,0.004682038
100,28,0.0,0.00029599573
100,29,0.0,0.004604157
100,30,0.0,0.0034565898
100,31,0.0,0.0027378509
100,32,0.0,0.0046009477
100,33,0.0,0.0043160934
100,34,0.174439828109586,0.00430578
100,35,0.0,0.0042294534
100,36,0.0,0.0032217298
100,37,0.0,0.003080383
100,38,0.0,0.0033555133
100,39,0.0,0.0043705013
100,40,0.0,0.0035139862
100,41,-0.179590592893857,0.0024351445
100,42,0.0,0.0028767735
100,43,0.0,0.003376958
100,44,0.0,0.002892008
100,45,0.0,0.0034522992
100,46,0.0,0.004732238
100,47,0.173672626393909,0.0027366495
100,48,0.0,0.0034695277
100,49,0.0,0.0026897131
100,50,0.0,0.004033994
100,51,0.0,0.004312572
100,52,0.178439693848669,0.0036378764
100,53,0.0,0.004625961
100,54,0.0,0.0047318805
100,55,0.0,0.0036443928
100,56,0.0,0.003483545
100,57,0.186117872470322,0.0040488793
100,58,0.0,0.0034504263
100,59,0.0,0.0046548527
100,60,0.0,0.003637663
100,61,0.0,0.0032033157
100,62,0.0,0.0027387785
100,63,0.0,0.0033746082
100,64,0.0,0.004176424
100,65,0.167337762201098,0.004636674
100,66,0.0,0.0025115795
100,67,0.0,0.0034749722
100,68,0.169871966567049,0.0042336024
100,69,0.0,0.0041948883
100,70,0.0,0.0034054117
100,71,0.0,0.0007428662
100,72,0.0,0.0024873428
100,73,0.0,0.004453581
100,74,0.0,0.004461726
100,75,0.0,0.00397043
100,76,0.0,0.0043026693
100,77,0.0,0.0033730986
100,78,0.0,0.003552287
100,79,0.0,0.003778588
100,80,0.0,0.003671351
100,81,-0.160422077037269,0.004074471
100,82,0.0,0.0036088452
100,83,0.0,0.0040074848
100,84,0.0,0.0014502308
100,85,0.0,0.0041516293
100,86,0.0,0.0036656912
100,87,0.0,0.004606314
100,88,0.0,0.0028902423
100,89,0.0,0.0026981533
100,90,0.0,0.0031905165
100,91,0.0,0.004641475
100,92,0.0,0.003965143
100,93,0.0,0.0042416435
100,94,0.0,0.0029545454
100,95,0.0,0.0039752023
100,96,0.0,0.0033783857
100,97,0.0,0.0045831036
100,98,0.0,0.004321974
100,99,0.164639414413925,0.00433906
100,100,0.0,0.048077475
