Var1,Var2,y,pred
1,1,0.891275780508295,-0.021707198
1,2,0.0,0.0025914032
1,3,0.0,0.012772733
1,4,0.0,0.0015620559
1,5,0.0,0.002414653
1,6,0.0,0.0061419844
1,7,0.0,0.0006939224
1,8,0.0,-0.0065044113
1,9,-0.153536432317283,0.0028698277
1,10,0.0,0.0040586954
1,11,0.0,0.0046949307
1,12,0.0,0.0037946282
1,13,0.0,0.002476364
1,14,0.0,0.0072502145
1,15,0.0,0.0016883132
1,16,0.0,0.007246357
1,17,0.0,0.0047289277
1,18,0.0,-0.010626266
1,19,0.0,0.0063105044
1,20,0.0,-0.0007788795
1,21,0.0,-0.0012240945
1,22,0.0,0.0078007826
1,23,0.0,-0.0039162827
1,24,0.0,0.0017427928
1,25,0.0,0.006445809
1,26,0.0,0.0015847939
1,27,0.0,-0.0047077807
1,28,0.0,0.0062846798
1,29,0.154726636715794,0.0015552514
1,30,0.0,-0.004804534
1,31,0.0,0.007737337
1,32,0.0,0.0045069405
1,33,0.0,-0.0015124646
1,34,0.0,0.0048757754
1,35,0.0,-0.00045241008
1,36,0.0,0.0048143375
1,37,0.0,-0.005610713
1,38,0.0,-0.0037196255
1,39,0.0,0.005340516
1,40,0.0,-0.0037549785
1,41,0.0,0.0058578146
1,42,0.0,0.0015841802
1,43,0.0,0.0023430875
1,44,0.0,0.004076905
1,45,0.140540063286505,0.013104694
1,46,0.158693325232454,0.006944249
1,47,0.0,0.0017604134
1,48,0.0,0.014136052
1,49,0.0,0.0047849533
1,50,0.0,0.005487488
1,51,0.0,1.14734285e-05
1,52,0.0,9.349501e-05
1,53,0.153363891004741,0.0066309306
1,54,0.0,0.00023356965
1,55,0.0,-0.003779604
1,56,0.0,0.0009174384
1,57,0.0,0.004936451
1,58,0.0,0.0011066585
1,59,0.0,0.004907737
1,60,0.0,0.0071749385
1,61,0.0,0.0026493263
1,62,0.0,0.0030416125
1,63,0.0,0.0036691236
1,64,0.0,0.0025422107
1,65,0.0,-0.006675635
1,66,0.0,0.0049164146
1,67,0.0,0.002535046
1,68,0.0,0.0039702705
1,69,0.0,-0.0032938798
1,70,0.0,-0.0049904184
1,71,0.0,0.0070431423
1,72,0.151693035138522,0.007782579
1,73,0.0,0.0060722693
1,74,0.0,0.00393474
1,75,0.0,-0.0005919519
1,76,0.0,-0.0027709934
1,77,0.0,-0.00842382
1,78,0.0,-0.005591245
1,79,0.0,0.0026658676
1,80,0.0,-0.003532644
1,81,0.0,0.005408378
1,82,0.0,0.0011262177
1,83,0.0,0.0034901388
1,84,0.0,0.0050685075
1,85,0.0,-0.007859131
1,86,0.0,0.0063811135
1,87,0.0,-0.0052892542
1,88,0.0,0.008321784
1,89,0.0,0.00079123257
1,90,0.0,0.0062297923
1,91,0.0,0.0046279607
1,92,0.0,0.00133351
1,93,0.0,-0.002795938
1,94,0.0,0.0021920125
1,95,0.0,-0.0033824262
1,96,0.0,0.0013837141
1,97,0.0,0.003519189
1,98,0.0,0.0063991738
1,99,0.0,0.0057888073
1,100,0.0,0.009123936
2,1,0.0,0.0045505506
2,2,0.0,-0.021707198
2,3,0.0,0.002360975
2,4,0.0,0.000984035
2,5,0.0,0.0029502856
2,6,0.0,-0.007381477
2,7,0.0,0.0008989475
2,8,0.0,0.0047908654
2,9,0.0,-0.005609672
2,10,0.0,0.005849264
2,11,0.0,0.002185775
2,12,0.0,0.005969114
2,13,0.0,0.0029263818
2,14,0.0,-0.0010965103
2,15,0.0,0.0025419598
2,16,0.0,0.0033805543
2,17,0.0,0.0056283935
2,18,0.0,9.7899e-05
2,19,0.0,0.0043945475
2,20,0.0,-0.0055679823
2,21,0.0,0.0049075712
2,22,0.0,0.005010325
2,23,0.0,-0.0019120993
2,24,0.0,0.00029924652
2,25,0.0,-0.00024630083
2,26,0.0,0.0050290558
2,27,0.0,-0.011180872
2,28,0.0,-0.0029723956
2,29,0.0,0.0036450927
2,30,0.0,0.0012364415
2,31,0.0,0.0037048426
2,32,0.0,0.0011889837
2,33,0.0,-0.0037771766
2,34,0.0,0.00013667764
2,35,0.0,0.0023288913
2,36,0.0,0.006342389
2,37,0.0,0.008538185
2,38,0.0,-0.007890822
2,39,0.0,0.006097671
2,40,0.0,0.004261876
2,41,0.0,0.002267324
2,42,0.0,0.0049120155
2,43,0.0,0.00476774
2,44,0.0,0.0072447457
2,45,0.0,0.0010328502
2,46,0.0,0.004411149
2,47,0.0,0.0007623476
2,48,0.0,0.0011656852
2,49,0.0,0.0038577882
2,50,0.0,0.005010141
2,51,-0.148948122913972,0.002530119
2,52,0.0,0.0076110945
2,53,0.0,-0.011316327
2,54,0.0,0.0010133556
2,55,0.0,-0.0007559693
2,56,0.0,0.0030742032
2,57,0.0,-0.0010310449
2,58,0.0,-1.7149374e-05
2,59,0.0,0.003025706
2,60,0.151707139382045,0.006312936
2,61,0.0,0.002827731
2,62,0.0,0.006484114
2,63,0.0,0.0013598879
2,64,0.0,-0.002167256
2,65,0.0,0.007464846
2,66,0.0,-0.0075584757
2,67,0.0,0.00023054052
2,68,0.0,-0.008703671
2,69,0.0,-0.0015363949
2,70,0.0,-0.006184525
2,71,0.0,0.0050672903
2,72,0.0,-0.004678072
2,73,0.0,-0.00034804572
2,74,0.0,-0.0036280416
2,75,0.160318382173745,0.000694036
2,76,0.0,-0.0019296402
2,77,0.0,0.004376635
2,78,0.0,-0.0034626839
2,79,0.0,0.004546331
2,80,0.0,0.008067574
2,81,0.0,0.0074435086
2,82,0.0,0.0035602353
2,83,0.0,0.00667177
2,84,0.0,-0.0007709614
2,85,0.0,0.0009725676
2,86,0.0,0.003877812
2,87,0.0,-0.0030178626
2,88,0.0,-0.00019310275
2,89,0.0,0.0037610964
2,90,0.0,0.004669067
2,91,0.0,0.0032717031
2,92,0.0,-0.004830214
2,93,0.0,0.0065297014
2,94,0.0,-0.0055777924
2,95,0.0,-0.0009152668
2,96,0.0,-0.0031602238
2,97,0.0,0.004193721
2,98,0.0,-0.01020392
2,99,0.0,0.0037686643
2,100,0.0,-0.00214621
3,1,0.0,0.01054077
3,2,0.157987350571003,0.002671918
3,3,0.0,-0.021707198
3,4,0.167345876489084,0.004483582
3,5,0.0,0.0072751786
3,6,0.0,0.0049030804
3,7,0.0,0.0015267427
3,8,0.0,0.0059146252
3,9,0.0,0.0077054375
3,10,0.0,0.0048182565
3,11,0.0,-0.001254966
3,12,0.0,-0.0044656787
3,13,0.0,0.0019667693
3,14,0.0,-0.00023976667
3,15,0.0,0.008012699
3,16,0.0,0.007763864
3,17,0.0,-0.0037228963
3,18,0.0,0.00018302863
3,19,0.0,-0.0053860517
3,20,0.0,-0.003831556
3,21,0.0,0.0002498487
3,22,0.0,0.00023694243
3,23,0.0,0.0058866576
3,24,-0.155653285078874,-3.1140633e-05
3,25,0.0,-0.0048333257
3,26,0.0,0.0063301525
3,27,0.0,0.0033826688
3,28,0.0,0.0016907318
3,29,0.0,0.007950168
3,30,0.0,0.0011445624
3,31,0.0,0.0065601855
3,32,0.0,-0.0037762825
3,33,0.0,-0.0005690305
3,34,0.0,0.0017815582
3,35,0.0,-0.0030534328
3,36,0.0,-0.0034475788
3,37,0.0,-0.010927804
3,38,0.0,0.004731157
3,39,0.0,0.0013334893
3,40,0.0,0.006688248
3,41,0.0,-0.0011063274
3,42,0.0,0.0027156132
3,43,0.0,-0.005985084
3,44,0.0,-0.0005490377
3,45,0.0,-0.0028801542
3,46,0.0,0.003215075
3,47,0.0,-0.0030311602
3,48,0.0,-0.0006862907
3,49,-0.15199058512243,0.0036492446
3,50,0.0,0.0008345549
3,51,0.0,0.0057390598
3,52,-0.151211922039056,0.0050377236
3,53,0.0,-0.0004493706
3,54,0.0,0.0065960274
3,55,0.0,0.0024741222
3,56,0.0,0.005772594
3,57,0.0,0.003960272
3,58,-0.146843240739757,0.006162725
3,59,0.149311928383029,0.0072848643
3,60,0.0,0.001807298
3,61,0.0,0.0039853686
3,62,0.0,0.006646965
3,63,0.0,0.0023015845
3,64,0.0,-0.005535672
3,65,0.0,0.0025621434
3,66,0.0,0.0016339822
3,67,0.0,0.004230969
3,68,0.0,0.007410076
3,69,0.0,0.00316646
3,70,0.0,0.0065349643
3,71,0.0,0.0013353252
3,72,0.0,-0.006940994
3,73,0.0,0.0061355853
3,74,0.0,0.0033499799
3,75,-0.16237101486076,0.006550642
3,76,0.157656239822481,0.0039077746
3,77,0.0,0.0064128893
3,78,0.0,-0.0057727788
3,79,0.0,-0.0016153264
3,80,0.0,0.0040269364
3,81,0.0,-0.004482933
3,82,0.0,0.0077368557
3,83,0.0,0.003940175
3,84,0.0,0.005407923
3,85,0.0,0.004135991
3,86,0.0,0.000106604304
3,87,0.0,0.004840187
3,88,-0.164582803829646,-0.0038335528
3,89,0.0,0.00358728
3,90,0.0,0.0010120696
3,91,0.0,0.006853636
3,92,0.0,0.007925527
3,93,0.0,0.0002742256
3,94,0.0,0.0038681454
3,95,0.0,-0.004735063
3,96,0.0,0.0012361556
3,97,0.0,0.0028907084
3,98,0.0,0.0025439202
3,99,0.0,0.0026507718
3,100,0.0,0.0068235383
4,1,0.0,0.00096540665
4,2,0.0,0.0005010748
4,3,0.0,0.0027563781
4,4,0.246010779635981,-0.021707198
4,5,0.0,-0.00073775835
4,6,0.0,-0.005917663
4,7,0.0,0.0005525565
4,8,0.0,0.0039768615
4,9,0.0,0.00085847406
4,10,0.0,-0.003233411
4,11,0.0,0.00020411192
4,12,0.0,0.007063583
4,13,0.0,0.002561104
4,14,0.0,0.006123679
4,15,0.0,0.005100461
4,16,0.0,-0.0049205655
4,17,0.0,0.0052813087
4,18,0.0,-0.0018823086
4,19,0.0,0.0012892967
4,20,0.0,-0.0013616366
4,21,0.164277600799549,0.0043463777
4,22,0.0,0.0058667925
4,23,0.0,-0.004654855
4,24,0.0,0.0061298194
4,25,0.0,0.004443157
4,26,0.0,-0.0018783114
4,27,0.0,0.0034642317
4,28,0.0,0.0048126304
4,29,0.0,-0.0012682155
4,30,0.0,-0.0022070273
4,31,0.0,-0.0016082212
4,32,0.0,0.003960615
4,33,0.0,-0.0045431787
4,34,0.0,0.0016472749
4,35,0.170119891370386,0.00076358113
4,36,0.0,0.0025985138
4,37,0.0,0.0068768025
4,38,-0.162207510616716,0.0025453842
4,39,0.0,-0.0030377456
4,40,0.0,-0.0018343499
4,41,0.0,-0.004444528
4,42,0.0,0.006652367
4,43,0.18396004896652,-0.0037459
4,44,0.0,0.0019540456
4,45,0.0,0.0065226224
4,46,0.0,0.003679723
4,47,0.0,0.0019071624
4,48,0.0,-0.0066537256
4,49,0.169208930798113,-0.0031815064
4,50,0.0,-0.00045390322
4,51,0.0,-0.00023027835
4,52,0.0,0.007621166
4,53,0.0,0.00015165145
4,54,-0.179452487386016,-0.003782744
4,55,0.0,0.001007522
4,56,0.0,-0.005684501
4,57,0.0,0.0034647435
4,58,0.0,0.00669252
4,59,0.0,0.0015801608
4,60,0.0,0.005770125
4,61,0.0,-0.002741025
4,62,0.0,0.006909518
4,63,0.0,-0.00048238086
4,64,0.0,0.0035776817
4,65,0.0,0.0034044501
4,66,0.163302838279088,0.00030666543
4,67,0.179645952391598,-0.0054924097
4,68,0.0,0.0046245814
4,69,0.0,0.00035192724
4,70,0.0,-0.0032385362
4,71,0.0,-0.005023204
4,72,0.0,-0.0035095713
4,73,-0.169838946064995,0.0023561972
4,74,0.0,-0.007228331
4,75,0.180765313819028,-0.0028250958
4,76,0.0,0.008206287
4,77,0.0,0.004436616
4,78,0.178805852260319,0.0020525125
4,79,0.0,-0.004002689
4,80,0.0,-0.0023969987
4,81,0.0,0.0007814709
4,82,0.0,-0.0013634316
4,83,0.0,0.0052294643
4,84,0.0,0.0060919416
4,85,0.0,0.0010584472
4,86,0.0,0.0073787705
4,87,0.0,0.0019993037
4,88,0.183227666643544,0.0018211254
4,89,0.0,-0.00450607
4,90,0.0,0.012166854
4,91,0.0,-0.007182497
4,92,0.0,0.00120894
4,93,0.0,0.00394088
4,94,0.0,-0.0075201113
4,95,0.0,-0.002448134
4,96,0.0,0.0014248756
4,97,0.0,-0.004705753
4,98,0.0,0.0044708266
4,99,0.0,0.00033493317
4,100,0.18335153983868,0.008032285
5,1,0.0,2.6245834e-05
5,2,0.0,0.002846281
5,3,0.0,0.0072072665
5,4,0.0,6.270036e-05
5,5,0.0,-0.021707198
5,6,0.0,-0.0026812013
5,7,0.0,-0.0105754845
5,8,0.0,0.0005570003
5,9,0.0,0.0027134214
5,10,0.0,-0.0009054295
5,11,0.139505929902859,0.004835923
5,12,0.141008337481169,-0.0061002304
5,13,0.0,-0.0069597936
5,14,0.0,-0.0058507826
5,15,0.0,-0.008828346
5,16,0.0,0.0042890073
5,17,0.0,0.005914901
5,18,0.0,0.0019301181
5,19,0.0,0.005847134
5,20,0.129280322118731,0.0080219265
5,21,0.0,0.0043871813
5,22,0.0,0.0065111066
5,23,0.0,0.003510716
5,24,0.0,-0.0027124728
5,25,0.0,0.0011931001
5,26,0.0,0.00055280887
5,27,0.0,-0.0022241725
5,28,0.0,0.004083616
5,29,0.0,-0.0029367483
5,30,0.0,0.0042310604
5,31,0.0,-0.0029578237
5,32,0.0,0.0060582557
5,33,0.0,-0.0032215607
5,34,0.0,0.0069086864
5,35,0.0,-0.0034507103
5,36,0.0,-0.00033569615
5,37,0.0,0.001985869
5,38,0.0,0.0019656173
5,39,0.139662146784706,0.0031286613
5,40,0.0,0.0039096363
5,41,0.0,0.006307906
5,42,0.0,0.008203791
5,43,0.0,-0.003773157
5,44,0.0,-0.003664874
5,45,0.0,0.0013009245
5,46,0.0,0.0065708454
5,47,-0.134870083404559,-0.00052969786
5,48,0.0,-0.0032767951
5,49,0.0,0.0024466217
5,50,0.0,0.005183687
5,51,0.0,0.0026017954
5,52,0.0,0.006238016
5,53,0.0,0.0033279466
5,54,0.0,0.0049679917
5,55,0.0,0.0051102242
5,56,0.0,0.0028644805
5,57,0.0,0.0020668907
5,58,0.0,-0.0024617051
5,59,0.0,-0.0033912458
5,60,0.0,0.0028693988
5,61,0.0,0.00094047794
5,62,0.0,0.007320694
5,63,0.0,0.006329836
5,64,0.0,-0.0013700295
5,65,0.0,-0.0012668513
5,66,0.0,0.0073111956
5,67,0.0,0.007707927
5,68,0.0,0.006420948
5,69,0.0,-0.008232275
5,70,0.0,-0.0014033462
5,71,0.0,-0.00045429962
5,72,0.0,0.0010323462
5,73,0.0,0.0034775226
5,74,0.0,0.002796711
5,75,0.0,0.0017770785
5,76,-0.148277649954028,-0.001778279
5,77,0.0,-0.0027495576
5,78,0.0,-0.0034830584
5,79,0.0,0.0021411623
5,80,0.0,0.0022729007
5,81,0.0,0.0022638342
5,82,-0.134326035378171,0.0023303893
5,83,0.0,-0.0007998828
5,84,0.0,0.007323829
5,85,0.0,0.0011452399
5,86,0.0,-0.0014556195
5,87,0.0,0.005152835
5,88,0.0,0.005433941
5,89,0.0,0.0051362426
5,90,0.0,0.006904038
5,91,0.0,-0.0055230097
5,92,0.0,0.0027679843
5,93,0.0,0.0034126225
5,94,0.0,0.0051297327
5,95,0.0,0.0019410807
5,96,0.0,0.007846458
5,97,0.0,0.0041134697
5,98,0.0,-0.007910028
5,99,0.0,-0.0043488853
5,100,0.0,0.0029482814
6,1,0.0,0.0035972344
6,2,0.0,-0.010915998
6,3,0.0,0.0043261875
6,4,0.0,-0.006445671
6,5,0.0,-0.0026557953
6,6,0.0,-0.021707198
6,7,0.0,0.0015879066
6,8,0.0,-0.009817814
6,9,-0.150825805835034,0.0075504747
6,10,0.0,0.0061791777
6,11,0.0,0.0032229559
6,12,0.0,0.0022851047
6,13,0.142694904025356,0.0064582587
6,14,-0.143249096232212,-0.0036622414
6,15,0.0,-0.004693834
6,16,0.0,-0.003998469
6,17,0.0,0.00506317
6,18,0.0,0.008226177
6,19,0.0,-0.009586565
6,20,0.0,0.0029301462
6,21,0.0,0.007833088
6,22,0.139230443135828,0.0033896794
6,23,0.0,0.0025238446
6,24,0.0,-0.004309771
6,25,0.0,0.005490526
6,26,0.0,0.0070300656
6,27,0.0,0.0022471002
6,28,0.0,0.0048043127
6,29,0.0,0.006948439
6,30,0.0,0.001339985
6,31,0.0,0.0058377176
6,32,0.158821051790764,0.004482335
6,33,0.0,-0.0024516783
6,34,0.0,-0.006429886
6,35,0.0,-0.0035799467
6,36,0.0,-0.0053683696
6,37,0.0,0.0064901416
6,38,0.0,-0.003524758
6,39,0.0,-0.0015642594
6,40,0.0,0.0012532144
6,41,0.0,0.005376088
6,42,0.0,0.008409224
6,43,0.0,0.0027985633
6,44,0.0,-0.0036457214
6,45,0.0,0.0026567155
6,46,0.0,0.0047244052
6,47,0.0,0.003676877
6,48,0.0,0.00010690745
6,49,0.0,0.0036145542
6,50,0.0,0.0044516553
6,51,0.0,0.005147662
6,52,0.0,-0.002294594
6,53,0.0,0.0072171944
6,54,0.0,-0.004784549
6,55,0.0,-0.0050793546
6,56,-0.148278788327318,0.0030639772
6,57,0.0,0.004282955
6,58,0.0,0.0014869994
6,59,0.0,-0.0015835948
6,60,0.0,0.0056624566
6,61,0.0,-0.002767514
6,62,0.0,0.005358948
6,63,0.0,-0.0027195716
6,64,-0.135628607889034,0.00020094356
6,65,0.0,0.0073744585
6,66,0.0,-0.00014059944
6,67,0.157774051906141,-0.008732841
6,68,0.0,-0.00508314
6,69,0.0,0.0027594804
6,70,0.0,0.005292866
6,71,0.0,-0.0068400274
6,72,0.0,-0.0066119335
6,73,0.0,-0.0048712073
6,74,0.0,0.0017870911
6,75,0.0,0.0037363074
6,76,0.0,-0.00788697
6,77,0.144213260899839,0.003122535
6,78,0.0,0.0074887346
6,79,0.0,0.00039629987
6,80,0.0,-0.0052520083
6,81,0.0,-0.0030795685
6,82,0.0,0.0048197717
6,83,0.0,0.000105544925
6,84,0.0,-0.0032771374
6,85,0.0,-0.001702232
6,86,0.0,-0.0058315415
6,87,0.0,-0.0017351392
6,88,0.0,0.0011169738
6,89,0.0,0.005925155
6,90,0.0,-0.0047002593
6,91,0.0,-0.0033392622
6,92,-0.148201198060941,0.008177189
6,93,0.0,0.0058420864
6,94,0.0,-0.003624638
6,95,0.0,-0.0032809055
6,96,0.0,-0.0020295712
6,97,0.144050060864195,0.00023535243
6,98,0.0,0.005236613
6,99,0.0,0.0038098698
6,100,0.0,0.004274607
7,1,0.0,0.0034844456
7,2,0.0,0.00083907275
7,3,0.0,0.0015272747
7,4,0.0,-9.455951e-05
7,5,0.0,-0.011206329
7,6,0.0,0.0017622039
7,7,0.0,-0.021707198
7,8,0.0,0.0017805193
7,9,0.0,0.006766208
7,10,-0.155926053762648,-0.0010915776
7,11,0.0,0.0037244777
7,12,0.0,0.0076881316
7,13,0.0,0.004685844
7,14,0.0,0.006927609
7,15,0.0,-0.0058166008
7,16,0.0,0.008267885
7,17,0.0,0.0044763787
7,18,-0.156692832818807,0.0063347206
7,19,0.0,0.008168243
7,20,0.0,0.0005282718
7,21,0.0,0.0030647092
7,22,0.0,0.00020827213
7,23,0.0,-0.0029648817
7,24,0.0,0.005270705
7,25,0.0,0.0010766876
7,26,0.0,0.0072761285
7,27,0.181198008767999,0.010189226
7,28,0.0,-0.00074250484
7,29,0.0,0.0064568003
7,30,0.0,-0.0075638983
7,31,0.0,0.0043076444
7,32,0.0,0.0051418035
7,33,0.0,0.006475521
7,34,0.0,0.0067333016
7,35,0.0,0.00088052824
7,36,0.0,0.00116952
7,37,0.0,-0.0020070947
7,38,0.0,-0.0013962106
7,39,0.0,-0.00056997663
7,40,0.0,-0.0030290694
7,41,0.0,0.0035415133
7,42,0.0,0.0059931516
7,43,0.0,0.003971962
7,44,0.0,-0.0013394584
7,45,0.0,0.0008009644
7,46,0.168192627941461,0.0044291164
7,47,0.0,0.006268226
7,48,0.0,0.00460657
7,49,0.0,-0.0007337369
7,50,0.0,0.0029344023
7,51,0.0,0.0007376126
7,52,0.0,0.007275934
7,53,0.0,0.004857399
7,54,0.0,-0.0025307506
7,55,0.0,-0.0012371629
7,56,0.0,0.0042469786
7,57,0.0,0.0056876284
7,58,0.0,0.0013761974
7,59,0.0,0.003764797
7,60,0.0,0.0034629619
7,61,-0.15892381315387,0.0009429713
7,62,0.0,-0.0003888309
7,63,0.158794244477227,-0.0030710152
7,64,0.0,-0.0028503302
7,65,0.0,0.0063862954
7,66,0.0,0.0027718465
7,67,0.0,0.0024959096
7,68,0.0,0.008815497
7,69,0.163036852292341,0.0069695837
7,70,0.0,0.0044581983
7,71,0.0,0.0035910816
7,72,0.0,-0.004014266
7,73,0.0,0.0013420391
7,74,0.0,-0.0042413413
7,75,0.0,0.0040458185
7,76,0.0,0.005664853
7,77,0.0,0.0046044914
7,78,0.0,0.008139126
7,79,0.0,0.01109661
7,80,-0.162152971130512,0.0021229424
7,81,0.0,0.0016413461
7,82,0.0,0.0065858797
7,83,0.0,0.0038308105
7,84,0.0,-0.0006310814
7,85,0.0,0.0012394693
7,86,0.0,0.008203151
7,87,0.0,-0.0029170965
7,88,0.0,0.0018306025
7,89,0.0,0.0034131226
7,90,0.0,-0.005394873
7,91,0.0,0.0045892545
7,92,0.0,0.007317454
7,93,0.0,0.0012589642
7,94,0.0,-0.004036877
7,95,0.0,0.0070563196
7,96,0.170175911116086,0.0025375383
7,97,0.0,0.005721577
7,98,0.0,0.0051363357
7,99,0.0,0.0051470757
7,100,0.173734788772975,0.004134012
8,1,0.0,-0.00163893
8,2,0.0,0.005059617
8,3,-0.158106414038901,0.005935515
8,4,0.0,-0.00083181355
8,5,0.0,0.00044268533
8,6,0.0,-0.0066525047
8,7,0.0,0.0017954488
8,8,0.0,-0.021707198
8,9,0.0,-0.0056261397
8,10,0.0,0.0035055946
8,11,0.0,-0.00047624484
8,12,0.0,0.0056475257
8,13,0.0,0.005436422
8,14,0.0,0.0011685006
8,15,0.0,-0.0057531074
8,16,0.0,-0.003504368
8,17,0.0,0.007615902
8,18,0.0,0.004304628
8,19,0.0,0.0002716002
8,20,0.0,0.0011369791
8,21,0.0,0.00015954347
8,22,0.0,0.0039197193
8,23,0.0,-0.0052491
8,24,0.0,-0.00090518733
8,25,0.0,-0.004845452
8,26,0.0,0.0063245283
8,27,0.0,0.004097194
8,28,0.0,0.0011626794
8,29,0.0,0.0050568916
8,30,0.0,0.0025449083
8,31,0.0,0.007193685
8,32,0.0,0.00619394
8,33,0.0,-0.0039676675
8,34,0.0,-0.0055907345
8,35,0.147532818886072,0.0021389932
8,36,0.0,-0.0043943115
8,37,0.0,0.0065943203
8,38,0.0,0.0081134755
8,39,0.0,-0.001559579
8,40,0.0,0.0011181496
8,41,0.0,0.006431772
8,42,0.0,0.00427449
8,43,0.0,0.0042323433
8,44,0.0,-0.0033228383
8,45,0.0,0.005388739
8,46,0.0,0.0071251537
8,47,0.0,0.0027141995
8,48,0.0,-6.0444e-05
8,49,0.0,-0.008564569
8,50,0.0,0.0039775395
8,51,0.0,0.007344872
8,52,0.0,-0.0042712106
8,53,0.0,-0.0043407753
8,54,0.0,0.0041394
8,55,0.0,-0.009173999
8,56,0.0,0.0073644067
8,57,0.0,0.0023433235
8,58,0.0,-0.0021379613
8,59,0.0,-0.0038404432
8,60,0.0,0.0042257155
8,61,0.0,-0.0047132336
8,62,0.0,0.006329631
8,63,0.0,0.005481036
8,64,0.0,-0.0033910174
8,65,0.0,0.004433327
8,66,0.0,0.0067904233
8,67,0.0,0.0041487324
8,68,0.0,0.0071643353
8,69,0.0,0.0031716358
8,70,0.0,0.004366158
8,71,0.0,-0.0035430514
8,72,0.147144912722927,0.006776321
8,73,-0.147289175109184,-0.006343309
8,74,0.0,0.00014226558
8,75,0.0,-0.003920832
8,76,0.0,0.0052732867
8,77,0.0,0.0043155164
8,78,0.0,0.0037671728
8,79,0.0,0.01140512
8,80,0.0,-0.0034997691
8,81,0.0,0.0027071405
8,82,0.0,-0.0063707824
8,83,0.0,0.0075890166
8,84,0.0,0.00491917
8,85,0.0,-0.0016210375
8,86,0.0,0.002104736
8,87,0.0,-0.00389115
8,88,0.0,0.0063204686
8,89,0.0,-0.00569712
8,90,0.0,-0.001598909
8,91,0.0,-0.008533657
8,92,0.0,-0.000889922
8,93,0.0,-0.0041378327
8,94,0.144462238813955,0.0030774176
8,95,0.0,-0.0051911967
8,96,0.0,-0.009186259
8,97,0.0,0.00013040868
8,98,0.0,-0.003291856
8,99,0.0,0.0068338024
8,100,0.0,0.0029501836
9,1,0.0,0.0022163414
9,2,0.0,-0.0065204496
9,3,0.0,0.007829431
9,4,0.0,0.0018897881
9,5,0.0,0.0027620443
9,6,0.154890329199193,0.008059466
9,7,0.15374332152835,0.0064154384
9,8,0.0,-0.005586358
9,9,0.0,-0.021707198
9,10,0.0,0.0051245266
9,11,0.0,0.0055876053
9,12,0.0,-0.004153074
9,13,0.0,0.005400133
9,14,0.0,-0.010095501
9,15,0.149592473844146,-0.0049741794
9,16,0.0,0.0029223845
9,17,0.0,-0.004357027
9,18,0.0,-0.002657277
9,19,0.0,-0.0009739897
9,20,0.0,0.0044270493
9,21,0.0,-0.007104764
9,22,0.0,0.0014357157
9,23,0.0,0.002062934
9,24,0.0,-0.004233289
9,25,0.0,0.0032713776
9,26,0.0,0.0039014532
9,27,0.0,0.0057016206
9,28,0.0,0.014537429
9,29,0.0,0.0037039262
9,30,0.0,0.0015056068
9,31,0.0,0.004160747
9,32,0.0,0.0033388832
9,33,0.0,-0.009865781
9,34,0.0,-0.001067515
9,35,0.0,-0.005511238
9,36,0.0,0.00059850235
9,37,0.0,0.001995964
9,38,0.0,-0.0027279123
9,39,0.0,0.0010596369
9,40,0.0,0.0029070908
9,41,0.0,0.0070670513
9,42,0.0,-0.007816795
9,43,0.0,0.007491321
9,44,0.0,0.00500695
9,45,0.0,0.006105522
9,46,0.0,-0.00071037747
9,47,0.0,0.0034200149
9,48,0.0,0.0034233634
9,49,0.0,0.0044082
9,50,0.0,0.0025844947
9,51,0.0,0.0036170855
9,52,0.0,0.0036639734
9,53,0.0,-3.3781398e-05
9,54,0.165418997458367,0.003024289
9,55,0.0,0.0032937801
9,56,0.0,0.006928573
9,57,0.0,0.00445399
9,58,0.0,0.00803061
9,59,0.0,-0.0060200854
9,60,0.0,-0.0077981926
9,61,0.0,0.00052997307
9,62,0.165423178050838,-0.0038089792
9,63,0.0,0.004610427
9,64,0.0,-0.0041379626
9,65,0.0,0.003680719
9,66,0.0,0.0019915611
9,67,0.165597333171251,-0.005024049
9,68,-0.185273398144911,0.008971514
9,69,0.0,0.004433094
9,70,0.0,-0.0006728787
9,71,0.0,0.0002154652
9,72,0.0,-0.0031493385
9,73,0.0,0.00808656
9,74,0.152182409390882,-0.0028940388
9,75,0.0,0.0045681964
9,76,0.0,0.0039115883
9,77,0.0,-0.0050718803
9,78,0.0,-0.0045915227
9,79,0.0,0.0023889197
9,80,0.0,-0.003654664
9,81,0.0,0.0014343872
9,82,0.0,0.0027264538
9,83,-0.155936272793399,-0.006273261
9,84,0.0,0.0062069776
9,85,0.0,0.0005608755
9,86,0.0,0.0071828454
9,87,0.0,-0.0036009043
9,88,-0.168898951272898,0.0011849604
9,89,0.0,0.00529556
9,90,0.0,-0.0020128512
9,91,0.0,0.0014828485
9,92,0.0,0.008163577
9,93,0.0,-0.0048162816
9,94,0.0,0.0021272432
9,95,0.0,0.003952934
9,96,0.0,-0.0001884338
9,97,0.0,0.0044853813
9,98,0.0,0.010581991
9,99,0.0,0.0033823266
9,100,0.0,0.0043093096
10,1,0.0,0.0036212816
10,2,0.0,0.0055249506
10,3,0.0,0.0044565964
10,4,0.0,-0.00381533
10,5,0.0,-0.00087641226
10,6,0.0,0.0060300664
10,7,0.0,-0.0011245385
10,8,0.0,0.0038488582
10,9,0.0,0.006336629
10,10,0.0,-0.021707198
10,11,0.0,0.007974843
10,12,0.147428587758959,0.0081871245
10,13,0.0,0.0074704583
10,14,0.0,0.0043736063
10,15,0.0,0.004759823
10,16,0.0,-0.004083604
10,17,0.0,0.006202375
10,18,0.0,-0.0059781773
10,19,0.0,0.0007550302
10,20,0.0,-0.0057690367
10,21,0.0,-0.005482879
10,22,0.0,0.003576669
10,23,0.0,-0.0014929627
10,24,0.0,-0.001669975
10,25,0.0,0.0030488125
10,26,0.0,-0.0046039117
10,27,0.0,0.004018649
10,28,0.0,-0.00061528373
10,29,0.0,0.0017804541
10,30,0.0,-0.00097435666
10,31,0.0,-0.0049557434
10,32,0.0,-0.0045063016
10,33,0.0,-0.002196778
10,34,0.0,0.0030728537
10,35,0.0,-0.0013250462
10,36,0.0,0.00090155797
10,37,0.0,0.0011421558
10,38,0.0,-0.0060133683
10,39,0.0,0.0076690386
10,40,0.0,0.0032368074
10,41,0.0,0.004491114
10,42,0.139394138351872,0.0067072124
10,43,0.0,0.0014107258
10,44,0.0,0.008405998
10,45,0.0,0.0044107484
10,46,0.156783218772266,0.005396847
10,47,0.0,0.005813109
10,48,0.0,0.005715866
10,49,-0.149457643409985,0.0023852144
10,50,0.0,0.0061355946
10,51,0.0,0.004545817
10,52,0.0,-0.00073314714
10,53,0.0,0.005975435
10,54,0.0,0.007963236
10,55,0.14633433318377,0.0020178896
10,56,0.0,0.0025445586
10,57,0.0,0.0003474101
10,58,0.0,0.007772368
10,59,0.0,0.0031568906
10,60,0.0,0.007212538
10,61,0.0,0.0062079723
10,62,0.0,0.00018806616
10,63,0.0,0.003804029
10,64,0.0,0.0037797159
10,65,0.0,-0.0012350896
10,66,0.0,0.006683285
10,67,0.0,0.0009049084
10,68,0.0,0.0066710715
10,69,0.0,0.0022891755
10,70,0.0,0.0069779535
10,71,0.0,0.00201804
10,72,0.0,0.0060597216
10,73,0.0,0.005836385
10,74,0.0,0.0009662118
10,75,0.159665082015633,-0.0008879709
10,76,0.0,0.0035321307
10,77,0.0,0.004991093
10,78,0.0,0.0040584966
10,79,0.0,-0.0032430752
10,80,0.0,0.0042746672
10,81,0.149207255651866,0.0029783137
10,82,0.0,-0.0021213177
10,83,0.0,0.008093834
10,84,0.0,0.0030233525
10,85,0.0,0.0012714847
10,86,0.0,0.0020967242
10,87,0.0,0.00487256
10,88,0.0,0.005557044
10,89,0.0,-0.0040831305
10,90,0.0,0.0043559712
10,91,0.0,0.0019679908
10,92,0.0,0.005657963
10,93,0.0,-0.00027565146
10,94,0.0,0.00094316853
10,95,0.136296676033087,-0.0023946827
10,96,0.0,-0.0045773364
10,97,0.0,0.0042963945
10,98,0.147492620467207,-0.0039698803
10,99,0.0,0.006566549
10,100,0.0,0.002959528
11,1,0.0,0.005767871
11,2,0.0,6.447546e-05
11,3,0.0,-0.004618743
11,4,0.0,0.0002923631
11,5,-0.147924989772635,0.004239371
11,6,-0.157321155597024,0.0028969916
11,7,-0.156156146953885,0.0021487377
11,8,0.0,0.0037680822
11,9,0.0,0.006744902
11,10,0.0,0.007818257
11,11,0.388919986551628,-0.021707198
11,12,0.0,0.0063790563
11,13,0.0,-0.0010002283
11,14,0.0,0.0039391713
11,15,0.0,0.0055846334
11,16,-0.162213128383155,0.0043958356
11,17,0.0,-0.0027405536
11,18,0.0,-0.0044476236
11,19,0.0,0.00765991
11,20,0.0,0.0009376076
11,21,0.0,0.012946663
11,22,0.0,-0.00062687823
11,23,0.0,0.004201567
11,24,0.0,0.0028481283
11,25,0.0,-0.0039687403
11,26,0.0,-0.008802681
11,27,0.0,-0.0036159432
11,28,0.0,-0.0029972754
11,29,0.0,0.006293802
11,30,0.0,-0.0021270895
11,31,0.0,-0.0029907294
11,32,0.0,0.00283868
11,33,0.0,0.0022771317
11,34,0.0,0.0016882578
11,35,0.0,0.0023312601
11,36,0.0,0.0041682464
11,37,0.0,-0.0029646172
11,38,0.0,-0.0056692464
11,39,0.146532480152401,0.0011843345
11,40,0.0,-0.0030264282
11,41,0.0,-0.0062285555
11,42,0.0,-0.0009319759
11,43,0.0,0.0059113163
11,44,0.0,0.0005697687
11,45,0.0,-0.0011707926
11,46,0.0,0.001637585
11,47,0.0,-0.0060310196
11,48,0.0,0.0073643313
11,49,0.0,0.006316108
11,50,0.0,-0.01130127
11,51,0.0,0.0023969472
11,52,0.0,-0.00051089097
11,53,0.0,0.0034060576
11,54,0.0,0.006700395
11,55,0.0,0.009716472
11,56,0.0,0.005860387
11,57,0.0,-0.011017591
11,58,0.0,0.0050336556
11,59,0.0,0.004067018
11,60,0.0,0.0009172596
11,61,-0.14866196554808,0.0062540523
11,62,0.0,0.0032663243
11,63,0.0,0.0018808604
11,64,-0.136881981773462,0.007383563
11,65,0.0,7.213792e-05
11,66,-0.144746094904511,0.0040823184
11,67,0.0,-0.0051537743
11,68,0.0,-0.00081933104
11,69,0.0,-0.0045188842
11,70,0.0,0.00700915
11,71,0.0,0.0020978958
11,72,0.0,0.008211719
11,73,0.0,-0.012307782
11,74,0.0,0.007211263
11,75,-0.160224240712682,0.0045003663
11,76,0.0,0.0057587656
11,77,0.0,0.0057678088
11,78,0.0,-0.005036283
11,79,0.0,0.0017226851
11,80,-0.151682614010674,0.0015515392
11,81,0.0,0.0051500564
11,82,0.140933871962779,0.0015310876
11,83,0.0,0.0044956524
11,84,0.0,0.0009786659
11,85,0.0,0.0028663082
11,86,0.146891790146482,0.003084187
11,87,0.0,-0.0028686952
11,88,0.0,0.00019280938
11,89,0.0,0.0031837416
11,90,0.150566828758689,0.0020662877
11,91,0.0,0.00042980956
11,92,0.0,-0.0050282977
11,93,0.0,0.0010533021
11,94,0.0,-0.0052513755
11,95,0.0,0.0006288602
11,96,0.0,-0.0003914542
11,97,0.0,0.007662839
11,98,0.0,-0.009558139
11,99,0.0,0.0023998893
11,100,0.0,0.0026359702
12,1,0.0,0.005051486
12,2,0.0,0.0037446413
12,3,0.0,-0.0054754904
12,4,0.0,0.0070909555
12,5,0.0,-0.0066872053
12,6,0.0,0.002331887
12,7,0.0,0.0053240363
12,8,0.0,0.0074542803
12,9,-0.152508741386527,-0.012127383
12,10,0.0,0.008194707
12,11,0.0,0.006375602
12,12,0.0,-0.021707198
12,13,0.0,0.0056274864
12,14,0.0,0.0018366515
12,15,0.0,0.0020528925
12,16,0.163960080885847,0.0029848218
12,17,0.0,-0.003229491
12,18,0.0,0.0029179729
12,19,0.0,-0.004856708
12,20,0.0,-0.002058269
12,21,0.0,0.0010770261
12,22,-0.142030399763441,0.0073052277
12,23,0.157709073328339,0.004969414
12,24,0.0,-0.0027329228
12,25,0.0,0.000557289
12,26,0.0,0.0058477656
12,27,0.0,-0.0028937575
12,28,0.0,0.00061184773
12,29,0.0,0.0031365496
12,30,0.0,0.0024610674
12,31,0.0,0.00086276466
12,32,0.0,0.0059418674
12,33,0.0,-0.0010291219
12,34,0.0,0.0036632214
12,35,0.0,-0.0036763796
12,36,0.163009298156482,-0.00096723344
12,37,0.0,-0.0030425475
12,38,0.0,0.0036136997
12,39,0.0,0.0050459607
12,40,0.0,0.0022350424
12,41,0.0,-0.0017964478
12,42,0.0,-0.0039236727
12,43,0.0,0.002165534
12,44,0.0,-0.00052703195
12,45,0.0,0.004621227
12,46,-0.1590266732885,0.00038703484
12,47,0.0,-0.0033689528
12,48,0.0,0.005507779
12,49,0.0,0.0016307544
12,50,0.0,0.00046045124
12,51,0.0,-0.0011408222
12,52,0.0,0.003087225
12,53,0.0,-0.0032389867
12,54,0.0,0.006102272
12,55,0.0,0.006196749
12,56,0.0,0.00030056434
12,57,0.0,-0.0001145422
12,58,0.0,-0.003871651
12,59,0.0,-0.0038435208
12,60,0.0,-0.010011841
12,61,0.0,-0.000251838
12,62,0.0,-4.6732835e-05
12,63,0.0,0.0036081322
12,64,0.0,0.0049805106
12,65,0.0,0.005378981
12,66,0.0,0.0064959708
12,67,0.0,-0.0010268724
12,68,-0.18007043417897,0.0061742463
12,69,0.0,-0.00881495
12,70,0.0,0.007029493
12,71,0.0,-0.005110922
12,72,0.0,0.0056453687
12,73,0.0,0.0065006413
12,74,0.0,0.004297433
12,75,0.0,0.006812027
12,76,0.0,0.000702342
12,77,0.0,0.0030074534
12,78,-0.160194269220243,-0.0045528756
12,79,0.0,-0.004163882
12,80,0.0,-0.0026536952
12,81,0.151342303612791,0.0006690016
12,82,0.0,-0.0012957682
12,83,0.0,0.0065259007
12,84,0.0,0.0017923508
12,85,0.0,0.005989989
12,86,0.0,-0.0044843378
12,87,0.0,-0.008168491
12,88,0.0,0.0055741486
12,89,0.0,0.007944269
12,90,0.0,-0.0003127437
12,91,0.0,-0.010971798
12,92,0.0,-0.0007873564
12,93,0.0,-0.00071917917
12,94,0.0,0.0012226054
12,95,0.0,0.0005517425
12,96,0.0,0.0022314829
12,97,0.0,0.0071065626
12,98,0.0,0.0049447916
12,99,0.0,-0.00072546466
12,100,0.0,0.0057962234
13,1,-0.160434227109047,0.0026039877
13,2,0.0,0.0029205051
13,3,0.0,-0.006417774
13,4,0.0,-0.0015545948
13,5,0.0,-0.0068288646
13,6,0.0,0.0012190402
13,7,0.0,-0.0008214414
13,8,0.0,0.003722778
13,9,0.0,0.0038123722
13,10,0.0,0.008348145
13,11,0.0,-3.9333943e-05
13,12,0.0,0.0044148294
13,13,-0.649299586191773,-0.021707198
13,14,0.0,0.0067062606
13,15,0.0,0.0064125755
13,16,0.0,-0.0037165391
13,17,0.0,-0.004969387
13,18,0.0,0.005522786
13,19,0.0,0.002972133
13,20,0.0,-0.0049872445
13,21,0.0,0.0037638848
13,22,-0.13825625033213,0.0070013762
13,23,0.0,0.0011902698
13,24,0.0,0.005056659
13,25,0.0,0.0063912612
13,26,0.0,0.006041665
13,27,0.0,0.00017450983
13,28,0.0,0.0044023064
13,29,0.0,-0.0021105448
13,30,0.0,-0.005888308
13,31,-0.162330413805003,0.0034854244
13,32,0.0,0.00067918794
13,33,0.0,0.0054158606
13,34,0.0,0.004596149
13,35,0.0,-2.2120774e-05
13,36,0.0,0.0067171804
13,37,0.144109843690745,-0.0045910403
13,38,0.0,-0.003234791
13,39,0.0,0.0042442116
13,40,0.0,0.0029604528
13,41,0.0,0.005899804
13,42,0.0,0.0055412264
13,43,0.0,0.0015048932
13,44,0.0,0.007794012
13,45,0.0,0.0028380356
13,46,0.0,0.0039635133
13,47,0.0,0.00043703476
13,48,0.0,0.0044337604
13,49,0.0,-0.0010062722
13,50,0.0,0.009621212
13,51,0.0,0.0010578665
13,52,0.146811927078935,-0.0025581187
13,53,0.0,-0.008953644
13,54,0.0,0.0059905765
13,55,0.0,0.007290036
13,56,0.0,0.0040493514
13,57,0.0,0.010428818
13,58,0.0,-0.0016276306
13,59,0.0,-0.008243477
13,60,0.0,0.0057941233
13,61,0.0,0.00814838
13,62,0.0,0.0034439177
13,63,0.0,-0.005462097
13,64,0.0,-0.003768411
13,65,0.0,7.38434e-05
13,66,0.0,0.001964687
13,67,0.0,-0.007634278
13,68,0.0,7.285504e-05
13,69,0.0,0.0051344787
13,70,0.0,0.0068516345
13,71,0.0,0.005550359
13,72,0.0,-0.0047273347
13,73,0.0,0.0054921703
13,74,0.0,0.0010930321
13,75,0.0,0.0071760616
13,76,0.0,0.0008917004
13,77,0.0,0.0043485835
13,78,0.0,0.0060502426
13,79,0.0,0.005560935
13,80,0.0,-0.002237747
13,81,0.0,-0.001796378
13,82,0.0,0.006902928
13,83,0.0,0.0042666984
13,84,0.0,0.0029773158
13,85,0.0,0.0015421242
13,86,0.0,-0.0041402197
13,87,0.0,0.0040480276
13,88,0.0,0.0059943222
13,89,0.0,0.002440188
13,90,0.0,0.0021794466
13,91,0.0,0.006968497
13,92,0.0,-0.0005443166
13,93,-0.143908647270493,0.0018967637
13,94,0.145274539888548,-0.0069948738
13,95,0.0,0.006650372
13,96,0.0,0.0013695736
13,97,0.0,0.013113502
13,98,0.145627754860248,0.005368373
13,99,0.0,0.0067615868
13,100,-0.15990177067506,-0.00217601
14,1,0.0,0.007648137
14,2,0.0,-0.0019416101
14,3,0.0,-0.0005376558
14,4,0.0,0.0010182401
14,5,0.0,-0.006001147
14,6,0.0,-0.00058239966
14,7,0.0,0.006930875
14,8,0.0,0.002172994
14,9,0.0,-0.0100803375
14,10,0.0,0.0030183946
14,11,0.0,0.004563012
14,12,0.0,0.0018903911
14,13,0.0,0.0027815374
14,14,0.0,-0.021707198
14,15,0.0,-0.006509405
14,16,0.16022305769892,0.0052843
14,17,0.0,-0.0013279907
14,18,0.0,-0.004720284
14,19,0.146512088948044,-0.008197557
14,20,0.0,0.004234756
14,21,0.143823710799537,-0.0019313558
14,22,0.0,0.0012486004
14,23,0.0,0.00088792946
14,24,0.0,-0.006440312
14,25,0.0,0.0033526835
14,26,0.0,0.010144874
14,27,0.0,0.0028248038
14,28,0.0,0.0028386377
14,29,0.0,0.0012679691
14,30,-0.161780830503511,-0.003040141
14,31,0.0,0.0042675287
14,32,0.158322290203449,0.006477064
14,33,0.0,0.006601729
14,34,0.0,-0.0047899904
14,35,0.0,0.0009793364
14,36,0.0,0.008729607
14,37,0.0,0.0035199295
14,38,0.0,0.0053752214
14,39,0.0,-0.00220029
14,40,0.0,0.0054474236
14,41,0.0,0.0036928304
14,42,0.0,0.0030951905
14,43,-0.161055534975296,0.0018343921
14,44,0.0,0.0047986656
14,45,0.0,5.662022e-05
14,46,0.0,-0.0038801017
14,47,0.0,0.00067711715
14,48,0.0,0.0036202953
14,49,0.0,0.005554808
14,50,0.0,0.0032013701
14,51,0.0,0.0011778995
14,52,0.147382108799273,0.0012325135
14,53,0.0,-0.0046893433
14,54,0.0,0.0014421926
14,55,0.0,-0.0032734326
14,56,0.0,0.0033209664
14,57,0.0,0.0034956872
14,58,0.0,0.006471434
14,59,0.0,-0.0040930607
14,60,0.0,0.0043985117
14,61,0.0,0.005799563
14,62,0.0,-0.004363687
14,63,0.0,-0.006341349
14,64,0.0,0.004203573
14,65,0.0,0.004058008
14,66,0.0,0.0059647183
14,67,0.0,-0.005861086
14,68,0.0,-0.0016893633
14,69,0.0,0.000514003
14,70,-0.144426774088293,0.0044291033
14,71,0.143091357020111,0.0041872305
14,72,0.0,0.0076058754
14,73,0.0,-0.0057852264
14,74,0.0,0.00035768258
14,75,0.0,-0.0020724717
14,76,0.0,-0.0031433604
14,77,0.0,-0.005652097
14,78,0.0,-0.0011749759
14,79,0.0,0.0008931854
14,80,0.0,0.0030838181
14,81,0.0,-0.004258539
14,82,0.0,0.004881142
14,83,0.0,0.0041894107
14,84,0.0,0.003060808
14,85,0.0,-0.002408713
14,86,0.0,0.005991711
14,87,0.140098485146016,0.007327501
14,88,0.0,0.0028240588
14,89,0.0,0.0033409665
14,90,0.0,-0.0069799456
14,91,0.0,0.0001635761
14,92,0.0,-0.001945415
14,93,0.0,0.0046565016
14,94,0.145838750771976,0.0051859687
14,95,0.0,0.0013633687
14,96,0.0,0.0048521734
14,97,0.0,0.0045091226
14,98,0.0,0.0020402693
14,99,0.0,0.007730803
14,100,0.0,-0.002173469
15,1,0.0,0.0017070379
15,2,0.0,0.0033753528
15,3,0.0,0.009829549
15,4,0.0,0.0055467715
15,5,0.0,-0.008295203
15,6,-0.150682567650667,-0.005536163
15,7,-0.149566719670672,-0.011717977
15,8,0.0,-0.005434075
15,9,0.0,-0.004566261
15,10,0.0,0.0038852044
15,11,0.0,0.0058221607
15,12,0.0,0.0019236174
15,13,0.0,0.006860443
15,14,0.153941452474584,-0.0075090365
15,15,0.971813366049901,-0.021707198
15,16,0.0,0.0027979668
15,17,0.0,0.0006348116
15,18,0.0,0.0047205784
15,19,0.0,0.0018183854
15,20,0.0,0.0078039435
15,21,0.0,0.0021858444
15,22,0.0,-0.0047568185
15,23,0.0,-0.00020332192
15,24,0.0,-0.011245437
15,25,0.0,-0.004037517
15,26,0.0,-0.001517484
15,27,0.0,-0.0011093575
15,28,0.13439263575813,0.0047677564
15,29,0.0,-0.008049319
15,30,0.0,-0.003229469
15,31,0.0,-0.00021691225
15,32,0.0,-0.0013112344
15,33,0.0,-0.004582007
15,34,0.0,0.007102676
15,35,0.148186052528825,-0.0030610333
15,36,0.0,-0.004689141
15,37,0.0,-0.0004919837
15,38,0.0,0.006866125
15,39,0.0,0.0042319973
15,40,0.0,0.001525302
15,41,0.0,-0.00286225
15,42,0.0,0.0018812814
15,43,0.0,-0.0037516844
15,44,0.0,0.0022971663
15,45,0.0,-0.0027498216
15,46,0.0,-0.0038286769
15,47,0.0,-0.001298208
15,48,0.0,0.004391612
15,49,0.0,0.0005370532
15,50,0.0,0.0047390093
15,51,0.0,-0.005456206
15,52,0.0,-0.00038517313
15,53,0.0,-0.0031065485
15,54,0.0,-0.004709121
15,55,0.0,-0.005578771
15,56,0.0,-0.0013721609
15,57,0.155616632044629,-0.011511827
15,58,0.0,0.007819191
15,59,0.0,0.0006107928
15,60,0.0,0.00028138165
15,61,0.0,-0.0009174892
15,62,0.0,-0.0005986132
15,63,0.0,0.0010973504
15,64,0.0,0.0020706556
15,65,0.0,0.0018394464
15,66,0.0,0.0001901784
15,67,-0.156483902753809,0.007297497
15,68,0.0,0.0028319308
15,69,0.0,-0.00036933413
15,70,0.0,0.008124756
15,71,0.0,0.0027060378
15,72,0.0,-0.0012145871
15,73,0.147941329966125,0.004365508
15,74,0.0,0.0021987646
15,75,0.0,0.00039140438
15,76,0.0,0.005258854
15,77,0.0,0.00039503118
15,78,0.0,-0.00065190485
15,79,0.0,0.0029844595
15,80,0.0,0.00067298627
15,81,0.0,0.0031181718
15,82,0.0,-0.005071418
15,83,0.0,0.0047636335
15,84,0.0,-0.0038552468
15,85,0.0,0.004830712
15,86,0.0,-0.004304321
15,87,0.0,-0.008573052
15,88,0.0,-0.012036024
15,89,0.0,0.006657258
15,90,0.0,-0.0032373485
15,91,0.0,0.00020081783
15,92,0.0,0.0006297077
15,93,0.0,0.0043263882
15,94,0.0,0.0012211851
15,95,0.0,-0.0012659549
15,96,0.0,-0.0042890273
15,97,0.0,0.0039266604
15,98,0.0,0.0024697036
15,99,0.0,0.003866388
15,100,-0.159711722685153,0.0019235099
16,1,0.0,0.0076261484
16,2,0.0,0.006584116
16,3,0.0,0.008223074
16,4,0.0,-0.0048639053
16,5,0.0,0.0053559155
16,6,0.0,-0.0038641258
16,7,0.0,0.010985408
16,8,0.0,0.0050836303
16,9,0.0,-0.0029758024
16,10,0.0,-0.0028486303
16,11,0.0,0.0040036975
16,12,0.0,0.001752763
16,13,0.164751998234927,-0.0018816005
16,14,0.0,0.0065560504
16,15,0.0,-0.0010660683
16,16,0.0,-0.021707198
16,17,0.0,0.0068663047
16,18,0.0,-0.0025173398
16,19,0.164388937963101,0.0043278583
16,20,0.150323111740582,-0.005969283
16,21,0.0,-0.004756939
16,22,0.0,-0.0040114787
16,23,0.0,0.005754884
16,24,0.0,0.0007900656
16,25,0.0,-0.0034963286
16,26,0.0,0.0010863501
16,27,0.18784621959355,-0.0027644034
16,28,0.0,-0.0056656064
16,29,0.170005283917383,0.0077517782
16,30,0.0,-0.00040791044
16,31,0.0,-0.010144541
16,32,0.0,0.0038103587
16,33,-0.176099460688347,-0.004129612
16,34,0.159359431176562,0.00041736243
16,35,0.0,-0.005320041
16,36,0.0,-0.00013876427
16,37,0.0,0.003493254
16,38,0.0,-0.0015913448
16,39,0.0,0.008289969
16,40,0.0,-0.0059887883
16,41,0.0,0.0040515796
16,42,0.0,-0.003339646
16,43,0.0,0.0026464383
16,44,0.0,-0.0040972405
16,45,0.0,0.007933559
16,46,0.0,-0.006463164
16,47,0.0,0.0034057847
16,48,0.0,-0.0017287813
16,49,0.0,-0.006812182
16,50,0.0,0.0031269975
16,51,0.0,0.0064047617
16,52,0.0,-0.0024474836
16,53,0.0,-0.0011496304
16,54,0.176279069709121,0.008132089
16,55,0.162743125128589,-0.0032286202
16,56,0.0,0.0015768157
16,57,0.0,0.0030304291
16,58,0.0,0.005478768
16,59,0.0,0.0014268053
16,60,0.0,-0.0029701511
16,61,0.0,0.0018302626
16,62,0.0,-0.011803858
16,63,0.0,0.00056612026
16,64,0.0,0.0041308147
16,65,0.164679410084248,0.0020807008
16,66,0.0,0.006486826
16,67,0.0,0.0036137518
16,68,0.197436949616699,0.0054317703
16,69,0.0,-0.004135748
16,70,0.0,0.0082147755
16,71,0.0,0.0076890015
16,72,0.0,-0.0014607726
16,73,0.0,-0.006844206
16,74,0.0,0.0040782406
16,75,0.0,0.0026577585
16,76,0.0,0.0032836013
16,77,0.0,-0.0037857066
16,78,0.175643869606523,0.000990768
16,79,0.0,0.006728589
16,80,0.0,-0.0117664
16,81,0.0,0.0053006182
16,82,0.0,-0.0017782222
16,83,0.0,-0.003257114
16,84,0.0,0.0053672898
16,85,-0.164661075837126,0.0028025154
16,86,0.0,0.0029726326
16,87,0.0,0.0030504032
16,88,0.0,0.00623857
16,89,0.160421612600725,0.000818796
16,90,0.0,-0.001247986
16,91,0.0,-0.0023996364
16,92,0.0,8.5657695e-05
16,93,0.0,0.0007173014
16,94,0.0,0.0035267961
16,95,0.0,-0.004645439
16,96,0.0,0.0060618934
16,97,0.0,-0.00471718
16,98,0.0,0.004966439
16,99,0.0,-0.0004510465
16,100,0.0,-0.005126561
17,1,-0.158094592176255,0.0059174695
17,2,0.0,0.005019164
17,3,0.0,-0.0044805184
17,4,0.0,0.0050622635
17,5,0.0,0.0056708255
17,6,0.0,0.004603098
17,7,0.0,0.0016577137
17,8,0.0,0.007588687
17,9,0.0,-0.0042083026
17,10,0.0,0.0066142413
17,11,0.0,-0.0031168787
17,12,0.0,-0.0030609728
17,13,0.0,-0.004828841
17,14,0.0,-0.0026754292
17,15,0.0,0.00048018596
17,16,0.0,0.0068196147
17,17,0.587543150410056,-0.021707198
17,18,0.0,0.0062180893
17,19,0.0,-0.00086980336
17,20,0.0,-0.0018557687
17,21,0.0,-0.00074394094
17,22,0.0,0.0009787413
17,23,0.0,-0.011980899
17,24,0.0,0.0038425727
17,25,0.0,0.008180175
17,26,0.0,0.0036609424
17,27,0.0,0.0040206034
17,28,0.0,0.0058582225
17,29,0.0,0.006350581
17,30,0.0,0.000496543
17,31,0.162606284106177,0.0063365125
17,32,0.0,0.0016893405
17,33,0.0,-0.0046707233
17,34,0.0,0.006511859
17,35,0.0,0.0009617866
17,36,0.0,-0.0043684295
17,37,0.0,0.0021401686
17,38,0.0,-0.0019468605
17,39,0.0,-0.00089457305
17,40,0.0,-0.0076477914
17,41,0.0,-7.2276685e-05
17,42,0.0,-0.0053052153
17,43,0.0,0.0029252418
17,44,0.0,0.0049912934
17,45,0.0,0.0050306474
17,46,0.0,-0.005253027
17,47,0.0,-0.0044961763
17,48,0.0,0.005244823
17,49,0.0,0.005773571
17,50,0.0,-0.0051677395
17,51,0.0,0.0065489453
17,52,0.0,0.0031200224
17,53,0.0,0.00028637773
17,54,0.0,-0.0042938734
17,55,-0.144729654355017,0.004347303
17,56,0.0,-0.0023202226
17,57,0.0,-0.009984005
17,58,0.0,-0.00032395544
17,59,0.0,0.0033231615
17,60,0.0,-0.00212072
17,61,-0.1465186433607,0.0067054634
17,62,0.156771314226814,0.0071852827
17,63,0.0,0.007510411
17,64,0.0,0.0013472498
17,65,0.146451618660077,0.0012603016
17,66,0.0,0.0059815287
17,67,0.0,0.003428061
17,68,0.0,0.005407344
17,69,0.0,-0.003343388
17,70,0.0,-0.0026922445
17,71,0.0,-0.005589569
17,72,0.0,-0.010730622
17,73,0.0,0.0034520053
17,74,0.0,-0.0016360083
17,75,0.0,0.007295961
17,76,0.153328857453865,-0.004445966
17,77,0.0,0.0066912672
17,78,0.0,0.0045532244
17,79,0.0,0.001299012
17,80,0.0,-0.0014374382
17,81,0.0,0.001442322
17,82,0.0,-0.0031173392
17,83,0.0,0.0020116423
17,84,0.0,0.0005657638
17,85,0.0,0.0050542247
17,86,0.0,-0.004298567
17,87,0.0,0.0053113448
17,88,0.0,0.003993447
17,89,0.0,-0.004857601
17,90,0.0,0.001358123
17,91,0.0,0.0067971884
17,92,0.0,0.0013845419
17,93,0.0,0.0035271146
17,94,0.0,0.0004905963
17,95,0.0,0.0055886325
17,96,0.0,0.0030522365
17,97,0.0,0.00658632
17,98,0.0,-0.007708326
17,99,0.0,-0.0020068986
17,100,0.0,0.006757924
18,1,0.0,-0.0096902065
18,2,0.0,-0.0020954749
18,3,0.0,-0.011542164
18,4,0.0,-0.0018823207
18,5,0.0,0.0015484081
18,6,0.0,0.008229705
18,7,0.0,0.00562364
18,8,-0.161673538277442,0.004822325
18,9,0.158248992337302,-0.003280194
18,10,0.0,-0.008341553
18,11,-0.160732529108077,-0.004444119
18,12,-0.152838682071361,0.003065364
18,13,0.0,0.00038816268
18,14,0.0,-0.0030645304
18,15,0.0,0.0049428074
18,16,0.0,-0.0020923465
18,17,0.0,0.006322378
18,18,0.0,-0.021707198
18,19,0.0,-0.00010815449
18,20,0.0,-0.002266807
18,21,0.0,-0.0031622513
18,22,0.0,0.0049186726
18,23,0.0,-4.0305313e-05
18,24,0.0,0.00035192398
18,25,0.0,0.007516569
18,26,0.142070203656442,-0.001587285
18,27,0.0,-0.013517449
18,28,0.0,-0.0023220233
18,29,0.0,0.0006817444
18,30,0.0,-0.004805405
18,31,0.0,-0.006497592
18,32,0.0,-0.017368367
18,33,0.0,0.005180959
18,34,0.0,-0.0021467034
18,35,0.0,0.0053559598
18,36,0.0,0.005708678
18,37,0.0,0.0053988546
18,38,0.0,-0.01489695
18,39,0.0,-0.0087814
18,40,0.0,0.0007146741
18,41,-0.140183818005217,0.0061344146
18,42,0.0,-0.004134176
18,43,0.0,0.005779157
18,44,0.0,-0.00067913183
18,45,0.0,-1.1998229e-05
18,46,0.0,0.0061246906
18,47,0.0,-0.00498425
18,48,0.0,0.0058083213
18,49,0.0,-0.00086631905
18,50,0.0,-0.012556994
18,51,-0.149070636465433,0.0052467296
18,52,0.0,-0.0009892131
18,53,0.0,0.0008598794
18,54,0.0,0.007690132
18,55,0.0,0.0042027896
18,56,0.0,0.0074314713
18,57,0.0,0.0071867364
18,58,0.0,0.007911852
18,59,0.0,0.0036504036
18,60,0.0,-0.0047983453
18,61,0.148871663496813,-0.004400549
18,62,0.0,-0.003234012
18,63,0.0,0.0019538836
18,64,0.0,0.006810874
18,65,0.0,0.0018974333
18,66,0.0,-0.01152008
18,67,0.0,0.0034465627
18,68,0.0,0.0052732443
18,69,0.0,0.0029009995
18,70,0.0,-0.0054919054
18,71,0.0,0.006197979
18,72,0.0,-0.009595668
18,73,0.0,-0.009616589
18,74,0.0,0.006466339
18,75,0.0,0.0026804348
18,76,0.0,0.0057359408
18,77,0.0,0.0023262464
18,78,0.0,-0.002497136
18,79,0.0,0.008797511
18,80,-0.151896572792258,-0.0026151745
18,81,0.0,0.008115767
18,82,0.0,0.007994238
18,83,0.0,-0.0007150164
18,84,0.0,0.004649651
18,85,0.0,0.0060216696
18,86,0.0,0.0062945182
18,87,0.0,0.00448069
18,88,0.0,0.0052487147
18,89,0.0,-0.0010124499
18,90,0.0,0.0017755129
18,91,-0.158250669456248,0.0023224638
18,92,0.0,0.0046751816
18,93,0.0,0.005006462
18,94,0.0,0.0048753596
18,95,0.0,-0.0009744135
18,96,0.0,0.0003421288
18,97,0.0,0.0051827864
18,98,0.0,0.0013777902
18,99,0.0,-0.0009019016
18,100,0.0,-0.0044337795
19,1,0.0,0.007910591
19,2,0.0,0.0036348528
19,3,0.158131332097455,-0.0049856408
19,4,0.0,0.0048948377
19,5,0.0,0.0054378132
19,6,0.0,-0.0031681862
19,7,0.0,0.008289691
19,8,0.0,0.00075987214
19,9,0.161349950579194,4.0537212e-05
19,10,0.0,-0.00022300007
19,11,0.0,0.0045783087
19,12,0.0,-0.005252778
19,13,0.0,0.00092937937
19,14,0.0,-0.0077473796
19,15,0.0,0.00020852964
19,16,0.0,0.0059418012
19,17,0.0,-0.0007142703
19,18,0.0,0.00063945167
19,19,0.0,-0.021707198
19,20,-0.137459323486817,0.0066521787
19,21,0.0,-0.0056704893
19,22,0.0,0.0032591284
19,23,0.0,-0.0025691125
19,24,0.0,-0.0013542366
19,25,0.0,-0.0021854648
19,26,0.0,0.0013620439
19,27,0.0,0.0021616467
19,28,0.0,0.0047247326
19,29,-0.1554572084484,1.2705568e-06
19,30,0.0,0.0021474762
19,31,0.0,-0.00031396048
19,32,0.0,0.00362133
19,33,0.0,0.0067004613
19,34,0.0,0.006357664
19,35,0.0,0.0065513556
19,36,0.0,0.006302575
19,37,0.0,-0.00061805034
19,38,0.0,0.0029443228
19,39,0.0,0.0016891328
19,40,0.0,0.002931512
19,41,0.0,0.002947493
19,42,0.0,0.0035172617
19,43,0.0,-0.0023753685
19,44,0.0,-0.002434447
19,45,0.141203650369603,-0.0023040245
19,46,0.0,0.007967927
19,47,0.0,0.004730394
19,48,0.0,-0.00038984627
19,49,0.0,0.0027222768
19,50,0.163123276745906,0.0027318401
19,51,0.0,0.0017865347
19,52,0.0,0.007794447
19,53,0.0,0.0050753294
19,54,0.0,-0.0024335815
19,55,0.148816503485585,0.0051172995
19,56,0.0,0.00016029272
19,57,0.0,0.0019460791
19,58,0.0,-0.0039224834
19,59,0.0,0.004054628
19,60,0.0,0.0037742485
19,61,0.0,0.0010609988
19,62,0.0,-0.0030111577
19,63,0.0,0.0033372124
19,64,0.0,0.008068427
19,65,0.0,0.0072031547
19,66,0.0,0.008420149
19,67,0.0,1.7605722e-05
19,68,0.0,-0.00049395626
19,69,0.0,-0.0028010025
19,70,0.0,-0.002301543
19,71,0.0,-0.0056932988
19,72,0.0,-0.0047336603
19,73,0.0,0.007704767
19,74,0.0,0.0057952763
19,75,0.0,-0.0007420052
19,76,0.0,0.0014744122
19,77,0.0,0.0091047175
19,78,0.0,0.0006181125
19,79,0.0,0.0025932179
19,80,0.0,0.006610649
19,81,0.0,-0.0061753015
19,82,-0.142824256987789,0.0024447422
19,83,0.0,0.0047928463
19,84,0.151416016336814,-0.007856613
19,85,0.0,0.0073254057
19,86,0.0,-0.0038541607
19,87,0.143741116379581,0.0056064543
19,88,0.0,-0.0043213665
19,89,0.0,-0.00084196473
19,90,0.0,0.005612301
19,91,-0.16014743048943,0.005276901
19,92,0.0,-0.0022612014
19,93,0.0,0.00614653
19,94,0.0,-0.0019317991
19,95,0.0,-0.0039988724
19,96,0.0,0.004726337
19,97,0.0,0.0015436304
19,98,0.0,0.0027673123
19,99,0.0,0.009046277
19,100,0.0,0.0026797173
20,1,0.0,-2.5357585e-05
20,2,0.0,0.0052748187
20,3,0.0,0.0011895071
20,4,0.0,0.00011965283
20,5,0.0,0.007715508
20,6,0.0,0.0060250093
20,7,0.0,0.00292985
20,8,0.0,0.0012941365
20,9,0.0,-0.008310739
20,10,0.0,-0.0035598516
20,11,0.0,-0.007590664
20,12,0.0,-0.0027245942
20,13,0.0,-0.0047218995
20,14,0.0,0.0047912565
20,15,0.0,0.007844651
20,16,0.0,-0.0052999426
20,17,0.0,-0.0012760903
20,18,0.0,-0.017275454
20,19,0.0,0.006488873
20,20,0.741820591967553,-0.021707198
20,21,0.0,0.0014243436
20,22,0.0,0.005602025
20,23,0.0,-0.0032138017
20,24,0.0,0.002328605
20,25,0.0,0.005178168
20,26,0.0,0.003096513
20,27,0.0,-0.0066394857
20,28,0.0,0.00017035753
20,29,0.0,0.004126036
20,30,0.0,-0.0037509156
20,31,0.0,-0.0027633016
20,32,0.0,-0.014277168
20,33,0.0,0.0009334285
20,34,0.0,-0.006950211
20,35,-0.13973589363111,-0.0035512685
20,36,0.0,0.00047366833
20,37,0.135730614638636,0.0011186132
20,38,0.0,-0.007919649
20,39,0.0,0.0018584146
20,40,0.0,-0.004248952
20,41,0.0,0.003800258
20,42,0.0,-0.0016271109
20,43,0.0,-4.9164984e-05
20,44,0.0,-0.006126042
20,45,0.0,-0.00011744024
20,46,0.0,-0.0023323386
20,47,0.0,-0.007802143
20,48,0.0,0.0066564814
20,49,0.0,-0.00015346962
20,50,0.0,-0.0033280766
20,51,0.0,0.0023517665
20,52,0.0,0.004317967
20,53,0.0,0.0046215854
20,54,0.0,-0.003867567
20,55,0.0,0.004898156
20,56,0.0,-0.00034294697
20,57,0.0,-0.0030298582
20,58,0.0,0.0068960865
20,59,0.0,0.0017951294
20,60,0.0,0.0031152791
20,61,0.0,0.005148878
20,62,0.0,0.0004035302
20,63,-0.137652913620524,-0.0007224134
20,64,0.0,0.0005447599
20,65,0.0,0.0069998656
20,66,0.0,0.005370321
20,67,0.0,0.004507271
20,68,0.0,0.0030015148
20,69,0.0,-0.006127179
20,70,0.0,-0.008201679
20,71,0.0,0.0071265534
20,72,0.0,0.004430884
20,73,0.0,-0.00064564915
20,74,0.0,-0.0046307137
20,75,0.0,0.008513527
20,76,0.0,0.0016968925
20,77,0.0,0.0016933787
20,78,0.0,-0.009829116
20,79,0.0,-0.0029576276
20,80,0.0,-0.004128444
20,81,0.0,-0.0031543854
20,82,0.0,-0.0044216523
20,83,0.0,0.0036512339
20,84,0.0,0.004908849
20,85,0.0,0.007876808
20,86,0.0,0.0015237276
20,87,0.0,0.0018060138
20,88,0.0,0.005260155
20,89,0.0,-0.0015664939
20,90,0.0,-0.0058630044
20,91,0.0,-0.010012638
20,92,0.0,0.0031936532
20,93,0.0,0.00024973648
20,94,0.0,-0.0013196948
20,95,0.126748636320417,-4.029856e-05
20,96,0.0,0.004437571
20,97,-0.134724997277031,0.00050374353
20,98,0.0,-0.0019436115
20,99,0.0,0.0069012507
20,100,0.0,-0.007641952
21,1,0.0,-0.0015963605
21,2,0.0,0.0044912123
21,3,0.0,-0.0042324634
21,4,0.0,0.004384648
21,5,0.0,0.003938476
21,6,0.0,0.0075293663
21,7,0.0,0.0017506876
21,8,0.0,-0.002843727
21,9,0.0,-0.011628406
21,10,0.0,-0.005626086
21,11,0.0,0.012949185
21,12,0.0,0.001090162
21,13,0.0,0.0045232056
21,14,0.0,-0.002914765
21,15,0.0,0.003563425
21,16,0.0,-0.0033332459
21,17,0.0,-0.0013061785
21,18,0.0,-0.0031210887
21,19,0.0,-0.0045637893
21,20,0.0,0.006425574
21,21,0.0,-0.021707198
21,22,0.0,0.0024757707
21,23,0.155220177244716,0.0022516605
21,24,0.0,0.0024673515
21,25,0.0,-0.0048569473
21,26,0.0,-0.006456557
21,27,0.0,-0.007657162
21,28,0.0,0.0019073272
21,29,0.0,0.0032877717
21,30,0.0,0.0065417723
21,31,0.0,0.0010997136
21,32,0.0,0.0055773505
21,33,-0.158075112719347,-0.0012791115
21,34,0.0,-0.0043647806
21,35,0.0,0.015925908
21,36,0.0,-0.004232207
21,37,0.0,0.008045239
21,38,-0.143030185196829,-0.0014377306
21,39,0.0,-0.005743112
21,40,0.0,0.0015687109
21,41,0.0,-0.0003016251
21,42,0.0,0.0040174006
21,43,0.0,0.0026223403
21,44,0.0,-0.004473223
21,45,0.0,0.007399266
21,46,0.0,0.0023435527
21,47,0.0,0.0013482491
21,48,0.0,0.006336085
21,49,0.0,0.0017033564
21,50,0.0,0.00629291
21,51,0.0,0.0034089936
21,52,0.0,-0.0041897395
21,53,0.0,0.0053467676
21,54,-0.158236338177354,-0.00043831056
21,55,0.0,-0.00025925366
21,56,0.0,-0.0069096475
21,57,0.157529001792215,-0.0016486794
21,58,0.0,0.0033050384
21,59,0.0,-0.003777666
21,60,0.0,-0.0029614535
21,61,0.0,-0.0018059085
21,62,-0.158240337244293,-0.0043904907
21,63,0.0,-0.0018241508
21,64,0.0,-0.00082363945
21,65,0.0,-0.00054810895
21,66,0.0,-0.0033607357
21,67,0.0,-0.0038973098
21,68,0.0,0.0009557591
21,69,0.0,0.00468578
21,70,0.0,0.0025336477
21,71,0.0,0.0040245717
21,72,0.0,0.009102985
21,73,0.0,0.0060128053
21,74,0.0,-9.111129e-05
21,75,0.0,0.0036971276
21,76,0.0,0.0003844914
21,77,0.0,-0.0049411757
21,78,0.0,0.008279903
21,79,0.0,-0.001540435
21,80,0.150896589248318,0.002399074
21,81,0.0,0.0029754168
21,82,0.140203547568385,-0.006568389
21,83,0.0,0.0023374376
21,84,0.0,0.003211942
21,85,-0.147807483462469,-0.005540783
21,86,0.146130591605733,-0.0027271225
21,87,0.0,0.002980378
21,88,0.0,0.0070989155
21,89,0.0,0.002813145
21,90,0.0,-0.005877729
21,91,0.0,0.0046361275
21,92,0.0,0.00523961
21,93,0.0,-0.008780323
21,94,0.0,0.0055902586
21,95,0.0,0.004840965
21,96,0.0,0.0050046057
21,97,0.0,0.008120162
21,98,0.0,0.006837346
21,99,0.0,-0.002750983
21,100,-0.161674416921527,0.00042738742
22,1,0.0,0.004509608
22,2,0.0,0.0045183036
22,3,0.0,0.0004891404
22,4,0.0,0.0038988292
22,5,0.0,0.0031135078
22,6,-0.148921518719522,0.001816161
22,7,0.0,0.0015705847
22,8,0.0,0.0004656599
22,9,0.151822297734797,0.0051944726
22,10,0.0,0.0021563321
22,11,0.0,-0.00029475475
22,12,0.0,0.0071580955
22,13,0.0,0.0070620836
22,14,0.0,0.0025487752
22,15,0.0,-0.004743178
22,16,0.0,-0.004201162
22,17,0.0,0.0008302876
22,18,0.0,0.0045215827
22,19,0.0,-0.0033576065
22,20,0.0,0.00671923
22,21,0.0,0.0017899
22,22,0.750554712489247,-0.021707198
22,23,0.0,-0.004686035
22,24,0.0,-0.0017539547
22,25,0.0,0.0076705483
22,26,0.0,0.004199294
22,27,0.0,0.007789766
22,28,0.0,0.003934604
22,29,0.0,0.002773208
22,30,0.0,0.0024971357
22,31,0.0,-0.0034424937
22,32,0.0,-0.012215139
22,33,0.0,-0.007996963
22,34,0.0,-0.0016290513
22,35,0.0,0.0003677965
22,36,0.0,-0.0031635086
22,37,0.0,-0.0014927477
22,38,0.0,0.0036229216
22,39,0.0,0.0010791307
22,40,0.0,0.0014761905
22,41,0.134390027793233,0.007153068
22,42,0.0,-0.0007898649
22,43,0.0,-0.013268834
22,44,0.0,0.005257798
22,45,0.0,0.0050431336
22,46,0.0,0.007026125
22,47,0.0,0.005962907
22,48,0.0,-0.0034601758
22,49,0.0,0.00037293276
22,50,0.0,-0.0009700665
22,51,0.0,0.008165283
22,52,0.0,-0.0043984842
22,53,0.0,-0.005504516
22,54,0.0,0.0012214049
22,55,0.0,-0.005537686
22,56,0.0,0.0028457767
22,57,0.0,0.006478313
22,58,0.0,-0.0018772841
22,59,0.0,-0.000488898
22,60,0.0,0.0004507401
22,61,0.0,0.006480912
22,62,0.0,-0.000747669
22,63,0.0,0.0033193477
22,64,0.0,-0.015504781
22,65,0.0,0.0025892057
22,66,0.0,0.0012455222
22,67,0.0,0.0041796886
22,68,0.0,0.005025266
22,69,0.0,0.0050952495
22,70,0.0,0.0051908223
22,71,0.0,0.004583595
22,72,0.0,-0.004057759
22,73,0.0,0.00055257883
22,74,0.0,-0.0044507645
22,75,0.0,0.0041783922
22,76,0.0,0.010261413
22,77,0.0,0.007126315
22,78,0.0,0.0032650954
22,79,0.0,0.004480518
22,80,0.0,0.007949531
22,81,0.0,0.005532907
22,82,0.0,-0.014041506
22,83,0.0,0.00489964
22,84,0.143438771357503,-0.006801467
22,85,0.0,0.0030398788
22,86,0.0,0.005984912
22,87,0.0,0.008009143
22,88,0.0,0.005140458
22,89,0.138965202049639,0.0040139495
22,90,0.144547516262389,0.007617608
22,91,0.0,0.006901246
22,92,0.0,0.0017584586
22,93,0.0,0.0017931624
22,94,0.0,0.004033547
22,95,0.0,0.0051770597
22,96,0.0,-0.00330672
22,97,0.0,0.006594313
22,98,0.0,-0.0046235975
22,99,0.0,0.0031315326
22,100,0.0,-0.0031533544
23,1,0.0,-0.004470688
23,2,0.0,0.0010580686
23,3,0.0,0.0055671637
23,4,0.0,-0.005926353
23,5,0.0,0.0047382987
23,6,0.0,0.0039322823
23,7,0.0,-0.0029812073
23,8,0.0,-0.0053819986
23,9,0.0,0.0029957318
23,10,-0.149264632237951,0.0010916921
23,11,0.0,0.005394446
23,12,0.0,0.0060551665
23,13,0.0,-0.00027005188
23,14,0.0,0.0009251286
23,15,0.0,0.0058618677
23,16,0.0,0.00633221
23,17,0.0,-0.003944595
23,18,0.0,-0.0007015369
23,19,0.0,-0.0025922214
23,20,0.0,-0.004128491
23,21,0.0,0.0052528596
23,22,0.0,-0.0048476337
23,23,0.0,-0.021707198
23,24,0.0,0.008146292
23,25,0.0,0.0032165023
23,26,0.0,0.0009496936
23,27,0.0,0.00352856
23,28,0.0,0.0070099314
23,29,0.0,4.1224528e-05
23,30,0.174600203582239,0.006544989
23,31,0.0,0.00572068
23,32,0.0,-0.0027481802
23,33,0.0,0.0069934386
23,34,0.0,0.0013708526
23,35,0.0,0.0064670057
23,36,0.0,0.006213742
23,37,0.0,-0.00013060449
23,38,0.0,0.0007563904
23,39,0.0,-0.0025533321
23,40,0.0,0.0052490723
23,41,0.0,0.0026011635
23,42,0.0,-0.0003731805
23,43,0.0,0.005965606
23,44,-0.154640036255007,0.0021754801
23,45,0.0,0.0043509477
23,46,0.167716021172465,0.00046755048
23,47,0.0,0.003206654
23,48,0.0,0.00077443616
23,49,0.0,0.0048697283
23,50,0.0,-3.39651e-05
23,51,0.0,-0.00046044122
23,52,0.0,0.0049210745
23,53,0.162083575683891,-0.003005534
23,54,0.0,-0.0037113517
23,55,0.0,0.0016664942
23,56,0.0,0.001995551
23,57,0.0,-0.0014507187
23,58,0.154465102997587,-0.0035365247
23,59,0.0,0.0017858148
23,60,0.0,-0.0010100062
23,61,0.0,9.704055e-05
23,62,0.0,-0.0053686607
23,63,0.0,-0.0041755605
23,64,0.0,0.006325196
23,65,0.0,0.0018769572
23,66,0.0,0.0052661193
23,67,0.16974119682661,0.004194359
23,68,-0.189909630420969,-0.001926468
23,69,0.0,0.0067878957
23,70,0.0,-0.0021567952
23,71,0.0,-0.007695652
23,72,0.0,0.0035216738
23,73,0.0,0.0013013016
23,74,0.155990581558774,-0.00084079336
23,75,0.0,-0.0043022367
23,76,0.0,-0.004011149
23,77,0.0,0.00090399757
23,78,0.0,0.0028565112
23,79,0.0,0.0014778278
23,80,0.0,0.0032553794
23,81,0.0,-0.0018947665
23,82,0.0,-0.001670022
23,83,0.0,0.005441087
23,84,0.0,-0.0041524884
23,85,0.0,-0.0012754193
23,86,0.0,-0.0020915936
23,87,0.0,0.005380254
23,88,0.0,0.0027030748
23,89,0.0,0.0028872355
23,90,0.0,-0.0028413942
23,91,0.0,0.0049760537
23,92,0.0,-0.003495029
23,93,0.0,0.003158907
23,94,0.0,-0.011345034
23,95,0.0,0.0049116374
23,96,0.0,0.0069771423
23,97,0.0,0.016452951
23,98,0.0,0.005942088
23,99,0.0,-0.0011315919
23,100,0.0,0.004839954
24,1,0.0,0.0042631812
24,2,0.0,0.00022062333
24,3,0.0,0.00067253876
24,4,0.0,0.0057452577
24,5,0.0,-0.0026948205
24,6,0.156715053816,-0.0053792954
24,7,0.0,0.004888088
24,8,0.0,-0.0019652029
24,9,0.0,-0.0041560917
24,10,0.0,-0.0013331054
24,11,0.0,0.0024544122
24,12,0.0,-0.0029881625
24,13,0.0,0.007020108
24,14,0.0,-0.005333238
24,15,0.0,-0.00424654
24,16,0.0,0.0016158023
24,17,0.0,0.0024298294
24,18,0.0,0.0006569987
24,19,0.0,-0.0031237793
24,20,0.168343191196993,0.0057540354
24,21,0.0,0.0018603378
24,22,0.0,0.0036093383
24,23,0.0,0.0081895795
24,24,0.0,-0.021707198
24,25,0.0,0.0022015069
24,26,0.0,-0.00866016
24,27,0.0,0.001402973
24,28,0.0,0.006716414
24,29,-0.160973515167462,-0.0028872355
24,30,0.0,0.0046499125
24,31,0.0,0.0065004
24,32,0.0,0.008900452
24,33,0.0,-0.0031044264
24,34,0.0,0.006705739
24,35,0.0,0.0045695477
24,36,0.0,-0.004237885
24,37,0.0,0.0015343567
24,38,0.0,0.00091848825
24,39,0.0,-0.007949432
24,40,0.0,0.0009735371
24,41,0.0,-0.0008955251
24,42,0.0,0.0027429159
24,43,0.0,-0.00040858006
24,44,0.0,0.0003078133
24,45,0.0,0.00012697652
24,46,0.0,0.0072114994
24,47,0.0,-0.0010992647
24,48,0.0,0.0054116775
24,49,0.0,-0.002148881
24,50,0.0,0.0023472793
24,51,0.0,0.0070670717
24,52,-0.156579861090814,0.0016740602
24,53,0.0,0.005957058
24,54,0.166913997304444,-0.0011877851
24,55,0.0,-0.0068691974
24,56,0.0,0.0025871652
24,57,0.0,0.004845856
24,58,0.0,-0.0018152371
24,59,0.0,0.007066794
24,60,-0.159103990580963,0.00050862273
24,61,0.0,0.0006274618
24,62,0.0,-0.0027370895
24,63,0.0,0.0034405668
24,64,0.0,-0.004158339
24,65,-0.155930585839013,0.008031486
24,66,0.0,0.006354501
24,67,0.0,0.0012163145
24,68,0.0,0.0020170803
24,69,0.0,-0.0029630181
24,70,0.15344009126195,0.005256721
24,71,0.0,0.0024066977
24,72,0.157817436034119,6.803032e-05
24,73,0.0,0.0038222875
24,74,0.0,-0.0024728212
24,75,0.0,-0.0058742203
24,76,0.0,-0.0018807291
24,77,0.0,-0.005182075
24,78,0.0,0.0077917934
24,79,0.0,0.0044726357
24,80,0.0,0.0017052623
24,81,0.157122495795101,0.001220902
24,82,0.0,-0.002461295
24,83,0.0,0.002969081
24,84,0.0,0.0053874
24,85,0.0,-0.002817186
24,86,0.0,0.0016008494
24,87,0.0,-0.0022709086
24,88,0.0,-0.0062096673
24,89,0.0,-0.0047002947
24,90,0.0,0.0009521651
24,91,0.0,-0.0037565748
24,92,0.0,0.005789107
24,93,0.0,0.0039343205
24,94,0.0,-0.0016387585
24,95,0.0,0.006943202
24,96,0.0,0.0007104394
24,97,0.0,-0.0061055217
24,98,0.0,0.00030751433
24,99,0.0,0.0008031046
24,100,0.170540619816361,0.008138785
25,1,0.0,0.006636524
25,2,0.0,-0.00528421
25,3,0.166965609325401,-0.00517465
25,4,0.0,0.0031347047
25,5,0.0,0.00064353226
25,6,0.0,0.0044831983
25,7,0.0,0.0006193076
25,8,0.0,-0.004491819
25,9,0.17036404143156,0.003698375
25,10,-0.164431181635699,-0.0012847171
25,11,0.0,-0.005392599
25,12,0.0,0.00029169628
25,13,0.0,0.007301953
25,14,0.0,0.0031839963
25,15,0.165735919931054,-0.0038931407
25,16,0.0,-0.0035347694
25,17,0.0,0.008165451
25,18,0.0,0.0063467887
25,19,-0.174078190860461,-0.0114931
25,20,0.0,0.005008551
25,21,0.0,-0.0047459924
25,22,-0.163798940297659,0.007605137
25,23,0.0,0.003951144
25,24,0.0,0.0026391032
25,25,0.0,-0.021707198
25,26,0.0,0.007847827
25,27,0.0,0.008076781
25,28,0.0,0.0025160857
25,29,0.0,0.00028138026
25,30,0.165371999337076,-0.0034677465
25,31,0.166578228487863,0.0012780502
25,32,0.0,0.0016668476
25,33,0.160433040113675,-0.0050239065
25,34,0.0,0.004547993
25,35,0.0,0.0081785675
25,36,0.162829911076479,0.0036460888
25,37,0.0,0.0050909505
25,38,0.0,-0.0014744955
25,39,0.0,0.0042532263
25,40,0.0,-0.0019075186
25,41,0.0,0.0046155895
25,42,0.0,-0.008287147
25,43,0.0,0.006898112
25,44,0.0,0.0027312706
25,45,0.0,0.0033829994
25,46,0.0,0.0034923698
25,47,0.0,0.0016711927
25,48,0.0,0.0034508626
25,49,0.0,-0.011926064
25,50,0.0,-0.0051735616
25,51,-0.150298230339338,0.0037280587
25,52,0.0,-0.004233366
25,53,0.0,-0.003659762
25,54,0.0,-0.004067035
25,55,0.0,0.0071004783
25,56,0.0,0.0026101894
25,57,0.0,0.00289687
25,58,0.0,0.0012600406
25,59,0.0,0.0042488487
25,60,0.0,0.0069118575
25,61,0.150097618832082,0.0063790637
25,62,0.0,0.0063444073
25,63,0.0,0.0026668794
25,64,0.0,-0.003743515
25,65,0.0,0.0046304823
25,66,0.0,0.004853305
25,67,0.0,-0.00027846894
25,68,0.0,0.0054002353
25,69,0.0,-0.0037150108
25,70,0.0,-0.0027874883
25,71,0.0,0.0006121192
25,72,0.0,0.0015613721
25,73,0.0,-0.015672363
25,74,0.0,0.0038441159
25,75,0.0,0.0024951925
25,76,0.0,-0.0046797143
25,77,0.146951529029543,0.0032884278
25,78,0.0,0.00341214
25,79,0.0,0.0055023734
25,80,0.0,-0.0043990393
25,81,0.0,0.0016861656
25,82,0.0,0.0052937237
25,83,0.0,0.0047449027
25,84,0.0,-0.005141904
25,85,0.0,0.0066267583
25,86,0.0,0.0075774235
25,87,0.0,-0.0028876173
25,88,0.0,0.0074717137
25,89,0.0,0.0026849774
25,90,0.0,0.007717719
25,91,0.0,-0.0037003479
25,92,0.0,0.007998977
25,93,0.0,0.0037284656
25,94,0.0,0.006956345
25,95,0.0,-0.00041752914
25,96,0.0,0.0036409744
25,97,0.0,0.0011920114
25,98,0.0,0.006792718
25,99,0.0,0.0031272448
25,100,0.0,-0.003507312
26,1,0.0,0.0004279795
26,2,0.156856917322717,0.0050375652
26,3,0.150585082487018,0.0063397777
26,4,-0.147994088897191,0.0018608081
26,5,0.0,0.00054983003
26,6,0.0,0.006963521
26,7,0.0,0.007102611
26,8,0.0,0.0064688087
26,9,0.0,0.0037950473
26,10,0.0,-0.005136973
26,11,0.0,-0.0056194332
26,12,0.0,0.006527594
26,13,0.0,0.008180965
26,14,0.0,0.010510767
26,15,0.0,-0.003412813
26,16,0.0,0.0012436311
26,17,0.0,-0.001033504
26,18,-0.153982513900333,-0.0019676508
26,19,0.0,0.0008837129
26,20,0.0,0.0030869832
26,21,0.0,-0.005612925
26,22,0.0,0.005730842
26,23,0.0,0.0009444363
26,24,0.0,-0.007534779
26,25,0.0,0.008164659
26,26,0.404151367023587,-0.021707198
26,27,0.0,-0.00557021
26,28,0.0,0.0020602224
26,29,0.0,0.0029073576
26,30,0.0,0.007369979
26,31,0.159914293699483,-0.00017971662
26,32,0.0,0.0028760685
26,33,0.0,-0.0055671656
26,34,-0.13937426921409,0.00024043466
26,35,0.0,0.0014197626
26,36,0.0,0.0075062257
26,37,0.0,-0.0047330903
26,38,0.0,-0.0009854579
26,39,0.0,-0.00094194757
26,40,0.0,-0.007863559
26,41,0.0,0.0032721548
26,42,0.0,0.0057987054
26,43,0.0,-0.0013039287
26,44,0.0,0.004124399
26,45,0.0,-0.00050217146
26,46,0.0,7.107807e-05
26,47,0.0,0.0043453346
26,48,0.139793083226962,-0.0008784166
26,49,0.0,9.3230046e-05
26,50,0.0,-0.0023690662
26,51,0.0,-0.00079752074
26,52,0.144626783577905,-0.004603061
26,53,0.0,0.0067894696
26,54,0.0,0.002888278
26,55,0.0,0.013387332
26,56,0.0,0.0011448683
26,57,0.0,-0.004211695
26,58,0.0,-0.0009427909
26,59,0.0,-0.005317878
26,60,0.0,0.0031578992
26,61,0.0,-0.00074207736
26,62,0.0,-0.0043759868
26,63,0.0,0.0010701022
26,64,0.0,-0.0029209093
26,65,0.0,0.0044022673
26,66,0.0,-0.0055057085
26,67,0.0,0.0047441893
26,68,0.0,0.00555829
26,69,0.0,0.0040377663
26,70,0.0,-0.0022315658
26,71,0.0,-0.012313576
26,72,0.0,0.0010779225
26,73,0.0,0.004138453
26,74,0.0,-0.00017877435
26,75,0.0,-0.003820894
26,76,0.0,0.00047947234
26,77,0.0,0.0073173516
26,78,0.0,0.005155171
26,79,0.0,0.0054078377
26,80,0.0,0.000984329
26,81,0.0,0.0028176475
26,82,0.0,0.0071455273
26,83,0.0,-0.0051262737
26,84,0.0,0.0075435997
26,85,0.144011038087721,0.0024684952
26,86,0.0,-0.00031806016
26,87,0.0,-7.3678326e-05
26,88,0.0,-0.006178149
26,89,0.0,0.0003335243
26,90,0.0,0.006128264
26,91,-0.153170934623406,-0.0056238403
26,92,0.0,0.00019146362
26,93,0.0,0.0032949564
26,94,0.0,-0.0055793435
26,95,0.0,-0.0047060004
26,96,0.154295036440116,0.0017688726
26,97,0.0,0.0007919937
26,98,0.0,-0.0058479025
26,99,0.0,0.0050937952
26,100,0.0,-0.0024186969
27,1,0.0,-0.0049553355
27,2,0.0,-0.011629831
27,3,0.0,0.0033574589
27,4,0.0,0.005124834
27,5,0.0,-0.0024886564
27,6,0.0,0.0025857664
27,7,0.0,0.009695118
27,8,0.0,0.0040980186
27,9,0.0,0.0062568267
27,10,0.0,0.00387969
27,11,0.0,0.0018027746
27,12,0.0,-0.004434747
27,13,0.0,0.00028177584
27,14,0.0,0.0044330615
27,15,0.0,-0.00072709797
27,16,0.0,0.0038852417
27,17,0.0,0.004832701
27,18,0.0,-0.008475162
27,19,0.0,0.0027198885
27,20,0.0,-0.002548182
27,21,0.0,-0.000679465
27,22,0.0,0.008149184
27,23,0.0,0.001333931
27,24,0.0,0.00095582264
27,25,0.0,0.008454995
27,26,0.0,-0.0060305255
27,27,0.0,-0.021707198
27,28,0.0,-0.004998692
27,29,0.177639987686721,0.0029816157
27,30,0.18967255930102,0.00081562717
27,31,0.0,0.005076288
27,32,0.0,-0.004793845
27,33,0.0,0.004387503
27,34,0.0,0.00024749106
27,35,0.0,0.0027971626
27,36,-0.186756924318742,0.0036901045
27,37,0.0,0.0035314206
27,38,0.0,-0.0071484246
27,39,0.0,0.007411866
27,40,0.0,-0.010204272
27,41,0.0,-0.0053609344
27,42,0.0,-0.0007895678
27,43,0.188822219624448,0.0057949764
27,44,0.0,0.008107409
27,45,0.161352535294637,0.0061174207
27,46,0.0,0.006356926
27,47,0.0,0.0034980108
27,48,0.0,-0.0010914835
27,49,0.0,-0.0023202542
27,50,0.0,-0.023739334
27,51,0.0,0.004430232
27,52,0.0,-0.00017442787
27,53,0.176075433990797,-0.00068217935
27,54,0.0,0.0049888273
27,55,0.0,-0.009210369
27,56,0.0,0.011221297
27,57,0.0,-0.0004880582
27,58,0.0,0.0019830726
27,59,0.170620291969523,0.0026134131
27,60,0.0,0.0060465275
27,61,0.0,0.005501785
27,62,0.0,0.008244494
27,63,0.0,-0.0040432797
27,64,0.0,0.0034012492
27,65,0.0,0.0057590776
27,66,0.0,0.006233918
27,67,0.0,0.005953278
27,68,0.0,-0.007191474
27,69,0.0,0.007118018
27,70,0.0,-0.004066018
27,71,0.0,-9.421259e-06
27,72,0.0,-0.0020449092
27,73,0.0,-0.001151171
27,74,0.0,0.003365134
27,75,0.0,-0.0028581852
27,76,0.0,0.0042411922
27,77,0.0,-0.00085547287
27,78,0.0,0.0029816818
27,79,0.0,-0.01017547
27,80,0.0,-0.003636405
27,81,0.0,0.00071418704
27,82,0.0,0.00071223266
27,83,0.0,0.00047820853
27,84,0.0,0.00023811962
27,85,0.0,0.007229606
27,86,0.0,0.003743581
27,87,0.0,-0.0057994765
27,88,0.0,0.0064687137
27,89,0.0,-0.006205982
27,90,0.0,0.0042358264
27,91,0.0,0.0008799997
27,92,0.0,-0.0013394603
27,93,0.0,-0.0018692976
27,94,0.0,0.007487631
27,95,0.0,0.0081220735
27,96,0.0,0.0061985184
27,97,0.0,0.004900806
27,98,0.0,-0.017550899
27,99,0.0,0.0059181624
27,100,-0.188197627247862,0.0047027227
28,1,0.156666982122247,0.0081860125
28,2,0.0,-9.795418e-05
28,3,0.0,0.00062563876
28,4,0.0,0.003964916
28,5,0.0,0.0043060374
28,6,0.0,0.0034973724
28,7,0.0,-0.0010446128
28,8,0.0,0.0017206636
28,9,0.0,0.012127684
28,10,0.0,-0.0010336768
28,11,0.0,0.001927177
28,12,0.0,0.0016192198
28,13,0.161597521315926,0.0064613284
28,14,0.0,0.002721168
28,15,0.0,0.0029504
28,16,0.0,0.0005546564
28,17,-0.159240921899851,0.0050273417
28,18,0.0,-0.002664155
28,19,-0.161296597721822,0.0043336917
28,20,0.0,0.0003854935
28,21,0.155994109133184,0.0009840329
28,22,0.0,0.0033623176
28,23,0.15459912857114,0.0065532313
28,24,0.0,0.003914677
28,25,0.0,0.004685893
28,26,0.0,0.0015507673
28,27,0.0,-0.0031591957
28,28,0.0,-0.021707198
28,29,0.0,0.005436578
28,30,0.0,1.8736813e-05
28,31,0.0,-0.001497722
28,32,0.0,0.007069252
28,33,-0.148459634744746,0.0022978825
28,34,0.0,-0.004989961
28,35,0.0,0.005847287
28,36,0.0,-0.0007832586
28,37,0.0,-0.0046200673
28,38,0.0,0.0068047107
28,39,0.0,0.0010742911
28,40,0.0,0.0053531476
28,41,0.0,0.008165389
28,42,0.0,0.0065683187
28,43,0.0,0.0052809315
28,44,0.0,-0.0030684462
28,45,0.0,0.00092384266
28,46,0.0,-0.0027240375
28,47,0.0,0.0076042735
28,48,0.0,0.0037847017
28,49,0.0,0.0009342015
28,50,0.0,0.0016342513
28,51,0.0,0.008055424
28,52,0.0,-0.0026303516
28,53,0.0,0.005405019
28,54,0.0,0.0049389987
28,55,0.0,0.0041163336
28,56,0.0,0.0120389145
28,57,0.0,0.0023405147
28,58,0.0,-0.0023588184
28,59,0.0,-0.003972834
28,60,0.0,0.0042156773
28,61,0.0,0.0034774896
28,62,0.0,0.0033385204
28,63,0.13878232459424,0.0036852388
28,64,0.0,0.0009349324
28,65,0.0,0.005977372
28,66,0.0,0.001691109
28,67,0.0,0.0059288885
28,68,0.0,0.0030742004
28,69,-0.142490261093209,0.0046296422
28,70,0.0,0.0026076767
28,71,0.0,0.010433657
28,72,0.0,0.0042411597
28,73,0.0,-0.001013631
28,74,0.0,-0.00022650557
28,75,0.0,0.0048963088
28,76,0.0,0.0057366095
28,77,0.0,0.0060759024
28,78,0.0,0.0024007303
28,79,0.0,0.004454184
28,80,0.0,0.0049424204
28,81,0.0,0.0006195947
28,82,0.0,0.0068682223
28,83,0.0,0.0014210204
28,84,0.0,0.0058649783
28,85,0.0,0.007990593
28,86,0.0,0.0063694096
28,87,0.0,-0.00093842205
28,88,0.0,0.0008862512
28,89,0.0,0.0023387503
28,90,0.0,-0.0005557273
28,91,0.0,-0.0005957382
28,92,0.0,0.006655023
28,93,0.0,-0.0034124875
28,94,-0.137950229260991,0.0010803328
28,95,0.0,-0.004242833
28,96,0.0,0.00058106985
28,97,0.0,0.0034027179
28,98,0.0,0.0020963163
28,99,0.0,0.0066478564
28,100,0.0,0.0036148517
29,1,0.0,0.003144973
29,2,0.0,0.0035266508
29,3,0.0,0.007906726
29,4,0.0,-0.0014381744
29,5,0.0,-0.0028694398
29,6,0.0,0.0065309596
29,7,0.0,0.006516
29,8,0.16466344727978,0.005262097
29,9,0.0,0.003958098
29,10,0.0,0.0018555853
29,11,0.163705035560704,0.0038531278
29,12,0.0,0.003122265
29,13,0.0,0.0038627782
29,14,0.0,-0.00038840808
29,15,0.0,-0.00792467
29,16,0.0,0.008005187
29,17,0.0,0.007233883
29,18,0.0,0.0006709611
29,19,0.0,-0.0019339477
29,20,0.0,0.0016756011
29,21,0.0,-0.0004247944
29,22,0.0,0.002845684
29,23,0.157851051360064,0.00014164415
29,24,0.0,-0.0028679527
29,25,0.0,0.00030889316
29,26,0.0,0.002920332
29,27,0.0,0.0021805866
29,28,0.0,0.00365183
29,29,0.0,-0.021707198
29,30,-0.171658164668298,-0.0039126663
29,31,0.0,0.007083054
29,32,0.0,0.0061207484
29,33,0.0,-0.0048198397
29,34,0.0,0.007216861
29,35,0.0,-0.0025062053
29,36,0.0,0.0035071769
29,37,0.0,-0.0008463287
29,38,0.0,0.0042734556
29,39,0.0,-0.00090572983
29,40,0.0,0.007360159
29,41,0.0,-0.0001947633
29,42,0.0,0.005969198
29,43,0.0,-0.003241025
29,44,0.0,-0.0070495405
29,45,0.0,-0.008158851
29,46,0.164889981736902,0.00812236
29,47,0.0,-0.0043485384
29,48,0.0,0.003918724
29,49,0.0,0.002029718
29,50,0.0,-0.00091829384
29,51,0.0,0.006012428
29,52,0.0,0.0052582636
29,53,0.0,0.0063330787
29,54,0.0,0.0066783666
29,55,0.0,-0.0018813922
29,56,0.0,-0.001503719
29,57,0.0,-0.0037208744
29,58,0.0,0.002035906
29,59,0.0,0.002141219
29,60,0.0,0.0007204958
29,61,0.0,0.0017077955
29,62,0.0,-0.0025918134
29,63,0.0,0.0015479426
29,64,0.0,-0.0032723877
29,65,0.0,-0.0010208082
29,66,0.0,-0.0037955823
29,67,0.0,-9.750039e-05
29,68,0.0,-0.001724083
29,69,0.0,-0.012750529
29,70,0.0,-0.0041471934
29,71,0.0,1.6842503e-05
29,72,0.0,0.0003529261
29,73,0.0,0.004310283
29,74,0.153362117492075,0.0015221969
29,75,0.0,0.00045915833
29,76,0.0,-0.0017385827
29,77,0.0,0.0010050756
29,78,0.0,0.004795374
29,79,0.0,0.003279807
29,80,0.0,0.005922003
29,81,0.0,-0.007857395
29,82,0.0,-0.0010242861
29,83,0.0,-0.002601192
29,84,0.0,-0.0042759385
29,85,0.0,0.0064604203
29,86,0.0,-0.004854699
29,87,0.0,-0.0044022403
29,88,0.0,0.0002583661
29,89,0.0,0.0026331055
29,90,0.0,0.0062865573
29,91,0.0,0.0051913043
29,92,0.0,0.00077237096
29,93,0.0,0.0021596528
29,94,0.0,-0.0030960124
29,95,0.0,0.00789858
29,96,0.0,-0.0010567915
29,97,0.0,0.007410417
29,98,0.0,0.0022168425
29,99,0.0,-0.003742959
29,100,0.0,0.0063492586
30,1,0.0,-0.0045905304
30,2,0.0,2.3507513e-05
30,3,0.0,0.0005505576
30,4,0.0,-0.003083778
30,5,0.0,0.005920204
30,6,0.0,-0.002107774
30,7,0.134454130990513,-0.0048188358
30,8,0.0,0.0011065516
30,9,0.0,0.0006231989
30,10,0.0,0.004053714
30,11,0.140262999444881,-0.0005120677
30,12,0.0,0.0018858658
30,13,0.0,0.00046441844
30,14,0.0,0.0011042776
30,15,0.0,-0.002815372
30,16,0.0,0.0019307742
30,17,0.0,0.005319134
30,18,0.0,-0.005174962
30,19,0.0,0.0029630717
30,20,0.0,-0.0023497166
30,21,0.0,0.0061219023
30,22,0.0,0.0009386316
30,23,0.0,0.006352655
30,24,0.0,0.006147724
30,25,0.148989555546244,-0.0070333807
30,26,0.0,0.006696819
30,27,0.0,0.0008919658
30,28,0.0,-0.0006117597
30,29,0.0,-0.01173258
30,30,0.0,-0.021707198
30,31,0.0,0.00077406736
30,32,0.0,0.007513886
30,33,0.0,0.0065943026
30,34,0.0,-0.0046247533
30,35,0.0,0.0059781284
30,36,0.0,0.0033568614
30,37,0.0,0.0045174
30,38,0.0,0.0059862905
30,39,0.0,0.004255785
30,40,0.0,0.0055918763
30,41,0.0,0.0011160527
30,42,0.156531942667652,0.0038732816
30,43,0.0,0.00074641407
30,44,-0.162332483088748,-0.0011334778
30,45,0.0,-0.0017512861
30,46,0.0,0.0016709752
30,47,0.0,0.0014761449
30,48,0.161392331774554,0.0017421483
30,49,0.0,-0.0010239067
30,50,0.180123151447014,0.0006282092
30,51,0.0,-0.002584729
30,52,0.0,-0.005033355
30,53,0.0,0.004800115
30,54,0.0,0.0011759652
30,55,0.0,0.00813167
30,56,0.0,0.0062014866
30,57,0.0,-0.0068739452
30,58,0.0,0.0035166577
30,59,0.0,0.005910329
30,60,-0.169664550010714,0.0044379905
30,61,0.0,0.004784387
30,62,0.0,0.0018344433
30,63,0.0,0.0032092738
30,64,0.0,0.004749626
30,65,0.0,-0.0039490964
30,66,0.0,0.008146999
30,67,0.0,0.0027674567
30,68,0.0,0.0013893438
30,69,0.0,0.005336121
30,70,0.0,-0.0040546423
30,71,0.0,-0.00018978957
30,72,0.0,-0.0030443887
30,73,0.0,0.004762504
30,74,0.0,-0.0012205015
30,75,0.179295096333306,0.0015682126
30,76,0.0,0.0053430186
30,77,0.0,0.0054165674
30,78,0.0,-0.0023075857
30,79,0.0,-0.0011557174
30,80,0.0,0.004589347
30,81,-0.167551533109225,-0.005609966
30,82,0.0,0.0024296972
30,83,0.16778941502329,0.001174731
30,84,0.0,0.00023110257
30,85,0.0,0.004958561
30,86,0.0,0.0060268235
30,87,0.0,-0.0014648163
30,88,0.0,0.0074979425
30,89,0.0,0.005055673
30,90,0.0,-0.0044241296
30,91,0.0,-0.00036271894
30,92,0.0,-3.2239128e-05
30,93,0.0,-0.0033443705
30,94,0.0,0.003955754
30,95,0.0,0.0026205857
30,96,0.0,0.0010530059
30,97,0.0,-0.0015596161
30,98,0.0,-0.00070606265
30,99,0.0,0.0052559064
30,100,0.0,0.0005742684
31,1,0.15755102858598,0.0075392188
31,2,0.0,0.005430981
31,3,-0.155579235869654,0.0066398554
31,4,0.0,-0.0012100886
31,5,0.0,-0.00032875454
31,6,0.0,0.0060238116
31,7,0.0,0.0046577104
31,8,0.0,0.0042183106
31,9,0.0,0.003165789
31,10,0.0,-0.004198554
31,11,-0.161237244074649,-0.0030195883
31,12,0.0,0.0011070422
31,13,0.0,-0.0006788948
31,14,0.0,0.006559961
31,15,0.0,-4.7038775e-05
31,16,0.0,-0.0035177222
31,17,0.0,0.006309155
31,18,0.0,-0.006125456
31,19,-0.162206768358267,0.0016929
31,20,0.0,-0.004098465
31,21,0.0,0.0011358773
31,22,0.0,-0.0035600197
31,23,0.0,0.0044038673
31,24,0.0,0.00606198
31,25,0.0,0.000572999
31,26,0.0,0.00035929075
31,27,-0.151306750539414,0.0012694937
31,28,0.0,-0.0010150378
31,29,0.0,0.006283075
31,30,0.0,0.000654649
31,31,0.0,-0.021707198
31,32,0.0,0.0071201106
31,33,0.0,0.0059120716
31,34,0.0,-0.0050715553
31,35,0.0,0.005099264
31,36,0.0,-0.004037443
31,37,0.0,0.00043603685
31,38,-0.162061753579411,-0.0007374636
31,39,0.0,0.0019135568
31,40,0.0,-0.0043563833
31,41,0.0,0.0029014852
31,42,0.0,0.0067091477
31,43,0.183794745451179,0.00010414212
31,44,0.0,0.006652823
31,45,0.0,0.007649679
31,46,0.0,-0.0002818834
31,47,0.0,0.0047717597
31,48,0.0,0.0040051253
31,49,0.0,0.0025796504
31,50,0.0,-0.009970071
31,51,0.167793984439897,0.0020792163
31,52,0.0,-0.0030754511
31,53,0.171387348559451,0.008142335
31,54,0.179291234292377,0.0060567358
31,55,0.0,0.002709542
31,56,0.0,0.003969601
31,57,0.0,0.0041285856
31,58,0.163331567285691,0.003228996
31,59,0.0,0.004835709
31,60,0.170902089176342,-0.007948266
31,61,0.0,-0.00021402165
31,62,0.0,-0.0037064813
31,63,0.0,0.0042222287
31,64,0.0,-0.0040337704
31,65,0.167493365748217,0.0005120905
31,66,0.0,0.0025258963
31,67,0.0,0.004793784
31,68,0.0,-0.0043082046
31,69,0.0,-0.0017677429
31,70,0.0,0.0035945908
31,71,0.0,0.004702196
31,72,0.0,0.0057205535
31,73,0.0,-0.0023958064
31,74,0.164944609969276,-0.0045277225
31,75,0.0,0.009380953
31,76,0.0,-0.0078404285
31,77,0.0,-0.0037252386
31,78,0.0,-0.0005527558
31,79,0.0,-0.0044111214
31,80,0.0,-0.005709977
31,81,0.0,-0.0008540391
31,82,0.0,-0.0050257966
31,83,0.0,-0.003062557
31,84,0.0,0.00042830408
31,85,0.0,0.0017194091
31,86,0.0,0.0074616675
31,87,0.0,0.0032566995
31,88,0.0,0.0051405453
31,89,0.0,0.004457014
31,90,0.0,-0.0133412145
31,91,0.0,0.0071852137
31,92,0.16859440056356,0.0043439623
31,93,0.0,0.0025820988
31,94,0.0,0.005730352
31,95,0.0,0.00762831
31,96,-0.179434285683378,-0.0037516998
31,97,0.0,0.0045527914
31,98,0.0,-0.0006508562
31,99,0.0,0.0063406364
31,100,0.0,-0.002187122
32,1,0.0,0.0046954905
32,2,0.0,0.0010405644
32,3,0.0,-0.0028859456
32,4,0.0,0.004272834
32,5,0.0,0.006093576
32,6,0.0,0.004280051
32,7,0.0,0.003604028
32,8,0.0,0.004267967
32,9,0.0,0.00044976454
32,10,0.0,-0.004442603
32,11,0.0,0.0034594475
32,12,0.0,0.0064075706
32,13,0.0,0.00082020694
32,14,0.143591298367568,0.0058319946
32,15,0.0,-0.0018419871
32,16,0.0,0.0040124557
32,17,0.0,0.0017372002
32,18,-0.143599261048149,-0.01839678
32,19,0.0,0.0024085795
32,20,0.0,-0.0016778181
32,21,0.0,0.005836696
32,22,0.0,-0.01040604
32,23,0.0,-0.0029127654
32,24,0.0,0.00952212
32,25,0.0,0.0031545921
32,26,0.0,0.0016553937
32,27,0.0,-0.0047531435
32,28,0.0,0.0072482335
32,29,0.0,0.0058725174
32,30,0.0,0.00836847
32,31,0.0,0.006017814
32,32,0.304637437919155,-0.021707198
32,33,0.0,-9.6994685e-05
32,34,0.0,-0.0032467635
32,35,0.0,0.009122506
32,36,0.0,0.0016119082
32,37,0.0,0.0050663496
32,38,0.0,-0.0014965814
32,39,0.0,0.0058148834
32,40,0.164946438734687,-0.0025189877
32,41,0.0,-0.0051217526
32,42,0.0,-0.0007224395
32,43,-0.178563147232959,0.00848797
32,44,0.0,0.0038979743
32,45,0.152585943399731,0.011027614
32,46,0.0,0.0024988558
32,47,0.0,-0.01757027
32,48,0.0,0.0041705645
32,49,0.0,0.0033455868
32,50,0.0,-0.0048532314
32,51,0.0,0.0033258027
32,52,0.0,0.0057323943
32,53,0.0,0.008124612
32,54,-0.174187825598273,0.0034287819
32,55,0.0,0.003246686
32,56,0.0,0.0039181937
32,57,0.173409184052891,-0.017549621
32,58,0.0,0.001503658
32,59,0.0,-0.0007932418
32,60,0.0,0.0036099749
32,61,0.0,0.0030657882
32,62,0.174192227803118,0.0063289343
32,63,0.0,-0.0031254846
32,64,0.0,-0.0006744936
32,65,0.162725775730009,0.004082624
32,66,0.0,0.007521059
32,67,0.0,0.003676807
32,68,0.0,0.0014906297
32,69,0.0,-0.0001115778
32,70,0.0,0.0102507025
32,71,0.158646165468731,0.0029478744
32,72,0.0,-0.0030344366
32,73,-0.164856320176419,0.0065761846
32,74,0.0,-0.0029735072
32,75,0.0,0.004878563
32,76,0.0,0.0050066835
32,77,0.0,0.003086762
32,78,0.0,-0.01011377
32,79,0.0,0.004344378
32,80,0.0,0.0033669714
32,81,0.0,0.0022268859
32,82,0.0,0.0059770984
32,83,0.0,-0.0052623623
32,84,0.0,-0.0137295015
32,85,0.0,0.0045218808
32,86,0.0,0.0012428095
32,87,0.0,-0.005756077
32,88,0.0,0.0074315094
32,89,0.0,-0.004030513
32,90,0.0,-0.0007664594
32,91,0.0,-0.012289122
32,92,0.0,0.0013027005
32,93,0.0,-0.012747297
32,94,0.0,0.0027114074
32,95,0.0,0.0051193708
32,96,0.0,-0.0015750402
32,97,0.0,-0.0067936066
32,98,0.0,0.004849369
32,99,0.0,0.0027480917
32,100,0.0,0.0031667864
33,1,0.15903525157531,0.001957967
33,2,0.0,-0.0037017479
33,3,0.0,-0.0038463054
33,4,0.0,-0.0045506633
33,5,0.0,-0.0059940866
33,6,0.0,-0.0023515006
33,7,0.0,0.0058358763
33,8,0.0,-0.0038498663
33,9,0.0,-0.0066029183
33,10,0.0,-0.002453838
33,11,0.0,0.002354899
33,12,0.0,-0.0010147521
33,13,0.0,0.0052774255
33,14,0.0,0.0066754683
33,15,0.0,-0.004606168
33,16,0.163315372031041,-0.00446543
33,17,0.0,-0.0048058024
33,18,0.0,0.0052694324
33,19,0.0,0.0071485885
33,20,0.0,0.004129991
33,21,0.158352207045798,-0.0012614983
33,22,0.0,-0.007208333
33,23,0.156936139144175,0.0066356775
33,24,0.162129152348318,-0.0029790257
33,25,0.172882178543701,-0.005264763
33,26,0.0,-0.0050060526
33,27,0.0,0.0028924649
33,28,0.0,0.0057258294
33,29,0.0,-0.003824362
33,30,-0.140136926853158,0.0050308765
33,31,0.0,0.006085329
33,32,0.0,-0.0016691503
33,33,0.0,-0.021707198
33,34,0.0,-0.004108677
33,35,0.0,0.00092009874
33,36,0.0,-0.0046992167
33,37,-0.159004744912481,0.006363625
33,38,0.0,0.004289257
33,39,0.0,0.00698257
33,40,0.0,0.0008882894
33,41,0.0,-0.012158865
33,42,0.0,0.0058072913
33,43,0.0,-0.009488961
33,44,0.0,0.0060693123
33,45,0.0,0.004796484
33,46,0.0,-0.0018558395
33,47,0.0,0.005595951
33,48,0.0,0.0041816775
33,49,0.0,-0.0038846256
33,50,0.0,-0.014616219
33,51,0.0,0.0018032021
33,52,0.0,-0.0019001802
33,53,0.0,0.005749415
33,54,0.0,-0.0024485006
33,55,0.0,-0.008794725
33,56,0.0,-0.0027273954
33,57,0.0,0.0028603612
33,58,0.0,0.004497671
33,59,0.0,0.000977783
33,60,0.0,-0.0036881175
33,61,-0.161388244088665,-0.004283869
33,62,0.0,0.0035381685
33,63,0.0,0.000673749
33,64,0.0,0.004213653
33,65,0.0,0.0043824185
33,66,0.0,0.0061135185
33,67,0.0,-0.0009427215
33,68,0.0,0.012368215
33,69,0.0,0.0024458678
33,70,0.0,-0.00019331463
33,71,0.0,-0.014820382
33,72,0.0,0.00079086446
33,73,0.0,-0.004942465
33,74,0.0,0.006513963
33,75,0.0,9.3274284e-05
33,76,0.0,0.00465395
33,77,0.0,0.0030367416
33,78,0.0,-0.003912634
33,79,0.0,-0.0005805199
33,80,0.0,-0.0061044125
33,81,-0.162547480469345,0.0028039077
33,82,0.0,-0.002422308
33,83,0.0,-0.0008362117
33,84,0.0,-0.00046999985
33,85,0.0,0.005559256
33,86,0.0,0.007359721
33,87,0.0,-0.004881934
33,88,0.0,-0.002945514
33,89,-0.157143621951004,0.0061201253
33,90,0.0,-0.0058250576
33,91,0.0,-0.0019541788
33,92,0.0,-0.0005618192
33,93,0.0,-0.0023053102
33,94,0.0,0.0010085623
33,95,0.0,0.002923178
33,96,0.0,-0.005289167
33,97,0.0,-0.005987008
33,98,0.0,0.0042633666
33,99,0.0,0.008167516
33,100,0.0,-0.0011504831
34,1,0.0,-0.00068960176
34,2,0.0,-0.00012101
34,3,0.0,0.0017146477
34,4,0.0,0.004476134
34,5,0.0,0.0071250503
34,6,0.0,-0.0025404668
34,7,0.0,0.0067364476
34,8,0.154471367108654,-0.0058734915
34,9,0.0,-0.0011227962
34,10,0.0,0.0030489932
34,11,0.0,0.0009683566
34,12,0.0,0.003122244
34,13,0.0,0.0076742717
34,14,0.0,-0.004771518
34,15,0.0,0.006498628
34,16,-0.154099903293304,-0.00028296607
34,17,0.0,0.007224807
34,18,0.151526484512758,-0.0023461988
34,19,0.0,0.00591662
34,20,-0.159315025159544,0.004146533
34,21,0.0,-0.0045389817
34,22,-0.14537279957757,-0.004095415
34,23,0.0,0.0010484001
34,24,0.0,0.0066534937
34,25,-0.163126879383138,0.0044748397
34,26,0.0,0.00032000802
34,27,0.0,0.00024729455
34,28,0.0,-0.0048267525
34,29,0.0,0.0073757055
34,30,0.0,-0.0045386604
34,31,0.0,-0.00542985
34,32,0.0,-0.00046045904
34,33,-0.153434242286891,-0.00799744
34,34,0.0,-0.021707198
34,35,0.0,0.008064544
34,36,0.0,-0.0032196953
34,37,0.0,0.0060293083
34,38,0.0,-0.002308535
34,39,0.0,-0.0024096798
34,40,0.0,0.0023029563
34,41,0.0,-0.003843646
34,42,0.0,0.0068881237
34,43,0.0,0.00040280307
34,44,-0.142513830407083,0.0030425605
34,45,0.0,0.000101024285
34,46,0.0,0.0052907835
34,47,0.0,0.004857309
34,48,0.0,0.0040899045
34,49,0.0,-0.008121038
34,50,0.0,0.0056315125
34,51,0.0,-0.00264175
34,52,0.0,-0.0062006875
34,53,0.0,0.0058017042
34,54,0.0,0.001799962
34,55,0.0,2.50726e-05
34,56,-0.147016398507077,-0.004511019
34,57,0.0,0.0057459124
34,58,0.0,0.0019419552
34,59,0.0,0.007778606
34,60,0.0,0.0077167447
34,61,0.0,-0.0025026521
34,62,0.0,-0.0056236396
34,63,0.0,0.0049496223
34,64,0.0,0.0007489107
34,65,0.0,-0.001802952
34,66,0.0,0.00070637814
34,67,0.156430822983978,-0.0042303535
34,68,0.0,-0.00044141524
34,69,0.0,0.0045171673
34,70,0.143648291924535,0.004054033
34,71,0.0,-0.0009219935
34,72,0.0,-0.00398597
34,73,0.0,-0.0060753557
34,74,0.0,0.003633805
34,75,-0.157405532555657,-0.001389951
34,76,0.0,0.0048706005
34,77,0.0,-0.00446854
34,78,0.0,-0.0003914158
34,79,0.0,0.008207265
34,80,0.0,0.0031587766
34,81,0.0,-0.00036395434
34,82,0.0,-0.0030110423
34,83,0.0,-0.001556966
34,84,0.0,-0.00557469
34,85,0.0,0.001339973
34,86,0.0,0.0053404146
34,87,0.0,-0.0005840603
34,88,0.0,0.0024473774
34,89,0.0,-0.004698975
34,90,0.0,-0.0017515887
34,91,0.155247693326616,-0.0040327706
34,92,0.0,0.0073849955
34,93,0.0,0.0071584876
34,94,0.0,-0.00056683645
34,95,0.0,0.0016607489
34,96,0.0,-0.0030721542
34,97,0.0,0.0045724926
34,98,0.0,0.0028373986
34,99,0.0,0.0016347286
34,100,0.0,0.00091610383
35,1,0.0,0.006234336
35,2,0.0,0.002408811
35,3,0.0,-0.004538497
35,4,0.0,0.004892031
35,5,0.0,-0.001769972
35,6,0.0,-0.004393907
35,7,0.0,0.0014463849
35,8,0.0,-0.004398692
35,9,0.0,-0.009121751
35,10,0.0,-0.0015995707
35,11,0.0,0.0008567916
35,12,0.0,-0.006720823
35,13,0.0,-0.00035007158
35,14,0.0,0.00086509204
35,15,0.0,-0.0075837574
35,16,0.0,-0.002457851
35,17,0.0,0.00062160427
35,18,0.0,-0.005563191
35,19,0.152301308417527,0.0065120594
35,20,0.0,-0.0011253902
35,21,0.0,0.006959772
35,22,0.0,-0.02394814
35,23,0.0,0.0064334353
35,24,0.0,0.0044910614
35,25,0.0,0.008370848
35,26,-0.145033275738169,0.0045148605
35,27,0.0,0.0036234106
35,28,-0.149002506416496,0.0054339604
35,29,0.0,-0.002868075
35,30,0.0,0.003497941
35,31,0.0,0.005882614
35,32,-0.135253482332897,-0.001592468
35,33,0.0,0.005109145
35,34,0.0,0.008116202
35,35,0.0,-0.021707198
35,36,0.0,0.00039212033
35,37,0.0,0.005898573
35,38,0.0,0.0011827326
35,39,0.0,0.003698856
35,40,0.0,0.0062478143
35,41,0.0,-0.005696901
35,42,0.0,0.0076995757
35,43,0.0,0.0036137518
35,44,0.149446451073865,-0.0024606972
35,45,0.0,0.004908685
35,46,0.0,-0.0002458901
35,47,0.0,0.0012335791
35,48,0.14858092943146,-0.0034032445
35,49,0.0,0.0040240767
35,50,0.0,0.00753364
35,51,0.0,0.0014718559
35,52,0.0,0.0032109758
35,53,0.0,0.0028184783
35,54,0.0,-0.0017776373
35,55,0.0,-0.004347243
35,56,0.0,-0.0007962736
35,57,0.0,0.0034235162
35,58,0.0,0.00020931428
35,59,0.0,0.0021574781
35,60,0.0,-0.0041326815
35,61,0.0,0.0049201977
35,62,0.0,-0.0022042505
35,63,0.0,0.00451659
35,64,0.0,-0.015887586
35,65,0.0,0.004157705
35,66,0.0,0.005048287
35,67,0.0,-0.00038345484
35,68,0.0,-0.0035475586
35,69,0.0,0.0033312999
35,70,0.0,-0.0016111997
35,71,0.0,-0.007878324
35,72,0.0,0.00745705
35,73,0.0,-0.002305538
35,74,0.0,0.0042112716
35,75,0.0,0.003954733
35,76,0.0,0.0029269177
35,77,0.0,-0.002215214
35,78,0.0,0.0019265078
35,79,0.0,-3.8020313e-05
35,80,0.156263003879688,0.0032573952
35,81,0.0,0.0047915666
35,82,0.0,-0.011986921
35,83,0.0,-0.00515628
35,84,0.0,0.00047541596
35,85,0.0,-0.005956666
35,86,0.0,0.0077716406
35,87,0.0,0.004083306
35,88,0.167311016538609,-0.012024824
35,89,0.0,-0.005393731
35,90,0.0,-0.0015547788
35,91,0.0,-0.0017786431
35,92,0.0,0.0046668253
35,93,0.0,-0.0020483057
35,94,0.0,-0.02641513
35,95,0.0,0.001684654
35,96,0.0,-0.016574193
35,97,0.0,0.003201256
35,98,0.0,0.007078136
35,99,0.0,0.0030474267
35,100,0.0,0.006501476
36,1,0.0,0.0046361224
36,2,0.0,0.0065297834
36,3,0.0,-0.0034821196
36,4,0.158150672487567,0.0050204713
36,5,0.0,-0.0007531638
36,6,0.0,-0.0073314114
36,7,0.0,0.0011208155
36,8,0.0,-0.004308391
36,9,0.0,0.0006153474
36,10,0.0,0.002304966
36,11,0.0,0.002389961
36,12,-0.158581259510658,-0.000848277
36,13,0.0,0.0081603695
36,14,0.0,0.007984068
36,15,0.0,-0.005146904
36,16,0.167344675160383,0.00092728133
36,17,0.0,-0.0044674654
36,18,0.0,0.006307648
36,19,0.0,0.0063278754
36,20,0.0,0.005543119
36,21,0.0,-0.0044349977
36,22,0.0,0.0024721534
36,23,0.0,0.0062432005
36,24,0.0,-0.005256917
36,25,0.0,0.0034936601
36,26,0.0,0.007421863
36,27,0.0,0.0036596437
36,28,0.0,-0.00020169374
36,29,0.0,0.0038708379
36,30,0.0,0.0028964425
36,31,0.0,-0.006966629
36,32,0.0,0.0045314804
36,33,0.0,-0.0051281936
36,34,0.0,-0.0030739014
36,35,0.0,-0.0027636602
36,36,0.0,-0.021707198
36,37,0.0,-0.0009474526
36,38,0.0,0.0024706293
36,39,0.0,-0.005435847
36,40,0.0,0.008035997
36,41,0.0,0.0028637187
36,42,0.0,0.0014417223
36,43,0.0,-0.008953592
36,44,0.0,0.0052205953
36,45,0.0,-0.002998035
36,46,-0.173352555588244,-0.0043707443
36,47,0.0,0.006796269
36,48,0.0,0.0016219718
36,49,0.0,0.0029694163
36,50,-0.177354309378279,-0.003610765
36,51,0.0,0.0016694427
36,52,0.0,0.008147748
36,53,0.0,-0.008083043
36,54,0.0,-0.00025952887
36,55,0.0,0.007960739
36,56,0.0,0.0033401982
36,57,0.0,0.006614043
36,58,0.0,0.0017775623
36,59,0.0,-0.0046750465
36,60,0.0,-0.003521766
36,61,-0.163799385806854,0.0015481585
36,62,0.0,0.0065383823
36,63,0.0,0.0008725147
36,64,0.0,0.007996531
36,65,0.0,0.0035040425
36,66,0.0,0.002314948
36,67,0.0,0.0034645414
36,68,0.0,-0.0046097822
36,69,0.0,-0.001386723
36,70,0.161109479224682,-0.0010177731
36,71,0.0,0.0058394787
36,72,0.0,0.0070092003
36,73,0.0,-0.00038764765
36,74,0.0,0.0016401904
36,75,0.17653898307714,0.0074945563
36,76,-0.171412812058198,0.008264786
36,77,0.0,0.0038018962
36,78,0.0,0.0023918557
36,79,0.0,0.0063324613
36,80,0.0,0.0078014866
36,81,0.0,0.008133711
36,82,0.0,-0.0044628116
36,83,0.0,0.0013272944
36,84,0.0,-0.0040723104
36,85,0.0,0.00777132
36,86,0.0,0.006364958
36,87,0.0,-0.0031039894
36,88,-0.178943765579011,-0.0026177997
36,89,0.0,0.0037515154
36,90,0.0,0.0011628452
36,91,0.0,0.0013726288
36,92,0.0,0.00763277
36,93,0.0,-0.0039829365
36,94,0.0,0.0060431487
36,95,0.0,0.006719925
36,96,0.0,0.004305915
36,97,0.0,-8.8386005e-05
36,98,0.163080098039933,0.005394507
36,99,0.0,0.00044540036
36,100,-0.179064742593006,-0.002013532
37,1,0.0,-0.004245164
37,2,0.0,0.009542098
37,3,0.0,-0.007901432
37,4,0.0,0.007042092
37,5,0.0,0.0012339922
37,6,0.15756834938625,0.006350404
37,7,0.0,-0.0049575563
37,8,0.0,0.0044798437
37,9,0.0,0.0019826149
37,10,-0.155043417511789,0.0011722934
37,11,0.0,-0.0025681779
37,12,0.0,-0.002591955
37,13,0.0,0.00220038
37,14,0.0,0.0008606431
37,15,0.0,-0.00037863618
37,16,0.0,0.00436846
37,17,0.0,0.0036275615
37,18,0.0,0.005748577
37,19,0.0,2.5217887e-05
37,20,0.0,0.0010144045
37,21,0.0,0.008179164
37,22,0.0,0.0010679231
37,23,0.0,0.0020994456
37,24,0.0,0.0015726984
37,25,0.0,0.007080618
37,26,0.0,-0.0046704947
37,27,0.0,0.004242599
37,28,0.0,-0.0045391936
37,29,0.0,-0.0020614245
37,30,0.0,-0.0027617528
37,31,0.0,0.000422535
37,32,0.0,0.005084269
37,33,0.0,0.0065330504
37,34,0.0,0.006291929
37,35,0.0,0.0055607497
37,36,0.0,-0.0003250898
37,37,0.0,-0.021707198
37,38,0.0,0.003642653
37,39,0.0,-0.0022784814
37,40,0.0,0.004496146
37,41,0.0,-0.0048030145
37,42,0.0,-0.0014737917
37,43,0.0,0.0030573476
37,44,0.0,-0.0022548437
37,45,0.0,0.0011806854
37,46,0.0,-0.0043103616
37,47,0.0,0.001399566
37,48,0.0,0.0045599923
37,49,0.0,0.0028975708
37,50,0.0,-0.0012084334
37,51,0.0,7.4328156e-05
37,52,0.0,0.005032115
37,53,0.0,0.005270284
37,54,0.0,0.0026835096
37,55,0.0,-0.0051690144
37,56,0.0,-0.0046778107
37,57,0.0,-0.00455744
37,58,0.0,0.0005413168
37,59,0.0,0.0070860893
37,60,0.0,0.0025812606
37,61,0.0,0.006343177
37,62,0.0,0.008161476
37,63,0.0,-0.008996883
37,64,0.0,0.0046752677
37,65,0.0,0.0011189911
37,66,0.0,0.0038772556
37,67,0.159338513971103,-0.0030386876
37,68,0.0,0.006192939
37,69,0.0,-0.0044929264
37,70,0.0,0.001810866
37,71,0.0,0.0011823447
37,72,-0.150492561375749,-0.018188048
37,73,0.0,0.003255759
37,74,0.0,-0.00017528748
37,75,0.0,0.0049239225
37,76,0.0,0.008379459
37,77,0.0,0.0017700102
37,78,0.0,-0.007598546
37,79,0.0,0.0024902485
37,80,0.0,0.0010032877
37,81,0.0,-0.0009813895
37,82,0.0,0.0037202393
37,83,0.0,-0.0042078826
37,84,0.0,0.0029141493
37,85,0.0,0.0028724726
37,86,0.0,0.007009242
37,87,0.0,0.0011867038
37,88,0.0,0.00076971785
37,89,0.0,-0.0032657548
37,90,0.0,-0.0038109897
37,91,0.0,0.0073112226
37,92,0.0,-0.004034664
37,93,0.0,0.0015093391
37,94,0.0,0.007752079
37,95,0.0,-0.0006199735
37,96,0.0,0.00485249
37,97,0.0,-0.0039081327
37,98,0.0,0.0032208888
37,99,0.0,0.0030033845
37,100,0.0,0.007946109
38,1,0.0,-0.003920712
38,2,0.0,-0.008523323
38,3,0.0,0.003643421
38,4,0.0,0.00263832
38,5,0.0,0.0022864575
38,6,0.0,-0.0034812344
38,7,0.0,-0.00070674974
38,8,0.159698654991648,0.00802156
38,9,0.0,-0.0043361834
38,10,0.0,-0.0059293862
38,11,0.0,-0.0045226943
38,12,0.0,0.003886446
38,13,0.0,-0.0039427616
38,14,0.0,0.0035794023
38,15,0.0,0.00682274
38,16,0.0,0.0016386551
38,17,0.0,-0.0029442608
38,18,0.0,-0.014682561
38,19,0.0,0.0052706567
38,20,0.0,0.0035797772
38,21,0.0,-0.00067483773
38,22,0.0,0.00408504
38,23,0.0,0.00079774717
38,24,-0.158157460142444,0.0006028274
38,25,0.0,0.0026650033
38,26,0.0,-0.0015239952
38,27,0.0,-0.006899323
38,28,0.0,0.004829316
38,29,0.0,0.0048978566
38,30,0.0,0.0053019305
38,31,0.0,-0.00021112105
38,32,0.0,-0.0018149507
38,33,0.0,0.003925375
38,34,0.0,-0.0032228148
38,35,0.0,0.004456841
38,36,0.0,5.2667223e-05
38,37,0.0,0.0039293915
38,38,0.637127680703998,-0.021707198
38,39,0.0,0.006548472
38,40,0.0,-0.0008927246
38,41,0.0,8.847448e-05
38,42,0.0,-0.0032716682
38,43,0.0,0.0023584873
38,44,0.0,-0.005809529
38,45,0.0,0.0055407756
38,46,0.0,0.0065843803
38,47,0.0,0.002895011
38,48,0.0,-0.0021422617
38,49,0.0,0.00046581682
38,50,0.0,0.0016251418
38,51,0.0,0.007971711
38,52,0.0,0.0026591015
38,53,0.0,0.0022090604
38,54,0.0,-0.0035091774
38,55,0.0,0.0024003116
38,56,0.0,0.0056028473
38,57,-0.155543951861278,-0.0036817845
38,58,0.142334409613259,0.0018201428
38,59,0.0,-0.0005462705
38,60,0.0,0.0006555505
38,61,0.0,0.0024864702
38,62,0.0,0.006377814
38,63,0.0,0.0032591186
38,64,0.0,0.00037266174
38,65,0.0,-0.006028653
38,66,0.0,0.005731764
38,67,0.0,0.0013444084
38,68,0.0,-0.00039650756
38,69,0.0,0.002894001
38,70,0.0,-0.0024116724
38,71,0.0,0.0029122927
38,72,0.0,-0.003853058
38,73,0.0,-0.0017573978
38,74,0.0,0.0013944292
38,75,0.0,-0.0028280444
38,76,0.0,0.007154953
38,77,0.0,-0.004459898
38,78,0.0,0.0016378975
38,79,0.141815127722373,-0.0011511184
38,80,0.0,-0.0003576947
38,81,0.0,-0.0008985591
38,82,0.0,0.005557668
38,83,0.0,-0.0005893125
38,84,0.0,0.004353425
38,85,0.0,0.007869221
38,86,0.0,0.0040988536
38,87,0.0,0.007005856
38,88,0.0,0.0005536168
38,89,0.0,0.00010868767
38,90,0.147899099611671,0.0029649888
38,91,-0.155227839164365,0.0064648413
38,92,0.146920677166721,0.005899601
38,93,0.0,0.0013652164
38,94,0.0,0.017210165
38,95,0.0,-0.004246319
38,96,0.0,0.0008056895
38,97,0.0,0.0043832506
38,98,0.0,0.0068169725
38,99,0.0,0.0068474826
38,100,0.0,-0.0029461216
39,1,0.0,0.004668902
39,2,0.0,0.0029544109
39,3,0.0,0.002371123
39,4,0.0,-0.0070772143
39,5,0.0,0.0064073815
39,6,0.0,0.0046974057
39,7,0.0,0.0018777936
39,8,0.0,-0.00062144315
39,9,0.0,0.0031659831
39,10,0.0,0.006209252
39,11,0.0,0.00072486885
39,12,0.0,0.003969479
39,13,0.0,0.004546324
39,14,0.0,0.00729664
39,15,0.0,0.004794795
39,16,0.0,0.008091392
39,17,0.0,-0.0009204198
39,18,0.0,-0.0034745424
39,19,0.0,0.0056021926
39,20,0.0,0.0018898905
39,21,0.0,-0.004954806
39,22,0.0,0.000921685
39,23,0.0,-0.0016288115
39,24,0.0,-0.0033472343
39,25,0.0,0.005538481
39,26,0.143830258912111,-0.0113028735
39,27,0.0,0.008202484
39,28,0.0,-0.0010644076
39,29,0.0,0.002212685
39,30,0.0,-0.009446876
39,31,0.0,0.003507482
39,32,0.0,0.0050509446
39,33,0.0,0.0058465838
39,34,0.0,-0.004970156
39,35,0.0,-0.009029219
39,36,0.0,-0.0044099838
39,37,0.0,-0.0020988537
39,38,0.0,0.0078366585
39,39,0.937162750633433,-0.021707198
39,40,-0.150790435595611,0.0018187235
39,41,0.0,0.00012992765
39,42,0.0,0.0029868213
39,43,0.0,0.0001664618
39,44,0.0,0.002236457
39,45,0.0,0.0035105501
39,46,0.0,0.00053334865
39,47,0.0,0.00074181077
39,48,0.0,0.0023687505
39,49,0.0,0.005160955
39,50,0.0,-0.00066126906
39,51,0.0,0.006430619
39,52,0.0,0.00418314
39,53,0.0,-0.002933594
39,54,0.0,0.003992751
39,55,-0.147011243729401,0.0057410025
39,56,0.0,0.007815413
39,57,0.0,0.0074830255
39,58,0.0,0.00012261234
39,59,0.0,0.0013944679
39,60,0.151787834455114,-0.0034781997
39,61,0.0,0.006207518
39,62,0.0,-0.003932837
39,63,0.0,-0.0041717174
39,64,0.0,-0.0055583883
39,65,0.0,-0.0012259223
39,66,0.0,0.0018048012
39,67,0.0,0.0010929946
39,68,0.0,0.0016672681
39,69,0.0,-0.0007413081
39,70,0.0,0.003916425
39,71,0.0,0.0060611316
39,72,0.0,0.008180661
39,73,0.0,0.0034864317
39,74,0.0,0.0071112956
39,75,-0.16040365768297,0.0043380433
39,76,-0.155746008890536,-0.0010170822
39,77,0.0,0.00615003
39,78,0.0,-0.004529964
39,79,0.0,-0.0055844774
39,80,0.0,-0.0023310143
39,81,0.149897455707027,0.0071032797
39,82,0.0,0.0028170687
39,83,0.0,0.0033555743
39,84,0.0,0.0027880208
39,85,0.0,0.022114925
39,86,0.0,-0.0034012678
39,87,0.0,0.004681167
39,88,0.162588647663702,-0.003629914
39,89,-0.144914144734989,0.001197001
39,90,0.0,-0.003960768
39,91,0.0,-0.0035731508
39,92,0.0,0.002742168
39,93,0.0,0.0006230853
39,94,0.0,-0.0007989323
39,95,0.0,0.006533762
39,96,0.0,0.00365235
39,97,0.0,-0.002687548
39,98,0.0,-0.00027728756
39,99,0.0,-0.0040661516
39,100,0.0,-0.00035141502
40,1,0.0,-0.0062075197
40,2,0.0,0.004939639
40,3,0.0,0.0064496906
40,4,0.0,-0.0017969902
40,5,0.0,0.003845307
40,6,0.0,0.0010782129
40,7,0.0,-0.0033768383
40,8,-0.153493155001282,0.0011002598
40,9,0.0,0.0032207076
40,10,0.0,0.0024748244
40,11,-0.152599759162792,-0.0036973446
40,12,0.0,0.004965494
40,13,0.0,0.0018791775
40,14,-0.150558572254907,0.005423054
40,15,0.0,0.0054903547
40,16,0.153124043533867,-0.004889495
40,17,0.0,-0.001271008
40,18,0.0,0.005744388
40,19,0.153517345995981,0.002927105
40,20,0.0,-0.0038757995
40,21,0.148470593697426,0.00127085
40,22,0.0,0.0046979925
40,23,0.0,0.0052266554
40,24,0.0,-0.0002489849
40,25,0.0,-0.003944377
40,26,0.0,-0.005277815
40,27,0.0,-0.0062004435
40,28,0.0,0.0052111982
40,29,-0.153351430118083,0.007586555
40,30,0.0,0.0040294384
40,31,0.0,-0.0058353823
40,32,0.0,-0.0034141955
40,33,0.0,0.0036343043
40,34,0.0,0.0023699258
40,35,0.0,0.005529767
40,36,0.0,0.008167371
40,37,0.0,0.0047760564
40,38,0.0,-0.0015455475
40,39,0.0,0.0061638565
40,40,0.0,-0.021707198
40,41,0.0,0.007554229
40,42,0.0,0.0056692916
40,43,0.0,0.0067625637
40,44,0.0,-0.0037669337
40,45,0.0,0.0007450525
40,46,0.0,-0.006406246
40,47,0.0,0.005375639
40,48,0.0,0.0027500098
40,49,0.0,-0.0004302588
40,50,0.165641533487196,-0.0057635754
40,51,0.0,-0.0034086802
40,52,0.0,-0.004157045
40,53,0.0,0.0055572423
40,54,0.0,0.00022112578
40,55,0.0,4.4140033e-06
40,56,0.0,0.0022751605
40,57,0.0,0.0069755013
40,58,0.0,0.0070446157
40,59,0.0,0.0052922945
40,60,0.0,0.005694483
40,61,0.0,0.0062598665
40,62,0.163686731298173,0.005988411
40,63,0.0,0.008339008
40,64,-0.140859512070933,0.005320756
40,65,0.0,0.0046188463
40,66,0.0,0.0029329038
40,67,0.0,0.00071756355
40,68,0.0,-0.0019602869
40,69,0.0,-0.0039397287
40,70,0.0,0.003633664
40,71,0.0,0.0052588643
40,72,0.0,0.006661762
40,73,0.0,-0.0025021923
40,74,0.150584950959039,0.005163821
40,75,0.0,0.003211319
40,76,0.0,0.00045602233
40,77,0.149775256715232,-0.003967239
40,78,0.0,-0.0033006691
40,79,0.0,-0.0013831598
40,80,0.0,0.003883948
40,81,0.0,-0.0040739216
40,82,0.0,0.0018743458
40,83,0.0,-0.0035022604
40,84,0.0,-0.0056104017
40,85,0.0,0.0028085387
40,86,0.0,0.0017116307
40,87,0.0,-0.0061349724
40,88,0.0,0.004666189
40,89,0.148958272936355,-0.0017239074
40,90,0.0,0.0046259244
40,91,0.0,0.002489613
40,92,0.0,0.00053645624
40,93,0.0,-9.774044e-05
40,94,-0.151940592436106,0.0074743633
40,95,0.0,0.007081659
40,96,0.0,0.0036603063
40,97,0.0,0.00562215
40,98,0.0,-0.0015238938
40,99,0.0,0.007389057
40,100,0.0,0.0024099755
41,1,0.0,0.00541381
41,2,0.0,0.0017316495
41,3,0.0,-0.0011505149
41,4,0.0,-0.005533889
41,5,0.0,0.006488444
41,6,0.0,0.005455415
41,7,-0.142869801457024,0.0033229361
41,8,0.0,0.0067101517
41,9,0.0,0.0071224826
41,10,0.0,0.0040031676
41,11,0.0,-0.00504927
41,12,0.0,0.0008826901
41,13,0.0,0.006858962
41,14,0.0,0.004141877
41,15,0.0,0.0033497172
41,16,0.0,0.0057955724
41,17,0.0,2.3625325e-05
41,18,0.0,0.007462811
41,19,0.0,0.0028783754
41,20,0.0,0.0038891844
41,21,0.0,-0.0030416576
41,22,0.0,0.0075319656
41,23,0.0,0.0027681356
41,24,0.0,-0.0004927913
41,25,0.0,0.0063952184
41,26,0.0,0.004050772
41,27,0.0,-0.005757443
41,28,0.0,0.009216474
41,29,0.0,0.0009856508
41,30,0.0,0.005306344
41,31,0.0,0.0031412859
41,32,0.0,0.0020228857
41,33,0.0,-0.0122016445
41,34,0.140505777365642,-0.0038291542
41,35,0.0,-0.008421472
41,36,0.0,0.0028351378
41,37,0.0,-0.008815585
41,38,0.0,0.0002368316
41,39,0.0,0.0002699811
41,40,0.0,0.0076299445
41,41,0.0,-0.021707198
41,42,0.0,0.0047862544
41,43,0.0,0.003047017
41,44,0.0,0.006179713
41,45,0.0,-0.0028467174
41,46,0.0,-0.0042642807
41,47,0.0,0.0015832542
41,48,0.0,0.0063481373
41,49,0.0,-0.002455803
41,50,0.0,-0.006665558
41,51,0.0,-0.00025892723
41,52,0.0,0.0037064557
41,53,0.0,-0.011603171
41,54,0.0,0.006984144
41,55,0.140443733119375,-0.014820078
41,56,0.0,-0.008442182
41,57,0.0,0.003616813
41,58,0.0,0.008295406
41,59,0.0,0.005857769
41,60,0.0,0.0025636177
41,61,0.142179744274706,-0.005592858
41,62,0.0,-0.0030729214
41,63,0.0,0.0073012416
41,64,0.0,0.0026018973
41,65,0.0,0.006840034
41,66,0.0,0.0032782378
41,67,0.0,-0.0018953835
41,68,0.0,0.0046265693
41,69,0.0,-0.0068380465
41,70,0.0,0.00087779155
41,71,0.0,0.0069077057
41,72,0.0,-0.002085858
41,73,0.0,-0.01300529
41,74,0.0,0.0025779153
41,75,0.0,0.006314548
41,76,0.0,0.0061773914
41,77,0.0,0.0004710164
41,78,0.0,0.0020854725
41,79,0.0,0.00093714846
41,80,0.0,0.008191224
41,81,0.0,-0.0015260293
41,82,0.0,0.0007150755
41,83,0.0,0.006532241
41,84,0.0,0.003862625
41,85,-0.142098882344469,0.008300906
41,86,0.0,0.0037572845
41,87,0.0,0.007866655
41,88,0.0,-0.0037199096
41,89,0.138440318931285,0.0012662434
41,90,0.0,-0.0050596935
41,91,0.0,-0.009495182
41,92,0.0,-0.0047974507
41,93,0.0,-0.009849023
41,94,0.0,0.008222196
41,95,0.130810135785495,0.0010150971
41,96,0.0,-0.007240394
41,97,0.0,-0.0035122796
41,98,0.0,-0.00078725326
41,99,0.0,0.0042686
41,100,0.0,0.010932868
42,1,0.0,-0.00059740664
42,2,0.0,0.0044661523
42,3,0.153323213338868,0.0024119443
42,4,0.0,0.0066402354
42,5,0.0,0.007997364
42,6,-0.153454884444644,0.008410333
42,7,0.0,0.0053576524
42,8,0.0,0.0016628285
42,9,0.0,-0.005364522
42,10,0.0,0.0064790486
42,11,0.0,-0.00105534
42,12,0.0,-0.003951509
42,13,-0.160152874743543,0.0068105482
42,14,0.0,0.000969396
42,15,0.152193999184457,0.0030295127
42,16,0.0,0.0008193818
42,17,-0.157817342811927,-0.0054141586
42,18,0.0,-0.004169261
42,19,0.0,0.0009984705
42,20,0.0,-0.0018475903
42,21,0.0,0.004041291
42,22,-0.150415285934681,-0.0012401021
42,23,0.0,0.00051478855
42,24,0.0,0.0017632148
42,25,0.0,-0.006497386
42,26,0.0,0.0050176596
42,27,0.149112682440487,-0.00030949828
42,28,0.0,0.0067419657
42,29,0.0,0.0055761966
42,30,-0.136815943729824,0.0036757556
42,31,0.0,0.0066885273
42,32,0.0,-0.0007197396
42,33,0.0,0.0051625418
42,34,0.0,0.006472739
42,35,0.0,0.00801977
42,36,0.0,0.0013066111
42,37,0.0,-0.0013179162
42,38,0.0,-0.0032571042
42,39,0.0,-0.00047528232
42,40,0.0,0.0040121293
42,41,0.0,0.0040534646
42,42,0.649147856747732,-0.021707198
42,43,0.0,-0.003396054
42,44,0.138637325687831,-0.0042839837
42,45,0.0,0.0055002407
42,46,0.0,0.006537019
42,47,0.0,-0.0066721127
42,48,0.0,0.006773229
42,49,0.14333469747,0.006083284
42,50,0.0,0.0014329916
42,51,0.0,0.0014320172
42,52,0.0,-0.0046140277
42,53,0.145310580719734,0.004736345
42,54,0.0,-0.00091969036
42,55,0.0,0.0023908992
42,56,0.0,-0.0016362607
42,57,0.0,0.003605951
42,58,0.0,0.0009948527
42,59,0.0,0.00023130281
42,60,0.0,-0.006187092
42,61,0.0,-0.0031743725
42,62,0.152015723568031,0.002276645
42,63,0.0,0.0066013443
42,64,0.0,0.0020141215
42,65,0.0,-0.0011274733
42,66,0.0,0.0044732084
42,67,0.0,-0.0024625673
42,68,0.0,0.0070310603
42,69,0.0,0.0039673257
42,70,0.0,-0.0040291008
42,71,0.138448838614551,0.0050597284
42,72,0.0,0.001920145
42,73,0.0,-0.0072315386
42,74,0.0,-0.0022746734
42,75,0.0,0.0034411694
42,76,0.0,0.0044790567
42,77,0.0,0.0037906738
42,78,0.0,0.0067376695
42,79,0.0,-0.005088407
42,80,0.0,-0.0039061722
42,81,0.0,0.007659556
42,82,0.0,-0.0037343153
42,83,0.0,0.0026626908
42,84,0.0,0.004483595
42,85,0.0,0.0024046418
42,86,0.0,-0.0025176783
42,87,0.0,0.0026205373
42,88,0.0,-0.0037203603
42,89,0.0,0.007993149
42,90,0.143894512951155,0.0007180292
42,91,0.0,0.0068371915
42,92,0.0,-0.0042798803
42,93,0.0,0.00018785754
42,94,0.0,0.00652134
42,95,0.0,0.0041071954
42,96,0.0,0.000101136044
42,97,0.0,-0.003966354
42,98,0.141450177129665,-0.0012853681
42,99,0.0,-0.006943053
42,100,0.0,-0.0052988734
43,1,0.0,0.0072043356
43,2,0.0,0.004910172
43,3,0.0,-0.0057616797
43,4,0.0,-0.0038811932
43,5,0.0,-0.0035604923
43,6,0.0,0.0028200457
43,7,0.0,0.0063285786
43,8,0.0,0.0051079835
43,9,0.0,0.007211775
43,10,0.0,0.0013609589
43,11,0.0,0.005513328
43,12,-0.148832221994095,0.0021190825
43,13,0.0,0.0022229445
43,14,0.154425529568104,0.0029286789
43,15,0.0,-0.0044095055
43,16,0.0,0.0017082742
43,17,0.0,0.002153229
43,18,0.0,0.0057412595
43,19,0.0,-0.006066359
43,20,0.0,6.36396e-05
43,21,0.0,0.0015907199
43,22,0.0,-0.014233869
43,23,0.0,0.00520705
43,24,0.0,0.00337516
43,25,0.0,0.0049555637
43,26,0.0,-0.001170598
43,27,0.0,0.005140766
43,28,0.0,0.0039661964
43,29,0.0,-0.0031247742
43,30,0.0,-0.0009967429
43,31,0.0,-9.255274e-05
43,32,0.0,0.0071494277
43,33,0.0,-0.00913951
43,34,0.0,0.0002865023
43,35,0.0,0.005271115
43,36,0.0,-0.0069502653
43,37,0.0,0.0030471864
43,38,0.0,0.0019985004
43,39,0.0,0.0018015788
43,40,0.0,0.0061527784
43,41,0.0,-0.000745771
43,42,0.0,-0.0034005956
43,43,0.0,-0.021707198
43,44,0.161604714392656,-0.004004721
43,45,0.0,-0.01619312
43,46,-0.175269615534453,0.0071991473
43,47,0.0,0.0020605098
43,48,0.0,0.0030544554
43,49,0.0,-0.010479316
43,50,0.0,0.0021402757
43,51,0.0,0.008027062
43,52,0.0,0.0033782711
43,53,0.0,0.004472629
43,54,0.0,-0.0016647018
43,55,0.0,0.007653669
43,56,-0.166710438024913,0.0024835006
43,57,0.0,0.0044750683
43,58,0.0,-0.004280522
43,59,0.0,-0.0040168515
43,60,0.0,0.0015535657
43,61,0.0,0.0020209379
43,62,0.0,0.00069108093
43,63,-0.165475779285013,0.0014154282
43,64,0.0,0.00034430576
43,65,0.0,-0.0027831148
43,66,0.0,0.0013163402
43,67,0.0,0.0036260914
43,68,0.0,0.005246651
43,69,0.0,0.005351298
43,70,0.0,0.0023891344
43,71,0.0,0.005650939
43,72,0.0,0.002068129
43,73,0.0,0.0031650015
43,74,0.0,0.006092508
43,75,0.0,0.0040043714
43,76,0.0,0.005140154
43,77,0.0,0.0008370164
43,78,-0.176556469405092,0.0011727973
43,79,0.0,-0.0042338176
43,80,0.0,0.0038472163
43,81,0.0,0.0061581903
43,82,0.0,-0.004363952
43,83,0.0,-0.012272961
43,84,0.0,0.0056292186
43,85,-0.16551661189983,0.0023946431
43,86,0.0,0.0030668885
43,87,0.0,-0.010120172
43,88,0.0,-0.0009779311
43,89,0.0,0.001963573
43,90,0.0,-0.0024583675
43,91,0.0,0.0021740845
43,92,0.0,-0.0028890502
43,93,0.0,0.002648211
43,94,0.0,-0.022382308
43,95,0.0,0.0048541054
43,96,0.0,0.0024021291
43,97,0.0,0.003214377
43,98,0.0,0.006650235
43,99,0.0,0.0037383689
43,100,0.0,-0.004840112
44,1,0.0,0.0042749355
44,2,0.0,0.007768816
44,3,0.0,-6.962451e-05
44,4,0.0,0.0007166187
44,5,0.0,-0.003786794
44,6,0.0,-0.0037771729
44,7,0.0,-0.0013924558
44,8,0.0,-0.0037452918
44,9,0.0,0.0047343886
44,10,0.0,0.008244531
44,11,0.0,-0.0016933815
44,12,0.0,-0.0014150214
44,13,0.0,0.007877374
44,14,0.0,0.0047233813
44,15,0.0,0.0048117884
44,16,0.0,-0.004510126
44,17,0.0,0.0040248632
44,18,0.0,-0.0010147856
44,19,0.0,-0.0024552676
44,20,0.0,0.003415071
44,21,0.0,-0.00487367
44,22,0.0,0.0013405555
44,23,0.0,0.0019586678
44,24,0.0,0.0008779871
44,25,0.0,-0.00030529546
44,26,0.0,0.004575436
44,27,0.0,0.008083176
44,28,0.0,-0.003273978
44,29,0.0,-0.009214159
44,30,0.0,-1.2338627e-05
44,31,0.0,0.0061508124
44,32,0.0,0.0034369929
44,33,0.0,0.007746287
44,34,0.0,0.002657941
44,35,0.0,-0.0018833852
44,36,0.0,0.004955037
44,37,0.0,0.00037455466
44,38,0.0,-0.0059250747
44,39,0.0,0.0003778888
44,40,0.0,-0.0037561252
44,41,0.0,0.0063272477
44,42,0.0,-0.006196339
44,43,0.0,-0.0012249066
44,44,0.0,-0.021707198
44,45,0.0,0.0052278074
44,46,0.0,0.0058328663
44,47,0.0,-0.00065484596
44,48,0.0,-0.00224837
44,49,0.0,-0.0049343025
44,50,0.0,-0.0013551835
44,51,0.0,0.0065337154
44,52,0.0,0.0080610085
44,53,0.0,-8.259574e-05
44,54,0.0,0.006467776
44,55,0.0,-0.0045155017
44,56,0.0,0.0072295372
44,57,0.0,0.0011437291
44,58,0.0,0.005724656
44,59,0.0,0.0070869294
44,60,0.150268622982953,-0.0036657955
44,61,0.0,-0.0058045974
44,62,0.0,0.005898271
44,63,0.0,0.0035943673
44,64,0.0,-0.00014373823
44,65,0.0,0.006328464
44,66,0.0,-0.002918528
44,67,0.0,0.004715864
44,68,0.0,-0.005087037
44,69,0.0,0.007261368
44,70,0.0,-0.0039886152
44,71,0.0,0.000111054396
44,72,0.0,-0.004811213
44,73,0.0,0.002043853
44,74,0.0,0.0010094875
44,75,0.0,0.0058174436
44,76,0.0,0.0044168183
44,77,0.0,0.0058188033
44,78,0.0,0.0065446296
44,79,0.0,0.0060645933
44,80,0.0,-0.00045976462
44,81,0.0,0.008081049
44,82,0.0,-1.3634562e-06
44,83,0.0,0.0009121881
44,84,0.0,-0.0015120856
44,85,0.0,0.007374341
44,86,0.0,0.007380607
44,87,0.0,-0.004517094
44,88,0.0,-0.0025694473
44,89,0.0,0.0041414048
44,90,0.0,-0.0008609169
44,91,0.0,0.0011280088
44,92,0.0,0.0003877757
44,93,0.0,0.005818358
44,94,0.0,-0.0051850323
44,95,0.0,-0.0013079266
44,96,0.0,0.00061036367
44,97,0.0,0.008421207
44,98,0.0,-0.0039313063
44,99,0.0,0.003616096
44,100,0.0,0.0049405447
45,1,0.0,0.010723924
45,2,0.0,0.0010248572
45,3,0.0,0.002545319
45,4,0.0,0.0063726394
45,5,0.0,0.0047020004
45,6,0.0,0.001821171
45,7,0.0,-0.0031219013
45,8,0.0,0.004251311
45,9,0.0,0.005051072
45,10,0.0,0.005155529
45,11,0.0,-0.0012557753
45,12,0.0,0.0051194164
45,13,0.0,0.0029385234
45,14,0.0,0.0023452048
45,15,0.0,-0.0024711867
45,16,0.0,0.008137589
45,17,0.0,0.004860518
45,18,0.0,-0.00046895596
45,19,0.0,-0.009056276
45,20,0.0,-0.00019688904
45,21,0.170536898144837,0.0073129316
45,22,0.0,0.004454551
45,23,0.169011868389897,0.0053196037
45,24,0.0,0.0010276507
45,25,0.0,0.0068428763
45,26,0.0,2.5127549e-05
45,27,0.164484394530317,0.0052448423
45,28,0.0,0.0027208761
45,29,0.0,-0.007182904
45,30,0.0,-0.0025317823
45,31,0.0,0.0076525235
45,32,0.0,0.013219191
45,33,0.0,0.0045500128
45,34,0.0,0.003777226
45,35,0.0,0.0023232014
45,36,0.0,0.001525864
45,37,0.0,0.00055397255
45,38,-0.170832226001041,0.005027441
45,39,0.0,0.0058468706
45,40,0.0,0.0011820872
45,41,0.0,-0.008907916
45,42,0.0,0.005134757
45,43,0.0,-0.015527241
45,44,0.0,0.0053103813
45,45,0.0,-0.021707198
45,46,0.0,-0.0027120472
45,47,0.0,-0.0027395496
45,48,0.0,-8.658972e-06
45,49,0.0,-0.0050198403
45,50,0.0,0.0029598423
45,51,0.0,-0.0004770537
45,52,0.142042147586929,0.0068668886
45,53,0.0,0.004179534
45,54,0.0,0.0009594206
45,55,0.0,0.001466075
45,56,0.0,-0.006043554
45,57,0.0,0.0030928487
45,58,0.0,0.007076957
45,59,0.0,0.0045326785
45,60,0.0,0.003972218
45,61,0.0,-0.000586336
45,62,0.0,-0.003701827
45,63,0.0,0.012096651
45,64,0.0,-0.0042983657
45,65,0.0,0.0013295137
45,66,0.0,0.0035056048
45,67,0.0,0.005004943
45,68,0.0,0.0063480563
45,69,0.0,-0.002270523
45,70,0.0,0.0006951052
45,71,0.0,0.00321308
45,72,0.0,0.0038100258
45,73,0.0,0.004518487
45,74,0.0,-0.002013906
45,75,0.0,0.0009701082
45,76,0.0,0.008956384
45,77,0.0,0.0019745263
45,78,0.0,-0.00056189694
45,79,0.0,0.0064009833
45,80,0.0,-0.008477635
45,81,0.0,-0.0013134736
45,82,0.0,0.0072020045
45,83,0.0,0.0006503314
45,84,0.142231799751776,0.0008983917
45,85,0.0,0.0058457605
45,86,0.0,0.0036739102
45,87,0.0,-0.001290226
45,88,0.0,-0.0034442977
45,89,0.0,0.0060807713
45,90,0.0,0.006306227
45,91,0.0,0.002640136
45,92,0.0,0.002182627
45,93,0.0,0.006132563
45,94,0.0,0.005506124
45,95,0.0,0.007936927
45,96,0.0,0.0031676446
45,97,0.0,0.006438824
45,98,0.0,-0.00056140916
45,99,-0.129872070957828,0.0023714085
45,100,0.0,-0.0022401863
46,1,0.0,0.005657811
46,2,-0.157987802699712,0.0020365282
46,3,0.0,0.003991722
46,4,0.0,-0.0010185573
46,5,0.0,0.0056846333
46,6,0.0,0.0036837272
46,7,0.0,0.002261485
46,8,-0.158106866508347,0.0061719236
46,9,0.0,0.00040644547
46,10,0.0,0.004299445
46,11,0.0,0.0019828477
46,12,0.0,0.0010894092
46,13,0.0,0.003393724
46,14,0.0,-0.003607362
46,15,0.0,-0.0034888317
46,16,0.0,-0.005541419
46,17,0.0,-0.0050825826
46,18,0.0,0.003171584
46,19,0.0,0.005902207
46,20,0.0,-0.00092005194
46,21,-0.152933336590403,0.0006447877
46,22,0.0,0.007052081
46,23,0.0,0.00204889
46,24,0.0,0.007915728
46,25,0.0,0.0032864274
46,26,0.0,0.000969226
46,27,0.0,0.0064660604
46,28,-0.154706696219659,-0.0016501765
46,29,0.0,0.007829532
46,30,0.0,0.0030899588
46,31,0.0,-0.00082032476
46,32,0.0,0.0022185477
46,33,0.0,-0.0049984767
46,34,0.0,0.001369203
46,35,0.0,0.0040238253
46,36,0.0,-0.004162924
46,37,0.0,-0.0039782277
46,38,0.0,0.00615734
46,39,0.0,-7.12811e-05
46,40,0.0,-0.0040784664
46,41,0.0,-0.003926839
46,42,0.0,0.006153503
46,43,0.0,0.0073978878
46,44,0.0,0.0032279626
46,45,0.0,-0.003408643
46,46,0.0,-0.021707198
46,47,0.0,-0.0054200524
46,48,0.0,-0.0030754902
46,49,0.0,0.002535907
46,50,0.0,-0.0054926225
46,51,0.0,-0.004549947
46,52,0.0,0.0016244226
46,53,0.0,0.0024061059
46,54,0.0,0.0074629397
46,55,0.0,0.007922433
46,56,0.0,-0.0042329268
46,57,0.0,0.00521534
46,58,0.155755600806373,0.003196563
46,59,0.0,0.0037519312
46,60,0.0,-0.0031500487
46,61,0.0,-0.00051961234
46,62,0.0,0.0027782777
46,63,0.0,0.015019642
46,64,0.0,0.0067971633
46,65,0.0,-0.0056773447
46,66,0.0,0.007606747
46,67,0.0,0.0023285002
46,68,0.0,0.0042846524
46,69,-0.163933107162461,-0.005320975
46,70,0.157173270519507,0.0020212168
46,71,0.0,0.0024354015
46,72,0.0,-0.0066685355
46,73,0.0,0.004293899
46,74,0.0,0.001552735
46,75,0.0,0.005957169
46,76,0.0,-0.0044581136
46,77,0.156448056358063,0.006810983
46,78,0.0,-0.0005282429
46,79,0.0,0.0021642814
46,80,0.0,0.006422971
46,81,0.0,-0.009467905
46,82,0.0,-0.003911309
46,83,0.0,0.00021211663
46,84,0.0,-0.0019433517
46,85,0.0,0.006861961
46,86,0.0,0.005566709
46,87,-0.152462985095594,0.0039896895
46,88,0.0,0.0020634406
46,89,0.0,-0.0023258044
46,90,0.0,-0.008953657
46,91,0.0,0.002039251
46,92,0.0,0.007250644
46,93,0.0,-0.003906082
46,94,0.0,0.0057420363
46,95,0.0,-0.0038507297
46,96,0.0,0.004248814
46,97,0.0,0.0033823946
46,98,0.0,0.005710535
46,99,0.0,-0.004190776
46,100,0.0,0.00056134025
47,1,0.0,0.0009083799
47,2,0.0,0.0007594095
47,3,0.0,1.6815495e-05
47,4,-0.153643117086915,0.004804913
47,5,0.0,0.0004685626
47,6,0.0,0.005216489
47,7,0.0,0.006496391
47,8,0.0,0.0030617788
47,9,0.0,0.0028145337
47,10,0.0,0.0052927523
47,11,0.0,-0.0018918924
47,12,0.0,-0.004376107
47,13,0.0,0.0011968019
47,14,0.0,0.0006321827
47,15,0.0,-0.0021874253
47,16,0.0,0.0028822296
47,17,0.0,-0.004639372
47,18,0.0,0.0017733998
47,19,0.0,0.0051505044
47,20,0.0,0.005202059
47,21,0.157634408172336,0.0013579144
47,22,0.0,0.0072419983
47,23,0.0,0.0031887065
47,24,0.0,-0.0018840097
47,25,0.0,0.0023739194
47,26,0.0,0.0054664356
47,27,0.0,0.0048000575
47,28,0.159462279726484,0.0075675123
47,29,0.16281649670176,-0.0029544164
47,30,0.0,0.000919661
47,31,-0.160362099602895,0.006774059
47,32,0.0,-0.002568293
47,33,0.0,0.006171934
47,34,0.0,0.0023954296
47,35,0.0,0.0012407689
47,36,0.0,0.008250205
47,37,0.0,0.00049370225
47,38,0.0,0.003143873
47,39,0.0,0.0006331103
47,40,0.0,0.00584657
47,41,0.0,0.0041010883
47,42,0.0,-0.0063195718
47,43,0.0,0.0048735584
47,44,0.152599061860848,0.0018138601
47,45,0.174328394237252,0.003469558
47,46,0.0,0.0009119278
47,47,0.0,-0.021707198
47,48,0.0,0.0009647482
47,49,0.144997115175024,0.0042011472
47,50,0.0,-0.0038709627
47,51,0.0,-0.0037714443
47,52,0.0,0.0031822259
47,53,0.0,-0.00873686
47,54,0.0,0.0009820932
47,55,0.0,0.002290756
47,56,0.0,-0.003926885
47,57,0.0,0.00019098492
47,58,0.0,0.0049702767
47,59,0.0,-0.004161864
47,60,0.0,-0.0008894681
47,61,0.0,0.008220816
47,62,0.0,0.008003941
47,63,0.0,-0.004774287
47,64,0.0,0.0019545294
47,65,0.0,0.0042106234
47,66,0.0,0.00013326947
47,67,0.0,0.002413685
47,68,0.0,0.0032315473
47,69,0.0,-0.00023824116
47,70,0.0,-0.004001934
47,71,0.0,-0.0033525885
47,72,0.0,-0.003544598
47,73,0.0,0.005591026
47,74,0.0,-0.0007029716
47,75,0.0,-0.00023420248
47,76,0.0,0.0008654846
47,77,0.0,0.006727991
47,78,-0.153220829609113,0.0048790867
47,79,-0.139575531879168,0.005266856
47,80,0.0,-0.0009358004
47,81,0.0,0.0022010524
47,82,-0.13625057429016,0.0041762167
47,83,0.0,-0.005904286
47,84,0.0,-0.0070763924
47,85,0.0,0.0058285925
47,86,0.0,0.004028865
47,87,0.0,0.0008466649
47,88,0.157009934158045,0.0008651293
47,89,0.0,-0.00019385898
47,90,0.0,0.005720345
47,91,0.0,-0.0058307047
47,92,0.0,0.007459222
47,93,0.0,-0.008679073
47,94,0.0,0.0051530455
47,95,0.0,0.007878706
47,96,0.0,0.005631169
47,97,0.0,-0.0024399157
47,98,0.0,0.0013986947
47,99,0.0,0.003883013
47,100,0.0,-0.004034146
48,1,0.0,0.007873237
48,2,0.0,0.0008359316
48,3,0.174252809295405,-0.0013098314
48,4,0.0,-0.0066899755
48,5,0.0,-0.0066041793
48,6,0.0,-0.0003753123
48,7,-0.173110953747377,0.003816328
48,8,0.0,0.00045956438
48,9,0.0,0.0017416631
48,10,0.0,0.006866452
48,11,0.0,0.0073962198
48,12,0.0,0.0053649335
48,13,0.0,0.0036408058
48,14,0.0,0.002731335
48,15,-0.172969450210911,0.0046676244
48,16,0.0,0.0016026315
48,17,0.0,0.0053999755
48,18,0.0,0.0058155847
48,19,0.0,0.0005172859
48,20,0.0,0.0065318574
48,21,0.0,0.006311435
48,22,-0.1709479312644,-0.0044876146
48,23,0.0,0.0014497568
48,24,0.0,0.0045968336
48,25,0.19182544908812,0.004118014
48,26,0.0,-0.00032997108
48,27,0.0,-0.001472197
48,28,0.0,-0.00063356897
48,29,0.0,0.0023629838
48,30,0.0,-0.0065215733
48,31,0.0,0.0038807797
48,32,0.0,0.004076999
48,33,0.0,0.003791363
48,34,-0.170246538307813,0.0036451565
48,35,0.0,-0.00078070303
48,36,0.0,0.0017221873
48,37,0.0,0.0041408674
48,38,0.0,-0.00201486
48,39,0.0,0.004998958
48,40,0.0,0.003913264
48,41,0.0,0.0058450266
48,42,0.0,0.0068608797
48,43,0.0,0.002520882
48,44,0.0,-0.00039338693
48,45,-0.194310928510786,-0.00012211967
48,46,0.0,-0.0038634292
48,47,0.0,-0.0068673096
48,48,0.0,-0.021707198
48,49,-0.147785306018975,-0.0001616911
48,50,0.0,-0.0036106582
48,51,0.0,0.0004942571
48,52,0.0,-0.006281911
48,53,0.0,-0.0033103186
48,54,0.0,0.00021332223
48,55,0.0,-0.0018921937
48,56,0.0,0.0018494241
48,57,0.156031309489717,0.0011951965
48,58,0.0,0.0075906185
48,59,0.0,-0.0040146164
48,60,0.0,0.0027131615
48,61,0.0,0.005841143
48,62,0.0,0.0018720217
48,63,0.0,-0.0064564594
48,64,0.0,0.006434386
48,65,0.0,0.0057130293
48,66,0.0,0.008228039
48,67,-0.156900891247512,0.0062339795
48,68,0.0,0.004947635
48,69,0.0,-0.005949144
48,70,0.0,-0.004278961
48,71,0.0,0.002862099
48,72,0.0,0.0053891134
48,73,0.0,0.00211039
48,74,0.0,0.0033710436
48,75,0.0,-0.004429078
48,76,0.0,0.0015318764
48,77,0.0,0.007104589
48,78,0.156167156601225,-0.0027800985
48,79,0.0,0.0026515224
48,80,0.0,0.0016261176
48,81,0.0,0.001289505
48,82,0.0,-0.006812245
48,83,0.0,0.0032467865
48,84,0.0,0.00046206615
48,85,0.0,-0.0019733584
48,86,0.144741268625727,0.0021236087
48,87,0.0,0.008042922
48,88,0.0,-0.0008430381
48,89,-0.14263285791506,-0.007385166
48,90,-0.148362504029345,-0.00037140958
48,91,0.0,-0.0038938574
48,92,0.0,-0.006676525
48,93,0.0,-0.008262385
48,94,0.0,-0.003515231
48,95,0.0,-0.0001769315
48,96,0.0,0.0013613668
48,97,0.0,-0.012179211
48,98,0.0,0.007371958
48,99,0.0,0.008735025
48,100,0.0,-0.00083979964
49,1,0.0,0.0013849405
49,2,0.0,0.0042987927
49,3,0.0,0.0037448397
49,4,0.0,-0.0040388317
49,5,0.0,0.0022836118
49,6,0.0,0.0049883313
49,7,0.0,-0.00080265105
49,8,0.0,-0.008395107
49,9,0.0,0.004505141
49,10,0.0,0.0026094974
49,11,0.158385517671635,0.0063158893
49,12,0.0,0.0014127712
49,13,0.159635163772728,0.00389284
49,14,0.156266939982891,0.0055076224
49,15,0.0,0.00095295114
49,16,0.0,-0.0052009574
49,17,0.0,0.0057287947
49,18,0.0,-0.00034954934
49,19,0.0,0.0017360621
49,20,0.0,-0.0018043562
49,21,0.0,0.0014359397
49,22,0.149929052741357,0.0010488401
49,23,0.0,0.005211801
49,24,0.0,-0.0010817642
49,25,0.0,-0.0029557138
49,26,0.0,7.750001e-06
49,27,0.148630660049627,-0.002289303
49,28,0.0,0.0034164372
49,29,0.0,0.0019126874
49,30,0.0,-0.00026212353
49,31,0.0,0.005220705
49,32,0.0,0.0019178591
49,33,0.0,-0.0044000545
49,34,0.0,-0.0099184085
49,35,0.0,0.0015332685
49,36,0.0,0.002872706
49,37,0.0,0.0010082149
49,38,0.0,0.0005199169
49,39,0.0,0.0011892419
49,40,0.0,-0.00012637977
49,41,0.0,-0.0024167295
49,42,0.0,0.006480699
49,43,0.0,-0.006509475
49,44,0.0,-0.0048167394
49,45,0.0,-0.00850333
49,46,0.0,1.873076e-05
49,47,0.0,0.0043946635
49,48,0.0,0.0007073642
49,49,0.0,-0.021707198
49,50,0.164936925844057,0.0037481887
49,51,0.0,-0.0040178015
49,52,0.0,-0.0033016414
49,53,-0.155801221010354,0.004324436
49,54,0.0,0.004172103
49,55,0.0,0.008155262
49,56,0.0,0.0073325583
49,57,0.0,-0.0009523806
49,58,0.0,0.006930809
49,59,0.0,0.00810419
49,60,0.0,0.0018735095
49,61,0.0,-0.007831158
49,62,0.0,0.0070271515
49,63,0.0,0.009004746
49,64,0.0,0.0021280367
49,65,0.0,0.0077354317
49,66,0.0,0.008175526
49,67,0.0,-0.0069062007
49,68,-0.182548738676134,0.0054372945
49,69,0.0,-3.0312221e-06
49,70,0.0,-0.0031276047
49,71,0.0,0.003954523
49,72,0.0,3.050547e-06
49,73,0.0,-0.0018353988
49,74,0.0,-0.00069569563
49,75,0.0,0.0030070492
49,76,0.0,-0.0003511533
49,77,0.0,-0.0030017465
49,78,0.0,-0.00018110289
49,79,0.0,0.0022337227
49,80,0.0,0.0028800373
49,81,0.0,0.00178472
49,82,0.0,0.0012307004
49,83,0.0,0.0049088006
49,84,0.0,-0.0017837594
49,85,0.0,-0.0032961888
49,86,0.0,-0.011154754
49,87,0.0,0.006500062
49,88,0.166415096971849,-0.001574494
49,89,0.0,0.00248414
49,90,0.0,0.004516256
49,91,0.0,-0.0052689486
49,92,0.0,0.00802058
49,93,0.0,0.007551245
49,94,0.0,0.0052766013
49,95,0.0,-0.0028853032
49,96,0.0,-0.0034750649
49,97,0.0,0.0074612736
49,98,0.0,0.0047835717
49,99,0.0,-0.003184395
49,100,0.0,-0.0033444655
50,1,0.0,-0.0041071656
50,2,0.0,0.0047708615
50,3,0.0,0.0008394411
50,4,0.0,0.002350253
50,5,0.0,0.0045152484
50,6,0.0,0.004536753
50,7,0.0,0.0037082476
50,8,0.0,0.0038729608
50,9,0.0,0.0018159598
50,10,0.0,0.0062610977
50,11,0.0,-0.0028722151
50,12,0.0,0.0026683975
50,13,0.0,0.009739276
50,14,0.0,0.0020808699
50,15,0.0,0.0052873115
50,16,0.0,-0.0036356882
50,17,-0.147563777137988,-0.0056385975
50,18,0.0,-0.019988399
50,19,0.0,0.0028639613
50,20,0.0,-0.0024110274
50,21,0.0,0.0067753685
50,22,0.0,-0.0005376367
50,23,0.0,0.00025152625
50,24,0.0,0.0027176174
50,25,0.0,-0.00683427
50,26,0.0,-0.0023795683
50,27,0.0,-0.023880288
50,28,0.0,0.0010840916
50,29,0.149307169887393,-0.0006739284
50,30,0.0,-0.0015354427
50,31,0.0,-0.011513203
50,32,0.0,-0.0011008377
50,33,0.0,-0.0019391618
50,34,0.0,0.005842945
50,35,0.0,0.0072136032
50,36,0.152104121493708,-0.0035660923
50,37,0.0,-0.0010430049
50,38,0.0,0.0019629616
50,39,0.0,0.0016784114
50,40,0.0,-0.004891719
50,41,0.0,-0.0063483
50,42,0.144923985839607,0.0024950858
50,43,0.0,0.00103446
50,44,0.0,-0.0077473386
50,45,0.0,0.0025952072
50,46,0.0,-0.0056452416
50,47,0.0,-0.009081623
50,48,0.0,-0.0039560054
50,49,0.0,0.0033436422
50,50,0.0,-0.021707198
50,51,0.0,0.0018967823
50,52,0.0,-0.008723514
50,53,0.0,0.00065810187
50,54,0.0,0.006512827
50,55,0.0,0.0057632006
50,56,0.164571830775407,-0.0001092474
50,57,0.0,-0.0060908846
50,58,0.0,0.0009325319
50,59,0.0,0.005006619
50,60,0.166737164492796,0.0030547143
50,61,-0.163486298993217,0.0016652928
50,62,0.0,0.0029584486
50,63,0.0,-0.0013824697
50,64,0.0,0.0037429905
50,65,0.0,0.0011985817
50,66,0.159179943991834,-0.00319927
50,67,0.175110444750404,0.0007910435
50,68,0.0,0.004111931
50,69,0.0,0.0037297904
50,70,0.0,-0.0043328153
50,71,0.0,0.0052344818
50,72,0.0,-0.00817384
50,73,0.0,-0.0042388607
50,74,0.0,0.0026697489
50,75,0.0,0.000853349
50,76,0.0,0.005742621
50,77,0.0,0.004737726
50,78,0.0,-0.0042589335
50,79,0.0,0.0013699196
50,80,0.166808161689491,0.0026884046
50,81,0.0,0.0074536107
50,82,0.0,0.000891116
50,83,0.0,0.003969007
50,84,0.164311030006996,-0.011470573
50,85,0.0,0.005920039
50,86,0.0,-0.008646864
50,87,0.0,0.0073432713
50,88,0.0,0.00046708854
50,89,0.0,0.0029826355
50,90,0.0,0.0040118643
50,91,0.0,0.009118201
50,92,0.0,-0.0017035119
50,93,0.0,0.0012864615
50,94,0.0,0.0051321476
50,95,0.0,-0.0031723971
50,96,-0.17506142933552,0.0028757108
50,97,0.0,-0.0027267342
50,98,0.0,-0.010904312
50,99,0.0,-0.003019901
50,100,0.0,0.008036327
51,1,0.0,-0.0009888015
51,2,0.0,0.0039689336
51,3,0.0,0.00611609
51,4,0.0,-7.147831e-05
51,5,0.0,0.001356022
51,6,0.0,0.0040727104
51,7,0.0,-0.0006067895
51,8,0.0,0.006550793
51,9,0.0,0.004103869
51,10,0.0,0.00036129565
51,11,0.0,0.0052372687
51,12,0.0,-0.00044047344
51,13,0.0,-0.0010282479
51,14,0.0,0.0014778785
51,15,0.0,-0.0050296797
51,16,0.0,0.008010179
51,17,0.0,0.0030618971
51,18,0.0,0.006554942
51,19,0.0,0.0013328511
51,20,0.0,-0.0025568018
51,21,0.146485926765277,0.003719042
51,22,0.0,0.0068298695
51,23,0.0,-0.00085230987
51,24,0.0,0.00665067
51,25,0.0,0.003325394
51,26,0.0,0.0019975035
51,27,0.0,0.0051826504
51,28,0.0,0.008178743
51,29,0.0,0.0040359725
51,30,0.0,-0.0058580935
51,31,0.0,0.0054220096
51,32,0.134510978755016,0.0022986345
51,33,0.0,0.00066980533
51,34,0.0,-0.0032655974
51,35,0.0,0.0014717663
51,36,0.0,0.002809905
51,37,0.0,0.0026936168
51,38,0.146739604269596,0.0054987944
51,39,0.0,0.00793298
51,40,0.0,-0.003488094
51,41,0.0,-0.00068138586
51,42,0.0,0.003556245
51,43,0.0,0.0077951592
51,44,0.0,0.0070304354
51,45,0.0,0.004087866
51,46,0.0,-0.001848099
51,47,0.0,-0.0037680208
51,48,-0.166907084350448,-0.00068485225
51,49,-0.146385047583759,-0.004169081
51,50,0.0,0.0015669586
51,51,0.0,-0.021707198
51,52,0.0,0.003359042
51,53,0.0,0.0044506085
51,54,0.0,0.0036073332
51,55,0.0,0.005073656
51,56,0.0,0.00097164465
51,57,0.0,0.008032346
51,58,0.0,0.0014721949
51,59,0.0,-0.00022608181
51,60,0.0,0.006634886
51,61,0.0,0.0010389672
51,62,0.0,0.0008733121
51,63,0.0,0.0048314277
51,64,0.0,-0.010528017
51,65,0.0,0.005374044
51,66,0.0,-4.678499e-05
51,67,0.0,0.0069340137
51,68,0.0,-0.00010968791
51,69,0.0,-0.0018671104
51,70,0.0,-0.0027718437
51,71,0.0,0.0013284776
51,72,0.0,0.00029146252
51,73,0.0,-0.0035125758
51,74,0.0,0.007359359
51,75,0.0,0.0003503589
51,76,0.0,0.003457381
51,77,0.0,-0.0057818457
51,78,0.161185856578204,0.003228644
51,79,0.0,-0.002943274
51,80,0.0,0.0038100611
51,81,0.0,-0.0045168037
51,82,0.0,0.00082131894
51,83,0.152495296959376,-0.0001362001
51,84,0.0,0.0060681277
51,85,0.0,-0.0029162546
51,86,0.0,0.0052154125
51,87,0.0,0.002531712
51,88,0.165171933823329,0.0071626627
51,89,0.0,0.009316307
51,90,0.0,0.0064693135
51,91,0.0,0.0014641373
51,92,0.0,-0.005657264
51,93,0.0,0.0042482554
51,94,0.0,0.0030760737
51,95,0.0,0.0077603
51,96,0.0,-0.0058020074
51,97,0.0,0.0031513283
51,98,0.0,0.00077831
51,99,0.0,0.0005302243
51,100,0.0,0.0028153681
52,1,0.0,0.0053799977
52,2,-0.155350078451703,0.007030018
52,3,0.149138493713255,0.006489054
52,4,0.0,0.007670474
52,5,0.0,0.0057073315
52,6,0.0,-0.0023598564
52,7,0.0,0.0072887004
52,8,0.0,-0.004131234
52,9,0.0,0.0039057876
52,10,0.0,-0.0011388684
52,11,0.0,-0.0006334132
52,12,0.0,0.0035784827
52,13,0.0,0.0029727542
52,14,0.0,0.0014756881
52,15,0.0,-0.0017410123
52,16,0.0,-0.002833404
52,17,0.153509962883308,0.0043870215
52,18,-0.152503287855592,-0.0010744899
52,19,0.0,0.0074465373
52,20,-0.160342036705677,0.0024549444
52,21,0.0,-0.0045344555
52,22,0.0,-0.004490247
52,23,0.0,0.0052498304
52,24,0.0,0.00061463914
52,25,0.0,-0.0043919133
52,26,0.0,-0.0045607253
52,27,0.0,0.0038899533
52,28,0.0,-0.0052991617
52,29,0.0,0.0063112
52,30,0.0,-0.005058859
52,31,0.0,-0.0019727037
52,32,0.0,0.0057782237
52,33,0.0,-0.001994817
52,34,0.0,-0.0045678755
52,35,0.0,0.0029156888
52,36,0.0,0.008170463
52,37,0.0,0.005087635
52,38,0.150640421505146,0.002945254
52,39,0.0,0.005626051
52,40,0.0,-0.003993345
52,41,0.0,0.0038460614
52,42,0.0,-0.0044295494
52,43,0.0,0.0035955426
52,44,0.0,0.0070825987
52,45,-0.166305721596688,0.0058956486
52,46,0.0,0.006247386
52,47,0.0,1.9943342e-05
52,48,0.0,-0.005782724
52,49,0.0,-0.0031522405
52,50,0.0,-0.0069662235
52,51,0.142851476832708,-0.0016314206
52,52,0.0,-0.021707198
52,53,0.0,0.00018032268
52,54,0.0,0.00629832
52,55,0.0,0.0114776585
52,56,0.0,0.0054992638
52,57,0.0,0.008018604
52,58,0.0,0.00663438
52,59,0.0,-0.0015766853
52,60,0.0,0.0018469971
52,61,0.0,-0.0038440344
52,62,0.0,-0.01013889
52,63,0.0,0.0031914585
52,64,0.0,0.0036343257
52,65,0.0,0.0029653898
52,66,0.0,-0.0039279102
52,67,0.0,0.0054268017
52,68,0.0,-0.0043629804
52,69,0.0,0.004905917
52,70,0.0,0.003708554
52,71,0.0,0.0070435894
52,72,0.0,0.00612161
52,73,0.0,-0.0036372924
52,74,0.0,0.005143978
52,75,0.0,0.0026670708
52,76,0.0,-0.0022008573
52,77,0.0,0.004164865
52,78,0.0,-0.0045818393
52,79,0.0,-0.0021418626
52,80,0.154629980066586,0.0068391017
52,81,0.0,0.0031184754
52,82,0.0,-0.0028407823
52,83,0.0,-0.0027788677
52,84,0.0,-0.0035979492
52,85,0.0,0.0033291983
52,86,0.0,0.0005773618
52,87,0.0,-0.000566578
52,88,0.0,0.00058643427
52,89,0.0,-0.0049164942
52,90,0.0,0.0045696814
52,91,0.0,0.0046159816
52,92,0.0,0.00345599
52,93,0.0,0.0015496821
52,94,0.0,-0.00028510205
52,95,0.0,-0.0037781312
52,96,0.0,0.0034321686
52,97,0.0,0.0042790775
52,98,0.0,-0.006113213
52,99,0.0,0.005993513
52,100,0.0,0.0029697702
53,1,-0.144344512277494,0.002618393
53,2,0.0,-0.0008787776
53,3,0.0,-0.0015707342
53,4,0.0,0.0008591381
53,5,0.0,0.005157445
53,6,0.0,0.007529359
53,7,0.141603969973191,0.003054827
53,8,0.0,-0.0044561923
53,9,-0.145439233136163,0.003520817
53,10,0.0,0.006530698
53,11,0.0,0.005210527
53,12,0.0,0.0032747132
53,13,0.0,-0.00032621855
53,14,0.0,-0.0061916215
53,15,0.0,0.002338497
53,16,0.0,0.0041784686
53,17,0.0,0.0038745482
53,18,0.0,0.00060350215
53,19,-0.148609990533988,0.0055224877
53,20,0.0,0.003333847
53,21,0.0,0.006588559
53,22,0.0,-0.0022780262
53,23,0.0,-0.0030823355
53,24,0.0,0.006101659
53,25,0.0,-0.0031290306
53,26,0.0,0.0061137374
53,27,0.0,-0.0036440445
53,28,0.145391141403665,0.0057088775
53,29,0.0,0.006269654
53,30,0.0,0.0036192206
53,31,0.0,0.0019686776
53,32,0.0,0.008163387
53,33,-0.147588958673571,0.005677518
53,34,0.0,0.0070134704
53,35,0.0,0.0028126305
53,36,0.0,-0.0051100072
53,37,0.0,0.004529161
53,38,0.0,0.0018559066
53,39,0.0,-0.006386818
53,40,0.0,0.0044149114
53,41,0.0,-0.005383237
53,42,0.0,0.002907068
53,43,0.0,0.0048047295
53,44,0.0,-0.00031018257
53,45,0.158945452559041,0.0037316475
53,46,0.0,0.0025386768
53,47,0.0,-0.008941811
53,48,0.0,-0.0035671345
53,49,0.0,0.0011302743
53,50,0.0,0.0010767845
53,51,0.0,0.0043463265
53,52,0.0,0.0006072186
53,53,0.13799154269509,-0.021707198
53,54,0.0,-0.004808286
53,55,0.0,0.007714462
53,56,0.0,0.0049744467
53,57,0.0,0.002180289
53,58,0.0,-0.0040839086
53,59,0.0,0.0054781497
53,60,0.0,-0.0047749686
53,61,0.0,0.002310189
53,62,0.0,0.0083524175
53,63,0.0,-0.0027311589
53,64,0.0,0.008209003
53,65,0.0,0.009223076
53,66,0.0,0.0035583586
53,67,0.0,-0.00043391762
53,68,0.0,0.003575007
53,69,0.0,0.007902892
53,70,0.0,0.003622422
53,71,0.0,0.0053471685
53,72,0.15622814769546,-0.0023466656
53,73,0.0,0.0049175834
53,74,0.0,0.00728176
53,75,0.0,0.0036669443
53,76,0.0,0.0037388536
53,77,0.0,0.007371766
53,78,0.0,0.0016729715
53,79,0.0,-0.0030015064
53,80,0.0,0.0004849094
53,81,0.0,0.0051676785
53,82,0.0,-0.004973681
53,83,0.0,0.0010317133
53,84,0.0,0.007900409
53,85,0.0,0.0011969821
53,86,0.152592074205134,0.007485312
53,87,0.0,-0.004034566
53,88,0.168709145854733,0.006144364
53,89,0.0,-0.0027847239
53,90,0.0,0.0048923823
53,91,0.0,-0.00080753537
53,92,0.155375002133523,-0.0040974156
53,93,0.0,-0.0084929075
53,94,0.0,0.004658176
53,95,0.0,0.0070012086
53,96,0.165364937552427,0.00079248147
53,97,0.0,0.0024650772
53,98,0.0,0.0013842848
53,99,0.0,-0.003322514
53,100,0.0,0.0015334869
54,1,0.0,0.0013882113
54,2,0.0,0.0005970681
54,3,0.0,0.00645192
54,4,0.0,-0.003594508
54,5,0.0,0.0037288456
54,6,0.0,-0.004688662
54,7,0.0,-0.004732207
54,8,0.0,0.001673196
54,9,0.158482301960381,0.003918684
54,10,0.0,0.008010259
54,11,0.0,0.0065370244
54,12,0.153064015166879,0.0058911904
54,13,0.0,0.0064450637
54,14,0.0,0.0024046176
54,15,0.0,-0.00469541
54,16,0.0,0.008217987
54,17,0.0,-0.0042834715
54,18,-0.158825165974388,0.007537045
54,19,0.0,-0.0016405159
54,20,-0.166988862670063,-0.0040900656
54,21,0.0,-0.00021425425
54,22,0.0,0.0011177384
54,23,-0.15521333699782,-0.0034755091
54,24,0.1603493427189,-0.0017555535
54,25,0.0,-0.004045722
54,26,0.0,0.0035795798
54,27,0.0,0.0032756613
54,28,0.0,0.0043081404
54,29,0.0,0.006921631
54,30,0.0,0.002164008
54,31,0.0,0.005961796
54,32,0.0,0.0026217722
54,33,0.0,-0.0023567728
54,34,0.0,-0.0020176792
54,35,0.0,0.004688172
54,36,0.0,-0.00091638765
54,37,-0.161222426577168,0.0031046444
54,38,0.0,-0.0034003663
54,39,0.0,0.0058788345
54,40,0.0,-0.0011402015
54,41,0.0,0.004666781
54,42,0.0,-0.00060630543
54,43,0.0,-0.0013225214
54,44,0.151611112957616,0.005284129
54,45,0.0,0.0009516715
54,46,-0.155321332002927,0.006826768
54,47,0.0,0.0013355918
54,48,0.0,0.00030632364
54,49,0.0,0.0041578184
54,50,0.0,0.0067013507
54,51,0.0,0.005801777
54,52,0.0,0.0059776236
54,53,0.0,-0.0043091844
54,54,0.0,-0.021707198
54,55,0.0,0.0026700138
54,56,0.0,0.007849446
54,57,0.0,0.0030609206
54,58,0.0,0.0005126768
54,59,0.0,-0.0029846393
54,60,0.0,0.00016318588
54,61,0.0,-0.0152028445
54,62,0.0,-0.002245687
54,63,0.0,0.0019524414
54,64,0.0,-0.0013999087
54,65,0.0,0.0018044859
54,66,0.0,0.006163307
54,67,0.0,0.00084631424
54,68,0.0,0.005017674
54,69,0.165733928788384,0.005270742
54,70,0.0,-0.002621803
54,71,0.0,0.0016110209
54,72,0.0,-0.00095192855
54,73,0.0,0.0020698383
54,74,0.0,-0.004042775
54,75,0.0,-0.004575415
54,76,0.0,0.004180415
54,77,0.0,0.0058911745
54,78,0.0,0.0006623685
54,79,0.0,0.005634855
54,80,0.0,0.00020932266
54,81,0.0,0.0034547378
54,82,0.0,0.006752103
54,83,0.0,0.0018920326
54,84,0.0,-0.001890688
54,85,0.0,-0.0007998296
54,86,0.0,0.004891308
54,87,0.0,0.00068097585
54,88,0.0,-0.0013979664
54,89,0.0,-0.0012349836
54,90,0.163622887784651,0.005812731
54,91,0.0,0.00096537126
54,92,0.0,-0.0036989604
54,93,0.0,0.001810661
54,94,0.0,-0.0036931322
54,95,0.0,0.004579485
54,96,0.0,-0.0048452048
54,97,0.0,0.0017296756
54,98,0.0,-0.0039892676
54,99,0.0,-0.0011664861
54,100,0.0,0.0076849884
55,1,0.0,-0.0068639712
55,2,0.0,-0.0006324261
55,3,0.151704647891006,0.0024638167
55,4,0.0,0.0017730878
55,5,0.0,0.004786962
55,6,0.151834929003071,-0.0052916114
55,7,0.0,-0.0013046819
55,8,0.0,-0.009004667
55,9,0.0,0.003539503
55,10,0.0,0.001862986
55,11,-0.157221747507194,0.0057569514
55,12,0.0,0.0041011404
55,13,0.0,0.0068955333
55,14,0.0,-0.0035096756
55,15,0.0,-0.019829795
55,16,0.0,-0.0036287098
55,17,0.0,0.00038427184
55,18,0.0,0.0034161774
55,19,0.0,0.0048909974
55,20,0.0,0.0035749278
55,21,0.0,-0.013330312
55,22,0.0,-0.005744794
55,23,0.0,0.0025108429
55,24,0.156616028709755,-0.004770123
55,25,0.167003403435028,0.008087715
55,26,0.0,0.0136351865
55,27,0.0,-0.009133257
55,28,0.0,0.004512604
55,29,0.0,-0.0013417671
55,30,0.0,0.0061552436
55,31,0.155614452575177,0.004440065
55,32,0.0,-0.00052540656
55,33,0.0,-0.0043315706
55,34,0.0,-0.0010448857
55,35,0.0,-0.010299087
55,36,0.0,0.007949052
55,37,0.0,-0.0052958736
55,38,0.0,0.0024449965
55,39,0.0,0.00039913738
55,40,0.0,-2.663536e-05
55,41,0.0,-0.0142004285
55,42,0.0,0.0041576778
55,43,0.0,0.007634131
55,44,0.0,-0.0044866153
55,45,0.0,0.0015824442
55,46,0.0,0.008095618
55,47,0.0,0.0069738817
55,48,0.0,-0.0016983524
55,49,0.0,0.008141678
55,50,0.0,0.00607131
55,51,0.0,0.008937869
55,52,0.0,0.008891774
55,53,0.0,0.008462794
55,54,0.0,0.005801311
55,55,0.0,-0.021707198
55,56,0.0,0.004763166
55,57,0.0,-0.0066697816
55,58,0.0,0.005707164
55,59,0.0,-0.0071371603
55,60,0.0,0.0062508085
55,61,0.0,0.0068348483
55,62,0.0,-0.004539978
55,63,0.0,-0.0030706301
55,64,0.0,0.0012492076
55,65,0.0,0.0019997656
55,66,0.0,-0.0007948801
55,67,0.0,0.008097252
55,68,0.0,0.0056788125
55,69,0.0,-0.005096411
55,70,0.0,0.008202536
55,71,0.0,-0.0035882308
55,72,0.150883407018051,0.0036460734
55,73,0.0,0.001582677
55,74,0.0,-0.002921578
55,75,0.0,-0.0032079448
55,76,-0.15608009928859,-0.0048863487
55,77,0.0,0.006114161
55,78,0.0,-0.00072039245
55,79,0.0,-0.005608853
55,80,0.0,-0.00084119523
55,81,0.0,0.0025573676
55,82,0.141394343283481,-0.016747467
55,83,0.0,0.008149752
55,84,0.0,0.0015944294
55,85,0.0,-0.0041402215
55,86,0.0,-0.019688845
55,87,0.0,-0.011331035
55,88,0.0,0.007898664
55,89,0.145224999726671,0.004867037
55,90,0.0,-0.022127895
55,91,0.0,0.0033029844
55,92,0.0,0.0045380252
55,93,-0.146739810431563,0.0051752455
55,94,0.0,0.012339314
55,95,0.0,-0.006874087
55,96,-0.15970761701582,0.00480309
55,97,0.0,0.0075220517
55,98,0.0,-0.002999961
55,99,0.0,-0.007463453
55,100,0.0,-0.009358128
56,1,0.0,0.0011118243
56,2,0.0,0.0015574484
56,3,0.0,0.0059947358
56,4,0.0,-0.0041846037
56,5,0.0,0.0038370532
56,6,0.0,0.0030666324
56,7,0.0,0.0042180275
56,8,0.0,0.0070733395
56,9,0.0,0.0071177282
56,10,0.0,0.0026861862
56,11,0.0,0.0067605204
56,12,0.148426380291677,0.00029657944
56,13,0.0,0.0058262595
56,14,0.0,0.0033214386
56,15,0.0,-0.008995613
56,16,0.0,0.0038864221
56,17,0.0,-0.0023942324
56,18,0.154012975937562,0.007867733
56,19,0.0,6.5485016e-05
56,20,0.0,7.5288117e-06
56,21,0.0,0.00085068727
56,22,0.0,2.917694e-05
56,23,-0.150510580546718,0.0021445374
56,24,0.0,0.0036771824
56,25,0.0,0.0040063886
56,26,0.0,0.00106479
56,27,0.0,0.010586033
56,28,0.0,0.011354243
56,29,0.156861214357645,-0.0016070255
56,30,0.0,0.005151829
56,31,0.0,0.0045149634
56,32,0.0,0.0045158234
56,33,0.0,-0.0040449775
56,34,0.0,-0.004514931
56,35,0.145061967366415,-0.0006387038
56,36,0.0,0.0032380368
56,37,0.0,-0.00472782
56,38,0.0,0.006213928
56,39,0.0,0.00837449
56,40,0.0,0.002310892
56,41,0.0,-0.007731237
56,42,0.0,-0.0030882796
56,43,0.0,0.0028190734
56,44,0.0,0.007191487
56,45,0.0,-0.001674606
56,46,0.0,-0.004406908
56,47,0.0,-0.0033162162
56,48,0.0,0.0016233916
56,49,0.0,0.007433168
56,50,0.0,0.0016658437
56,51,0.0,0.0016918038
56,52,0.0,0.0060759853
56,53,0.0,0.005200198
56,54,-0.154240040317781,0.0068714176
56,55,0.0,0.0041783513
56,56,0.0,-0.021707198
56,57,0.161898585900732,-0.00083627144
56,58,0.0,0.007925186
56,59,0.0,0.0051752874
56,60,0.0,0.001287187
56,61,0.0,0.00012395065
56,62,0.0,0.004711779
56,63,0.0,0.0028656642
56,64,0.0,0.0044341455
56,65,0.0,-0.00491938
56,66,0.0,0.0048416336
56,67,0.0,0.0021905187
56,68,0.0,-0.0006282781
56,69,0.0,-0.005760278
56,70,0.0,0.0067165014
56,71,0.0,-0.0012739659
56,72,0.0,0.0052849767
56,73,0.0,0.0007064792
56,74,0.0,-0.00020305021
56,75,0.0,-0.004641944
56,76,0.0,0.0047821114
56,77,0.148808017431133,0.0012454244
56,78,0.0,-0.00071313337
56,79,0.0,0.00054464815
56,80,0.0,-0.0032907357
56,81,0.0,0.0004543136
56,82,0.144092553316168,0.004100447
56,83,0.0,-0.0035880995
56,84,0.0,-0.00865378
56,85,0.0,0.0010123202
56,86,0.0,0.00679622
56,87,0.0,-0.004509933
56,88,0.0,0.0014460485
56,89,0.0,-0.004776769
56,90,0.0,-0.007936474
56,91,-0.1615695586515,0.00507733
56,92,0.0,-0.0076128417
56,93,0.0,-0.0074303015
56,94,0.0,0.0062506073
56,95,0.139839445002633,0.0042449073
56,96,0.0,-0.0034578778
56,97,0.0,0.006737663
56,98,0.0,0.0034411647
56,99,0.0,0.0066515286
56,100,0.0,0.0030417992
57,1,0.0,0.003630092
57,2,0.0,-0.0003005038
57,3,0.0,0.0052216304
57,4,0.0,0.0032399087
57,5,0.0,0.0013886048
57,6,0.0,0.003486731
57,7,0.0,0.0064077736
57,8,0.0,0.0028527756
57,9,0.0,0.0018270346
57,10,0.0,0.0010232553
57,11,0.0,-0.012007903
57,12,0.0,0.00091492315
57,13,0.163090363144999,0.008378586
57,14,0.0,-0.0028146296
57,15,0.0,-0.011934541
57,16,0.0,0.0028304928
57,17,0.0,-0.008508207
57,18,0.0,0.0074709975
57,19,0.16278665961142,0.0044183903
57,20,0.0,-0.012738969
57,21,0.0,-0.0011026808
57,22,0.0,0.0064110993
57,23,0.0,-0.0029089886
57,24,0.0,0.0034458633
57,25,0.0,0.002853461
57,26,0.0,-0.0040721786
57,27,0.0,0.0048010023
57,28,0.0,0.0010298851
57,29,0.0,-0.0054947184
57,30,0.0,-0.0036108275
57,31,0.0,0.0039438144
57,32,0.0,-0.009281972
57,33,0.0,0.003349178
57,34,0.0,0.005094737
57,35,0.0,0.005533994
57,36,0.0,0.0030965628
57,37,0.0,-0.004102923
57,38,-0.157707825426632,-0.0038267584
57,39,0.0,0.0069317794
57,40,0.0,0.005552619
57,41,0.0,0.004002038
57,42,0.0,0.005783968
57,43,0.0,0.0040505594
57,44,0.0,0.0019172952
57,45,0.0,0.0033645807
57,46,0.0,0.005140944
57,47,0.0,0.00022335304
57,48,-0.179382747092923,6.6231005e-06
57,49,-0.157326766991916,0.00033546286
57,50,0.0,-0.0072602476
57,51,0.0,0.006200954
57,52,0.0,0.0072159474
57,53,0.0,-0.003978675
57,54,-0.159893476577151,0.0025968817
57,55,0.0,-0.008584021
57,56,0.0,-0.002439435
57,57,0.755157912848517,-0.021707198
57,58,0.0,0.00055661565
57,59,0.0,0.005562085
57,60,0.0,-0.0028175558
57,61,0.0,-0.0035960856
57,62,0.172084846041189,-0.0038366527
57,63,0.160699563773335,-0.0049055493
57,64,0.0,0.001508204
57,65,0.0,0.004846807
57,66,0.0,0.0047102324
57,67,0.0,-0.0053413752
57,68,-0.192734443691419,0.004094597
57,69,0.0,0.0028727115
57,70,0.0,0.00799631
57,71,0.0,0.0028850217
57,72,0.0,0.0006958705
57,73,0.0,-0.0016811225
57,74,0.0,0.00530957
57,75,0.0,-0.0039904
57,76,0.0,0.004437599
57,77,0.0,0.0074786157
57,78,0.0,0.005510449
57,79,0.156190775243689,-0.0074894964
57,80,0.0,0.005220677
57,81,0.0,0.0010337229
57,82,0.0,0.001556084
57,83,0.0,0.0024170666
57,84,-0.161642021485008,0.009159012
57,85,0.0,-0.0024536839
57,86,0.0,0.000618062
57,87,-0.153448790849335,-0.00078988576
57,88,0.0,0.003292183
57,89,0.0,-6.985804e-05
57,90,0.0,-0.0043597547
57,91,0.0,0.004794143
57,92,0.0,0.003935476
57,93,0.0,0.006515729
57,94,0.0,-0.0026679235
57,95,0.0,0.00064277183
57,96,0.0,-0.0053187297
57,97,0.0,-0.0028374814
57,98,0.0,0.006589481
57,99,0.0,0.0048176884
57,100,0.0,0.008354954
58,1,0.0,0.00075193355
58,2,0.0,0.002713414
58,3,0.0,0.0049589467
58,4,0.0,0.005294152
58,5,0.0,-0.0019265648
58,6,0.0,-0.0037094462
58,7,0.0,0.0018247538
58,8,0.0,-0.010058062
58,9,0.0,0.007008918
58,10,0.0,0.0080540385
58,11,0.0,0.00502909
58,12,0.0,-0.0033994364
58,13,0.0,-0.0012888336
58,14,0.0,0.007396947
58,15,0.0,0.00756113
58,16,0.0,0.0053753587
58,17,0.0,0.00012279814
58,18,0.155104673381637,0.011079403
58,19,0.0,-0.0035821148
58,20,0.0,0.005018734
58,21,0.0,0.0040863445
58,22,0.0,-0.0029738205
58,23,0.0,-0.003132518
58,24,0.0,-0.0034512626
58,25,0.0,0.0021234252
58,26,0.0,-0.004155143
58,27,-0.147517009430632,-0.006131596
58,28,0.0,0.008825233
58,29,0.0,0.0033756867
58,30,0.0,0.0056964806
58,31,0.0,0.003882178
58,32,0.0,0.002143092
58,33,0.0,0.004101087
58,34,0.0,0.0021216003
58,35,0.0,-0.0033463426
58,36,0.0,0.000339363
58,37,0.0,0.0006458424
58,38,0.0,-0.00026839343
58,39,0.0,0.0006109397
58,40,0.0,0.0066797663
58,41,0.0,0.008205252
58,42,0.0,0.0014844886
58,43,0.151038813395937,-0.0037285532
58,44,0.0,0.004195441
58,45,0.0,0.006407833
58,46,0.15168291700951,0.0028251451
58,47,0.0,0.0062340717
58,48,0.0,0.0076981517
58,49,0.0,0.0067062736
58,50,0.0,0.0028218427
58,51,0.0,0.0013052167
58,52,0.0,0.0060410486
58,53,0.0,-0.0032890239
58,54,0.0,-0.0015191115
58,55,0.0,0.0051235356
58,56,0.0,0.007984294
58,57,0.0,-0.001673766
58,58,0.866622107336298,-0.021707198
58,59,0.0,0.004430654
58,60,0.150098634793975,-0.0036508278
58,61,0.0,0.0010168054
58,62,0.0,0.0017417851
58,63,0.0,0.0046183616
58,64,0.0,-0.0075884894
58,65,0.0,0.001607486
58,66,0.0,-0.0007028773
58,67,0.0,0.003140789
58,68,0.0,-0.0026831708
58,69,0.0,-0.0002479949
58,70,0.0,0.0058683944
58,71,0.0,-0.0029239333
58,72,0.0,0.0021203416
58,73,0.0,-0.0009742896
58,74,0.0,0.0073217736
58,75,0.0,0.0021343008
58,76,0.0,0.007957498
58,77,0.0,0.005705971
58,78,0.0,0.004398137
58,79,0.142926301635789,-0.0024426873
58,80,0.0,-0.004205891
58,81,0.148229293483783,0.004125277
58,82,0.0,-0.0021738796
58,83,0.0,0.005814376
58,84,0.0,0.0012428104
58,85,0.0,0.004790793
58,86,0.0,0.012559345
58,87,0.0,-0.0038573914
58,88,0.160779249107324,0.0018135146
58,89,0.0,-0.0035919365
58,90,0.14905794369231,0.0038909512
58,91,0.0,0.00805366
58,92,0.148071854946066,-0.0017219305
58,93,0.0,0.0030625123
58,94,0.0,-0.0042967903
58,95,0.0,0.0035841772
58,96,0.0,-0.0028058323
58,97,0.0,0.00046106987
58,98,0.0,-0.0027238415
58,99,0.0,0.006029597
58,100,0.0,0.0038974532
59,1,0.0,0.0046223975
59,2,0.0,0.0035114912
59,3,0.0,0.0065403604
59,4,0.0,0.0015429372
59,5,0.0,-0.0029573296
59,6,0.0,-0.001012391
59,7,0.0,0.002424798
59,8,0.0,-0.001922762
59,9,0.0,-0.0057506077
59,10,0.0,0.00318067
59,11,0.0,0.0040268567
59,12,0.0,-0.0038442812
59,13,0.0,-0.0055919853
59,14,0.0,-0.0041039763
59,15,0.156270614425049,-0.00016914797
59,16,0.0,0.002155094
59,17,0.0,0.0032405779
59,18,0.0,0.0036258106
59,19,0.0,0.00035764417
59,20,0.0,0.00020413985
59,21,0.0,-0.0037841634
59,22,0.0,-0.0008783194
59,23,0.0,0.0018119081
59,24,0.0,0.007154156
59,25,0.0,0.005959395
59,26,0.0,-0.0069328942
59,27,0.153106762608298,0.0029967953
59,28,0.0,-0.0084029585
59,29,0.163959059247853,0.0031434246
59,30,0.0,0.0047665327
59,31,0.0,0.00475066
59,32,0.0,-0.0041086883
59,33,0.0,0.0008950406
59,34,-0.153810578183947,0.0068754056
59,35,0.151625905737361,0.003817352
59,36,0.0,-0.0041438364
59,37,0.0,0.0069064847
59,38,0.0,-0.0005123317
59,39,0.0,0.001073149
59,40,0.0,0.0040300083
59,41,-0.149273526260613,0.004966276
59,42,0.0,0.0005473159
59,43,0.156762015692332,-0.0040041567
59,44,0.0,0.0064533367
59,45,0.0,0.004427112
59,46,0.0,0.004153474
59,47,0.0,-0.00064928364
59,48,0.0,-0.0040359083
59,49,0.0,0.0074013504
59,50,0.0,0.0036406792
59,51,0.0,-0.00049515674
59,52,0.0,-0.0013224259
59,53,0.0,0.0111881215
59,54,0.0,-0.0031165457
59,55,0.0,0.0018566423
59,56,0.0,0.0037872274
59,57,0.16206475809042,0.005988358
59,58,-0.157442704280869,0.0071026613
59,59,0.0,-0.021707198
59,60,0.0,-0.002715602
59,61,0.0,0.006114667
59,62,0.0,-0.001125929
59,63,0.0,0.0032876679
59,64,0.0,-3.9161183e-05
59,65,0.0,-0.004467471
59,66,0.0,0.0005202298
59,67,0.0,0.0043451176
59,68,0.179331530131734,0.0029775533
59,69,0.0,0.004227243
59,70,0.0,0.006464044
59,71,0.0,0.003195825
59,72,0.0,0.004911305
59,73,0.0,0.004491782
59,74,0.0,0.008343473
59,75,0.0,0.0020565116
59,76,0.0,-0.00019592629
59,77,0.0,0.0015035523
59,78,0.0,0.0015759454
59,79,0.0,0.002052621
59,80,0.0,-0.012456825
59,81,0.0,0.0027398672
59,82,0.0,0.0038705482
59,83,0.0,0.0028430182
59,84,0.0,0.004650952
59,85,0.0,-0.00015725102
59,86,0.0,0.005408397
59,87,0.0,-0.0031683105
59,88,0.0,-0.006295131
59,89,0.0,0.006063946
59,90,0.0,-0.0045762
59,91,0.0,-0.0017124708
59,92,-0.150561197709002,0.008096516
59,93,0.0,-0.0006316118
59,94,0.0,0.0051667374
59,95,0.0,0.0010014293
59,96,0.0,-0.0050964695
59,97,0.0,0.000658717
59,98,0.148989249225922,0.00070289616
59,99,0.0,-0.0030180519
59,100,0.0,-0.0011886735
60,1,0.0,0.0058756177
60,2,0.0,0.0066686035
60,3,0.0,0.0020937528
60,4,0.0,0.0052268235
60,5,0.0,0.001359836
60,6,0.0,0.006478774
60,7,0.0,0.003551837
60,8,0.0,0.004688521
60,9,0.0,-0.0076660435
60,10,0.0,0.0073591177
60,11,-0.147597532808919,0.0021954766
60,12,0.140348767711676,-0.010999398
60,13,0.0,0.0016688756
60,14,0.0,0.0047434955
60,15,0.0,0.0034438525
60,16,0.0,0.0023311754
60,17,0.0,-0.002538122
60,18,0.0,-0.0051014656
60,19,0.0,0.003806783
60,20,0.0,0.0014434676
60,21,0.0,0.0008388362
60,22,0.0,0.0048164316
60,23,0.142319542292882,-0.0008250873
60,24,0.0,-3.5393517e-05
60,25,0.0,0.006716414
60,26,-0.141399126073118,0.003447426
60,27,0.0,0.006145949
60,28,0.0,0.0052714422
60,29,0.0,0.0002842187
60,30,0.0,0.006610463
60,31,0.0,-0.007150833
60,32,0.0,0.0030024587
60,33,0.0,-0.0039602793
60,34,0.0,0.0076749404
60,35,0.0,-0.0039888774
60,36,0.0,-0.0035360209
60,37,0.0,0.0024255696
60,38,-0.143852407792184,0.0049760696
60,39,-0.136029680110187,-0.0039361524
60,40,-0.138262654295417,0.005488452
60,41,0.0,0.0024992637
60,42,0.0,-0.013709279
60,43,-0.141813802358009,0.0004413207
60,44,0.0,-0.0035798578
60,45,0.0,0.00038494333
60,46,0.0,0.0018435889
60,47,0.0,-0.0002837386
60,48,0.0,0.0051726117
60,49,0.0,0.0023470744
60,50,0.0,0.0031806682
60,51,0.0,0.0070048817
60,52,0.0,0.002806055
60,53,0.0,-0.0046511437
60,54,0.0,0.0008396951
60,55,0.0,0.006237062
60,56,0.0,0.0014212825
60,57,0.0,-0.0014184802
60,58,0.0,-0.004494078
60,59,0.0,-0.0028859903
60,60,0.0,-0.021707198
60,61,0.0,-0.004183292
60,62,0.0,-0.0028948612
60,63,0.0,-0.0047661806
60,64,0.0,-0.0033696792
60,65,0.0,-0.0001267842
60,66,0.0,0.0019929125
60,67,0.0,-0.0051844832
60,68,0.0,0.002439349
60,69,0.0,0.004010963
60,70,0.0,0.0030436297
60,71,0.0,0.0019944175
60,72,0.0,0.0067754094
60,73,0.0,0.003097117
60,74,0.0,0.0069103087
60,75,0.0,0.0019816482
60,76,0.0,-0.0002764347
60,77,0.0,0.0059353183
60,78,0.0,0.0067669465
60,79,0.0,0.0073626568
60,80,0.0,-0.0073752194
60,81,0.0,0.007241883
60,82,0.0,-0.013521805
60,83,0.0,0.0041962084
60,84,0.0,0.006827871
60,85,0.0,-0.004654774
60,86,-0.152160031020975,-0.002996753
60,87,-0.146925605249416,-0.0068847607
60,88,0.0,-0.0007925951
60,89,0.0,0.0065225656
60,90,0.0,-0.005592497
60,91,0.0,0.0067375074
60,92,0.0,-0.0018779649
60,93,0.0,0.007220877
60,94,0.0,0.011113932
60,95,0.0,-0.0053740977
60,96,0.0,0.003064429
60,97,0.0,0.005251912
60,98,0.153317465065868,-0.0020223549
60,99,0.0,0.0068790917
60,100,-0.168345204270784,0.0015483736
61,1,0.0,0.003225653
61,2,0.0,0.0027979752
61,3,0.0,0.003292975
61,4,0.0,-0.0019615763
61,5,0.0,0.0013825479
61,6,0.149484365811155,-0.002907537
61,7,0.0,0.0025081811
61,8,0.0,-0.004652641
61,9,0.152396108285883,-0.0013855817
61,10,-0.147088974595595,0.0060286107
61,11,0.0,0.0065573133
61,12,0.0,-0.00036150706
61,13,0.156009051132601,0.00843556
61,14,0.0,0.005002883
61,15,0.148256104917657,-0.0013029596
61,16,-0.155319592495456,0.005161259
61,17,0.0,0.0069866343
61,18,0.0,-0.00444097
61,19,0.0,0.0012444567
61,20,0.0,0.0040744795
61,21,0.0,-0.0010151053
61,22,0.0,0.006890493
61,23,0.0,0.00035841996
61,24,0.0,-0.0004234003
61,25,0.0,0.0061950893
61,26,0.0,-0.0012116497
61,27,0.0,0.005426926
61,28,0.0,-0.00045567704
61,29,0.0,0.0024971305
61,30,0.0,0.0015109931
61,31,0.0,-0.00021366449
61,32,0.0,0.0030898438
61,33,0.0,-0.0043590413
61,34,0.0,-0.0033989316
61,35,0.0,0.004239744
61,36,0.0,-0.00039593363
61,37,0.0,0.006357292
61,38,0.0,0.0024625799
61,39,0.0,0.0017038388
61,40,0.0,0.0054878592
61,41,0.0,-0.0054001277
61,42,0.0,-0.0032028076
61,43,0.148722304133083,0.0026923888
61,44,0.0,-0.005720934
61,45,0.0,-0.00055200094
61,46,0.0,0.0027427697
61,47,0.153947651851257,0.006506162
61,48,0.0,0.005074672
61,49,-0.150495707795726,-0.005178356
61,50,0.0,0.0013293768
61,51,0.0,-0.00045744842
61,52,0.0,-0.0038270461
61,53,0.0,0.0039374144
61,54,0.0,-0.00750617
61,55,0.0,0.006810323
61,56,0.0,0.00056513445
61,57,0.0,-0.004736274
61,58,0.0,0.00022633304
61,59,0.0,0.0058271964
61,60,0.0,-0.0040987246
61,61,0.0,-0.021707198
61,62,0.0,-0.0049326736
61,63,0.0,0.00035473937
61,64,0.0,0.0031675077
61,65,0.0,0.0011657241
61,66,0.0,0.0013854844
61,67,0.0,-0.007360133
61,68,0.0,0.004339644
61,69,0.0,-0.00066382857
61,70,0.0,0.006452097
61,71,0.0,0.002822163
61,72,0.0,-0.005405225
61,73,0.0,0.0039262087
61,74,0.0,0.00095922826
61,75,0.0,0.00319226
61,76,0.0,-0.0011737063
61,77,0.0,0.0035818894
61,78,0.0,0.0015078005
61,79,0.146635238207817,-0.00357817
61,80,0.154059264351067,-0.000104516745
61,81,-0.152075842658818,0.005482646
61,82,0.0,-0.0028327662
61,83,0.0,0.0009808592
61,84,0.0,0.003486623
61,85,0.0,-0.0018010326
61,86,0.0,-0.0022717437
61,87,0.0,0.0054762335
61,88,0.0,-0.00019034138
61,89,0.0,0.0071546226
61,90,0.152925996334717,0.0064667533
61,91,0.160503830147878,-0.005130939
61,92,0.0,0.007540487
61,93,0.0,0.0032644048
61,94,-0.149963626883085,0.0069990125
61,95,0.0,-0.0047744233
61,96,0.0,0.0076741218
61,97,0.0,0.00039967685
61,98,0.0,-0.00083753606
61,99,0.0,0.00028294814
61,100,0.0,0.001892746
62,1,0.146821385658509,0.004583325
62,2,0.0,0.006882098
62,3,0.0,0.0048586507
62,4,0.0,0.0069445563
62,5,0.0,0.0071339575
62,6,0.0,0.0058157644
62,7,0.144033817137718,-0.00047538523
62,8,0.0,0.007113202
62,9,0.0,-0.0033567613
62,10,0.0,-0.00011505606
62,11,0.0,0.00662591
62,12,0.0,0.0013027203
62,13,0.0,-0.0007470413
62,14,0.0,-0.0043893023
62,15,0.0,-0.0017187321
62,16,0.0,0.0010215347
62,17,0.0,0.007046146
62,18,0.0,-0.0034249914
62,19,0.0,-0.0024192147
62,20,0.0,0.00055126124
62,21,0.0,-0.004317921
62,22,0.0,-0.002922201
62,23,0.0,-0.0044651804
62,24,0.0,-0.0022823506
62,25,-0.159604872240718,0.0061826888
62,26,0.0,-0.004600501
62,27,0.0,0.008280616
62,28,0.0,0.0034149708
62,29,0.0,0.00020374497
62,30,0.0,0.0013964539
62,31,0.0,0.0043692426
62,32,0.0,0.0059612193
62,33,0.0,0.0031562075
62,34,0.0,-0.005510864
62,35,0.0,-0.001684472
62,36,0.0,0.0040471544
62,37,0.0,0.008370528
62,38,0.0,0.0069166725
62,39,0.0,-0.0029227692
62,40,0.0,0.0061776
62,41,0.137472173380177,-0.0031267218
62,42,0.0,0.0024106596
62,43,0.0,0.0006049727
62,44,0.0,0.006183296
62,45,0.0,-0.004343184
62,46,0.0,0.0023927283
62,47,0.0,0.007740513
62,48,0.0,0.0017892267
62,49,0.0,0.0069103944
62,50,0.0,0.0030676853
62,51,0.0,0.0019416511
62,52,0.0,-0.0035220128
62,53,0.0,0.008464957
62,54,0.0,-0.0027363864
62,55,0.0,-0.004736939
62,56,0.0,0.004162348
62,57,0.0,-0.004566133
62,58,0.0,0.0037497487
62,59,0.0,-4.7027133e-05
62,60,0.0,-0.0030544568
62,61,0.0,-0.005141223
62,62,0.0,-0.021707198
62,63,0.0,-0.004111745
62,64,0.0,0.0049987105
62,65,0.0,0.0024631172
62,66,0.0,-0.0011501957
62,67,0.0,0.0041216495
62,68,0.0,0.0037596882
62,69,0.0,0.0048536346
62,70,-0.158903850497162,0.008039605
62,71,0.0,0.008007251
62,72,0.0,0.00808008
62,73,-0.163597300981607,-0.0025382931
62,74,0.15902573151864,0.005576966
62,75,0.0,0.007091709
62,76,0.0,0.0025128354
62,77,0.0,0.0062883063
62,78,0.0,0.004302732
62,79,0.0,0.007535896
62,80,0.0,0.0052922475
62,81,0.0,0.0026994678
62,82,0.0,0.0011650627
62,83,0.0,-0.0046065706
62,84,0.0,-0.0047260406
62,85,0.0,0.0039761695
62,86,0.0,-0.003909119
62,87,0.0,-0.006563499
62,88,0.0,0.0017907764
62,89,0.0,0.008070804
62,90,0.0,-0.011512345
62,91,0.0,0.007409247
62,92,0.0,-0.0019095871
62,93,0.158948717408804,-0.00060886657
62,94,0.0,0.01030642
62,95,0.0,-0.0016211919
62,96,0.0,0.006794522
62,97,0.0,-0.0016649207
62,98,0.160847491052097,-0.0029031336
62,99,0.0,0.0066090343
62,100,0.0,0.0014958209
63,1,0.156285128618725,0.0021598153
63,2,0.0,0.0014045453
63,3,0.0,0.002716784
63,4,0.0,0.00011929916
63,5,0.0,0.006134897
63,6,0.0,-0.0021047613
63,7,0.0,-0.0029252442
63,8,0.0,0.0035313102
63,9,0.0,0.006054864
63,10,0.0,0.0036749444
63,11,0.0,0.0019042352
63,12,0.152086716543494,0.0032073292
63,13,0.0,-0.0058663413
63,14,0.0,-0.0041992865
63,15,0.0,0.0006894355
63,16,0.0,0.006432691
63,17,0.0,0.0070774914
63,18,0.0,0.004143356
63,19,0.0,0.0023094998
63,20,0.0,0.0049493858
63,21,0.0,-0.002092963
63,22,0.0,0.00517244
63,23,0.0,-0.008727575
63,24,-0.159325527998445,0.003064109
63,25,0.0,0.0048028985
63,26,0.0,0.000796292
63,27,0.0,-0.0039770934
63,28,0.0,0.00406956
63,29,0.0,0.002025825
63,30,0.0,-0.004888207
63,31,0.0,0.0007199219
63,32,0.0,-0.004310507
63,33,0.0,0.0024179122
63,34,0.0,0.0057086195
63,35,0.0,-0.0042963168
63,36,0.0,0.0015885844
63,37,0.0,-0.008903598
63,38,0.0,0.003139162
63,39,0.147406405754279,-0.004436149
63,40,0.149826132820608,0.00822847
63,41,0.0,0.0066067413
63,42,0.0,0.0064224773
63,43,0.0,0.0012170288
63,44,0.0,0.0026261616
63,45,0.0,0.012037143
63,46,0.0,0.019218348
63,47,0.159073613082317,0.0048931907
63,48,0.177307555632755,-0.0065019885
63,49,0.0,0.008051604
63,50,0.0,-0.0018953956
63,51,0.0,0.002351204
63,52,0.0,0.003237343
63,53,0.0,-0.00800469
63,54,0.0,0.0014083302
63,55,0.0,-0.0007414208
63,56,0.0,0.0034518414
63,57,0.0,-0.013573166
63,58,0.0,0.006199986
63,59,0.0,0.003682654
63,60,0.0,-0.0037180646
63,61,0.151974395123126,0.00030746567
63,62,0.0,-0.0030663176
63,63,0.0,-0.021707198
63,64,0.0,0.0012730011
63,65,0.0,0.0032236362
63,66,0.0,0.0067755585
63,67,-0.161595162288786,7.198332e-05
63,68,0.0,0.0016046129
63,69,0.154772740132983,-0.0012972145
63,70,0.0,0.005595206
63,71,0.0,0.0023516724
63,72,0.0,0.004764899
63,73,0.0,0.0043707606
63,74,0.0,0.004208079
63,75,0.0,-0.0042284047
63,76,0.0,-0.00265862
63,77,0.0,0.007987354
63,78,0.0,-0.00013938174
63,79,0.0,0.007010887
63,80,0.153933661682652,0.0025545037
63,81,0.0,-0.0025678664
63,82,-0.143025402798095,-0.008212393
63,83,0.0,-0.0013254546
63,84,0.0,-0.0061398144
63,85,0.0,0.007034249
63,86,0.0,0.0032050665
63,87,0.0,0.0044673444
63,88,0.0,0.0065048677
63,89,0.0,-0.0037386813
63,90,0.0,-0.00017881021
63,91,0.0,-0.01238385
63,92,0.0,0.003911
63,93,0.0,-0.0052865804
63,94,0.0,-0.0038411454
63,95,0.0,0.0017914507
63,96,0.0,-0.0077189184
63,97,0.0,0.011009099
63,98,0.0,0.004162185
63,99,0.0,0.0038948455
63,100,0.0,-0.0040735044
64,1,0.0,0.004291051
64,2,0.0,-0.00502265
64,3,0.0,-0.0051477137
64,4,0.0,0.005394393
64,5,0.0,-0.001685614
64,6,0.141067631565395,0.00047499407
64,7,0.0,0.0011165265
64,8,0.0,-0.0035995229
64,9,0.0,-0.0042170254
64,10,0.0,0.004890015
64,11,0.0,0.007030155
64,12,0.0,0.0042884094
64,13,0.0,-0.0048312666
64,14,0.0,0.0039517367
64,15,0.0,0.00054306816
64,16,0.0,0.0054406184
64,17,0.0,0.00039347052
64,18,0.0,0.0010267608
64,19,0.0,0.008186709
64,20,0.0,0.00040793652
64,21,0.0,-0.0018269996
64,22,0.138273396867281,-0.013882834
64,23,0.0,0.005989324
64,24,-0.145509681996928,-0.0011783135
64,25,0.0,-0.005251887
64,26,0.0,-0.0023120113
64,27,0.0,0.0017560921
64,28,0.0,0.0007615555
64,29,0.0,-0.0035120742
64,30,0.0,0.004487495
64,31,0.0,-0.004300727
64,32,0.0,-0.0048902645
64,33,0.0,0.004159737
64,34,0.0,0.00075140595
64,35,0.0,-0.016075
64,36,0.0,0.007526481
64,37,0.0,0.0056965803
64,38,0.0,0.0012029447
64,39,0.0,-0.00497076
64,40,0.0,0.005273417
64,41,0.0,0.0021327902
64,42,0.0,0.0010358482
64,43,0.140348477856918,-0.0048662657
64,44,0.0,-0.00024416903
64,45,0.0,0.0040033497
64,46,0.0,0.00790848
64,47,0.0,0.0019635037
64,48,0.0,0.006628536
64,49,0.0,-2.3399014e-05
64,50,0.0,-0.0007311711
64,51,0.0,-0.010213356
64,52,0.0,0.0049802535
64,53,0.0,0.008208793
64,54,0.0,-0.0015272861
64,55,0.0,0.0010585608
64,56,0.0,0.004300126
64,57,0.0,0.004082572
64,58,0.0,0.0035484969
64,59,0.0,-0.0018696417
64,60,0.0,-0.004038206
64,61,0.0,0.0031453646
64,62,0.0,0.0054612537
64,63,0.0,0.0018082452
64,64,0.0,-0.021707198
64,65,0.0,0.0013685501
64,66,0.0,0.0008036434
64,67,0.0,-0.00086132064
64,68,0.0,-0.001996128
64,69,0.0,0.0013479153
64,70,0.0,0.0037334668
64,71,0.0,-0.005616544
64,72,0.0,0.001379366
64,73,0.0,0.005068362
64,74,0.0,-0.003409551
64,75,0.0,0.001551568
64,76,0.0,0.0017257114
64,77,0.0,0.0033149133
64,78,0.0,0.001272778
64,79,0.0,-5.3617638e-05
64,80,0.0,-0.005059363
64,81,0.0,0.004172104
64,82,0.0,-0.006076598
64,83,0.0,0.006923937
64,84,0.0,0.0009192978
64,85,0.0,0.0013671401
64,86,-0.137371282403762,0.006657083
64,87,0.0,0.0025407975
64,88,0.0,-0.002891013
64,89,0.0,0.0069854944
64,90,0.0,0.0055537545
64,91,0.0,-0.0025195875
64,92,0.0,-0.0044393195
64,93,0.0,-0.008299498
64,94,0.0,0.0037699216
64,95,0.0,0.0066742427
64,96,0.0,0.0024766144
64,97,0.0,0.0026393211
64,98,0.0,0.00019523827
64,99,0.0,0.00081694964
64,100,0.0,-0.004344265
65,1,0.0,-0.0071090725
65,2,0.0,0.0052730716
65,3,0.0,0.003151136
65,4,0.0,0.0039875107
65,5,0.0,-0.0023554033
65,6,0.0,0.0070222677
65,7,0.0,0.0068910555
65,8,0.0,-0.0022928207
65,9,0.0,0.0042247185
65,10,0.0,-0.0004422816
65,11,0.0,0.00037330342
65,12,0.0,0.0028790198
65,13,0.0,-0.0003165768
65,14,0.0,-0.00014236895
65,15,0.0,0.0016653449
65,16,0.0,0.0031186575
65,17,0.164016981764854,0.0013841563
65,18,0.0,0.0051845736
65,19,0.0,0.0020597768
65,20,0.0,0.008203361
65,21,-0.160672788425661,-0.00012945989
65,22,-0.15632414518412,0.0025689574
65,23,-0.159235968676834,0.0034576152
65,24,0.0,0.007987073
65,25,0.0,0.004622786
65,26,0.0,0.003908234
65,27,0.0,0.003972544
65,28,0.0,-0.0022845059
65,29,0.0,-0.0023458833
65,30,0.0,-0.0049707787
65,31,0.0,0.00264897
65,32,0.0,0.0048654783
65,33,0.0,0.0036987863
65,34,0.0,-0.0014314097
65,35,0.0,0.0010418
65,36,0.0,0.0041636988
65,37,0.0,0.0001864261
65,38,0.160951034076147,-0.0061061988
65,39,0.0,-0.0011585378
65,40,0.0,0.003470196
65,41,0.0,0.005950145
65,42,0.0,-0.002018636
65,43,0.0,-0.0028725956
65,44,0.0,-0.00071571907
65,45,0.0,0.0033749784
65,46,0.0,-0.005722814
65,47,0.0,0.004438777
65,48,0.0,0.006302521
65,49,0.0,0.008129604
65,50,0.0,0.0022031064
65,51,0.0,0.0064883973
65,52,0.0,0.0025207358
65,53,0.0,0.011816224
65,54,0.0,0.0020245626
65,55,0.0,0.0010602642
65,56,0.0,-0.0048166756
65,57,0.0,0.0047840266
65,58,0.0,0.0013880373
65,59,0.0,-0.0043897326
65,60,0.0,0.0024826615
65,61,0.0,0.000458488
65,62,0.0,0.0022377954
65,63,0.0,0.005447546
65,64,0.0,0.006327038
65,65,0.0,-0.021707198
65,66,0.0,0.00085008005
65,67,0.0,-0.002053536
65,68,0.180860443066339,-0.007850191
65,69,0.0,0.0051727393
65,70,0.0,-0.0070687733
65,71,0.0,-0.0026907008
65,72,0.0,0.003405219
65,73,0.0,0.0012733904
65,74,0.0,0.0068404847
65,75,0.0,-0.0014769187
65,76,0.0,0.0070130485
65,77,0.147758842331539,-0.0041378103
65,78,0.0,-0.004217965
65,79,0.0,0.006261177
65,80,0.0,0.0076170354
65,81,0.0,-0.004116421
65,82,0.0,-0.0035807113
65,83,0.0,0.0055917096
65,84,0.0,0.0033071497
65,85,0.0,-0.0014833636
65,86,0.0,0.0074197385
65,87,0.0,0.0076986696
65,88,0.0,0.0065424046
65,89,0.0,0.0015654475
65,90,0.0,-0.0044758627
65,91,0.0,0.0048926217
65,92,0.151844825649152,-0.00023471331
65,93,0.0,0.007953025
65,94,0.0,0.0035801758
65,95,0.0,-0.0065819034
65,96,0.0,0.0016190764
65,97,0.0,-0.002663461
65,98,0.0,0.00195419
65,99,0.0,0.008082148
65,100,0.0,0.007182267
66,1,0.0,-0.002068556
66,2,0.0,-0.006810253
66,3,0.0,0.0017249729
66,4,0.0,0.0003028079
66,5,0.0,0.0074693817
66,6,0.0,-0.00078056986
66,7,0.0,0.0027790065
66,8,0.0,0.006650765
66,9,0.0,0.0020921626
66,10,0.0,0.006567667
66,11,0.0,0.003215124
66,12,0.0,0.0067874542
66,13,0.0,0.0016473727
66,14,0.0,0.0055126925
66,15,0.0,0.0027726074
66,16,0.164794810856283,0.0064545884
66,17,0.0,0.0049526733
66,18,0.0,-0.0070325467
66,19,0.0,0.0082590915
66,20,0.0,0.0074874074
66,21,0.0,-0.0034640483
66,22,0.0,0.0011876803
66,23,0.0,0.005435538
66,24,0.0,0.0061917384
66,25,0.0,0.0046334686
66,26,0.0,-0.005547793
66,27,0.154115716453622,0.0060476228
66,28,0.0,0.0014551827
66,29,0.0,-0.0038326303
66,30,0.0,0.0070034643
66,31,0.0,0.0025389385
66,32,0.0,0.0076163406
66,33,0.164082951359283,0.0060423235
66,34,0.154824170083263,-0.00051255
66,35,0.0,0.0039333007
66,36,0.0,0.0009779562
66,37,0.0,0.003949233
66,38,0.0,0.006298155
66,39,0.0,0.00011115754
66,40,0.0,0.0027766018
66,41,0.0,0.003403828
66,42,0.0,0.0041661346
66,43,0.0,0.0025090803
66,44,0.0,-0.0027601211
66,45,0.0,0.0033348626
66,46,0.0,0.007192966
66,47,0.0,0.00016928371
66,48,0.0,0.008108592
66,49,0.0,0.008175775
66,50,0.0,-0.0032044547
66,51,0.0,0.00051244535
66,52,0.155822231691933,-0.0039713243
66,53,0.0,0.0052409624
66,54,0.0,0.00671172
66,55,0.0,-0.0007773042
66,56,0.0,0.0044586184
66,57,0.0,0.0042381906
66,58,-0.158480231423343,-0.0018157145
66,59,-0.16448540588163,0.0007774737
66,60,0.0,0.0023522251
66,61,0.0,0.0015845294
66,62,0.0,-0.000650443
66,63,0.0,0.0073365164
66,64,-0.147263201759745,0.00092459423
66,65,0.0,0.0041880617
66,66,-0.162109959404916,-0.021707198
66,67,0.0,-0.00414155
66,68,0.0,8.552731e-05
66,69,0.0,-0.0029785521
66,70,0.0,0.0075769513
66,71,0.143262784274944,-0.0024732784
66,72,0.0,-0.0047109583
66,73,0.0,0.0012801834
66,74,0.0,0.003513468
66,75,0.0,0.0044753044
66,76,0.153847301024469,0.006902247
66,77,0.0,0.0064761858
66,78,0.0,-0.002632476
66,79,0.0,0.007031633
66,80,0.0,0.0046915603
66,81,0.148070047863438,0.0027584755
66,82,0.0,-0.0031454866
66,83,0.0,0.006768403
66,84,0.0,-0.011628136
66,85,0.0,0.0076086274
66,86,0.0,0.0074767466
66,87,0.0,0.003278959
66,88,0.0,-0.00025765365
66,89,0.0,0.0012361365
66,90,0.0,0.006927771
66,91,0.0,-0.0005378749
66,92,0.0,0.008113744
66,93,0.0,-0.00029990776
66,94,0.0,0.0012140172
66,95,0.0,-0.0046784114
66,96,0.0,0.002396701
66,97,0.0,0.0010239026
66,98,0.0,0.0043887333
66,99,0.0,-0.004529923
66,100,0.0,0.0058031236
67,1,0.0,0.0017978288
67,2,0.0,0.00043897307
67,3,0.0,0.0017363192
67,4,0.0,-0.004064556
67,5,0.0,0.0077511068
67,6,0.0,-0.008722618
67,7,0.0,-0.00028108782
67,8,0.0,0.0042383294
67,9,0.0,-0.011316584
67,10,0.0,0.001042685
67,11,0.0,-0.004838231
67,12,-0.133713284112915,-0.0011814851
67,13,0.0,0.0032493873
67,14,0.0,-0.004924634
67,15,0.0,0.0075291344
67,16,0.0,0.0052623823
67,17,0.0,0.0019658222
67,18,0.0,0.0027138465
67,19,0.0,-0.0045470605
67,20,0.0,-0.0027477946
67,21,0.0,-0.0039458163
67,22,0.0,0.004963972
67,23,0.0,0.0029330375
67,24,0.0,0.0013856676
67,25,0.0,-0.00051990943
67,26,0.0,0.007917831
67,27,0.0,0.0036194785
67,28,0.0,0.005856029
67,29,0.0,-3.325753e-06
67,30,0.0,0.0028202762
67,31,0.0,0.0054826424
67,32,0.0,0.003805656
67,33,0.0,-0.002445144
67,34,0.0,-0.0041259103
67,35,0.0,0.0006662898
67,36,0.0,0.0054667173
67,37,0.0,-0.0031515867
67,38,0.0,0.001363581
67,39,0.0,0.003090687
67,40,0.0,0.00071196794
67,41,0.0,-0.0019425801
67,42,0.0,-0.0024816426
67,43,0.0,0.0038618068
67,44,0.0,0.0072191074
67,45,0.0,0.0054135076
67,46,0.0,0.002345723
67,47,0.0,0.001716956
67,48,0.0,0.006344517
67,49,0.0,-0.0048496923
67,50,0.0,0.0042723236
67,51,0.0,0.0077911294
67,52,0.0,0.0057002637
67,53,0.127515035037974,-0.000725714
67,54,0.0,0.00047825137
67,55,0.0,0.0079877
67,56,0.0,0.0049622743
67,57,0.0,-0.005545746
67,58,0.0,-0.005989623
67,59,0.0,0.004638961
67,60,0.0,-0.0036980906
67,61,0.0,-0.007371153
67,62,0.0,0.004703179
67,63,0.0,6.4308755e-05
67,64,0.0,-0.0025967024
67,65,0.0,-0.0024412186
67,66,0.0,-0.0049760877
67,67,0.367898714961484,-0.021707198
67,68,0.0,-0.0010826647
67,69,0.0,0.004473874
67,70,0.159071142164168,-0.003060224
67,71,0.0,0.002739848
67,72,0.0,0.0029821405
67,73,0.0,-0.013720365
67,74,0.0,0.0014340056
67,75,0.0,-0.0017183933
67,76,0.0,0.004186896
67,77,0.0,0.0048192185
67,78,0.0,0.007879097
67,79,0.0,0.0019725095
67,80,0.0,-0.006246418
67,81,0.0,0.0014729365
67,82,0.0,0.005212859
67,83,0.0,0.005332014
67,84,0.0,-0.007878336
67,85,0.0,0.0014108012
67,86,0.0,0.005756889
67,87,0.0,-0.005963205
67,88,0.0,0.0067712576
67,89,0.0,-0.0038205544
67,90,0.0,-0.003986386
67,91,0.171915917446418,0.0055085975
67,92,0.0,0.00022947928
67,93,0.0,0.003112081
67,94,0.0,0.00030939886
67,95,0.0,-0.0020479525
67,96,0.0,0.0049447166
67,97,0.0,-0.00567253
67,98,0.0,-0.0011848053
67,99,0.0,0.0028623398
67,100,0.0,-0.004345593
68,1,0.0,0.0038117897
68,2,-0.161829118024268,-0.0087092705
68,3,0.0,0.0072273803
68,4,0.0,0.004414135
68,5,0.0,0.006124345
68,6,0.0,-0.004888583
68,7,0.0,0.0077738133
68,8,0.0,0.007733988
68,9,0.0,0.010381507
68,10,0.0,0.0066491836
68,11,0.161008452188232,-0.0005413871
68,12,0.0,0.004659449
68,13,0.0,0.0009101024
68,14,0.158854789912037,-0.0012603402
68,15,0.0,0.0026188497
68,16,0.0,0.0065645487
68,17,0.0,0.0060872217
68,18,0.0,0.005785635
68,19,0.0,-0.00050477823
68,20,0.167029271184833,7.309718e-06
68,21,0.0,0.00083072623
68,22,0.152411944442929,-0.00083565107
68,23,0.0,-0.0034311474
68,24,-0.160388144580772,0.0020001074
68,25,-0.171025700474487,0.0077702426
68,26,0.0,0.0054737017
68,27,0.0,-0.006546592
68,28,0.0,0.003087494
68,29,0.0,-0.0013789907
68,30,0.0,0.0035123476
68,31,0.0,-0.0042420733
68,32,0.0,0.001424175
68,33,0.0,0.01020164
68,34,0.0,-0.0010271445
68,35,0.0,-0.008307386
68,36,0.0,-0.004363801
68,37,0.0,0.0058272914
68,38,0.0,-0.0005732558
68,39,0.0,-0.004842187
68,40,0.0,-0.0014016652
68,41,0.0,0.00323646
68,42,0.0,0.0078968555
68,43,0.0,0.0051907008
68,44,0.0,-0.008516636
68,45,0.17324167787111,0.0068470077
68,46,0.0,0.0059490283
68,47,0.0,0.0033934223
68,48,0.178490102781064,0.0051807417
68,49,0.156543877634191,0.0051798047
68,50,0.0,0.004425612
68,51,0.0,-0.0035926052
68,52,0.0,-0.0043978738
68,53,0.0,0.0054729288
68,54,0.0,0.0035536517
68,55,0.0,0.005812966
68,56,0.0,0.001124551
68,57,0.0,0.00087192375
68,58,0.0,0.0009535686
68,59,0.0,0.0015051854
68,60,0.0,0.0023596715
68,61,0.0,0.003286356
68,62,0.0,0.00593249
68,63,0.0,0.0019948236
68,64,0.0,-0.00069910893
68,65,0.0,-0.010799957
68,66,0.0,-0.00012774533
68,67,0.0,-0.00045954785
68,68,0.0,-0.021707198
68,69,0.185626129080239,0.0005924932
68,70,0.0,0.011814976
68,71,0.0,-0.0044531417
68,72,0.0,0.0048895045
68,73,0.183228422022477,-0.007985484
68,74,0.0,0.0056853066
68,75,-0.19501618430194,-0.0043283845
68,76,0.0,-0.0057896567
68,77,0.0,-0.0035295258
68,78,0.0,0.004920671
68,79,0.0,-0.0010276563
68,80,-0.184619783359437,0.0066990308
68,81,0.0,-0.0025726757
68,82,0.0,0.00312217
68,83,0.0,-0.0071706376
68,84,0.0,-0.0068167304
68,85,0.0,0.0018023178
68,86,0.0,0.0045373454
68,87,-0.172638182983174,0.004363393
68,88,0.0,-0.00036727404
68,89,0.0,0.0016463529
68,90,0.0,0.0030122628
68,91,-0.192342748584961,-0.0017035939
68,92,0.0,0.007241922
68,93,0.0,0.003893476
68,94,0.0,-0.0009492901
68,95,0.0,0.007483004
68,96,0.0,-0.0047400226
68,97,0.0,0.0031820778
68,98,0.0,0.0039659576
68,99,-0.166052997358244,0.005828098
68,100,0.0,-0.0023032501
69,1,0.0,-0.0047855894
69,2,0.0,-0.003184575
69,3,0.0,0.0025996235
69,4,0.0,0.0007817168
69,5,0.135491572191634,-0.00595465
69,6,0.0,0.004656672
69,7,0.0,0.0069551063
69,8,0.0,0.0048593935
69,9,0.0,0.0054373755
69,10,0.0,0.002473604
69,11,0.0,0.00484681
69,12,0.0,-0.0013462869
69,13,0.0,0.0025046305
69,14,0.0,0.00066991476
69,15,0.0,0.0042568133
69,16,0.0,0.0059405495
69,17,0.0,0.00058553973
69,18,0.0,0.0077464026
69,19,0.0,-0.0010034828
69,20,-0.154789929190911,0.00096082874
69,21,0.0,-0.0036546509
69,22,0.0,0.0031141173
69,23,0.0,0.006727692
69,24,0.0,-0.0028231032
69,25,0.0,-0.0057581426
69,26,0.0,0.0024053645
69,27,0.0,0.0074817627
69,28,0.146856216625186,0.0048507173
69,29,0.0,-0.0043997704
69,30,0.0,0.0067210854
69,31,0.0,0.0049581956
69,32,0.0,0.003453503
69,33,0.0,0.0019900533
69,34,0.0,0.0064020013
69,35,0.0,0.0035150554
69,36,0.0,-0.001550334
69,37,0.0,-0.004646567
69,38,0.0,0.002572502
69,39,0.0,-0.0022298493
69,40,0.0,-0.0040387446
69,41,0.0,-0.0055624344
69,42,0.0,0.0026442655
69,43,0.0,0.006223683
69,44,0.0,0.00770516
69,45,0.0,0.0045123775
69,46,0.0,-0.010729335
69,47,0.0,-0.00027672714
69,48,0.0,-0.004764359
69,49,0.0,-0.00027895765
69,50,0.0,0.004224335
69,51,0.0,-0.0018563461
69,52,0.0,0.0014837817
69,53,0.0,0.0078762155
69,54,0.0,0.0028025913
69,55,0.144006917189637,-0.0038427091
69,56,0.0,-0.005561959
69,57,0.0,0.007264881
69,58,0.0,-0.0017426652
69,59,0.0,0.0043567247
69,60,0.0,0.004967844
69,61,0.0,-0.0012401617
69,62,0.0,0.0051612486
69,63,0.0,-0.0035467157
69,64,0.0,0.0014365448
69,65,0.0,0.0065672877
69,66,0.0,-0.003214721
69,67,0.0,0.0056589493
69,68,0.0,0.000593283
69,69,0.0,-0.021707198
69,70,0.0,0.00039015757
69,71,0.0,-0.005323118
69,72,0.0,0.002039906
69,73,0.0,0.004925046
69,74,0.0,-0.0018700999
69,75,0.0,0.0028845794
69,76,0.0,0.007579316
69,77,0.0,0.0017463393
69,78,0.0,-0.0014861804
69,79,0.0,0.00089945435
69,80,0.0,-0.004011885
69,81,0.0,-0.0018271403
69,82,0.146846704342549,0.0006100959
69,83,0.0,-0.0033012861
69,84,0.0,0.0016690702
69,85,0.0,0.007071568
69,86,0.153054584945236,0.004788973
69,87,0.0,0.0071518314
69,88,0.0,0.00042016152
69,89,0.0,-0.00054347655
69,90,0.0,0.004837996
69,91,0.0,-0.004678884
69,92,0.0,0.0035273074
69,93,0.0,0.0051224516
69,94,0.0,0.002308006
69,95,0.0,0.007763838
69,96,0.165866163189818,-0.0075358017
69,97,0.0,0.00401476
69,98,0.0,0.004797238
69,99,0.0,0.003430524
69,100,0.0,0.0046238997
70,1,0.0,-0.0020133122
70,2,0.0,-0.0028468147
70,3,0.0,0.0062915743
70,4,0.0,0.0019189222
70,5,0.0,-0.0012383205
70,6,0.0,0.0065417453
70,7,0.0,0.005126715
70,8,0.151012356546578,0.0056461827
70,9,0.0,-0.0004136362
70,10,0.0,0.006727413
70,11,0.0,0.007503765
70,12,0.0,0.007799541
70,13,0.0,0.0050652167
70,14,0.0,0.0050046947
70,15,0.0,0.00796991
70,16,-0.1506492107599,0.0077641164
70,17,0.149111246923326,-0.00076762727
70,18,0.0,-0.0011742592
70,19,0.0,-0.0016419147
70,20,0.0,0.004509107
70,21,0.0,0.0053700027
70,22,0.0,0.0039138333
70,23,0.0,-0.0023689237
70,24,0.0,0.0063246503
70,25,0.0,0.003951697
70,26,-0.143828498706766,-0.0035872343
70,27,-0.140886784776752,-0.0038010236
70,28,0.0,0.0020946036
70,29,0.0,-0.0068723815
70,30,0.0,-0.0042630783
70,31,0.0,0.0026740492
70,32,-0.134129945074963,0.0061595854
70,33,0.0,-0.0022229012
70,34,0.0,0.004888101
70,35,0.0,-0.0016372071
70,36,-0.15369920489969,0.0016431888
70,37,0.0,0.002530769
70,38,0.0,-0.013312675
70,39,0.0,0.005843925
70,40,0.0,0.0031020958
70,41,0.0,0.0002057685
70,42,-0.146443772697921,-0.0046037324
70,43,0.0,0.001089337
70,44,0.0,-0.0040972563
70,45,0.0,0.00075708725
70,46,0.0,0.006418899
70,47,0.0,-0.0040193177
70,48,0.0,-0.0044663046
70,49,0.0,-0.00042472733
70,50,0.0,-0.0044851163
70,51,0.0,-0.0025549936
70,52,0.0,0.0055301883
70,53,0.0,0.0035155131
70,54,0.0,-0.0034550433
70,55,0.0,0.008207304
70,56,0.0,0.0070481305
70,57,0.0,0.0072077266
70,58,0.0,0.0073114294
70,59,0.0,0.0065390137
70,60,0.0,0.004549656
70,61,0.0,0.0081450455
70,62,0.0,0.0078914985
70,63,0.0,0.007844346
70,64,0.0,0.0036704526
70,65,0.0,-0.0031270222
70,66,0.0,0.007699209
70,67,0.0,-0.004909931
70,68,0.148387712124823,0.008146757
70,69,0.0,0.00069548236
70,70,0.0,-0.021707198
70,71,0.144722223703831,-1.6962644e-05
70,72,0.0,-0.0042594825
70,73,0.0,-0.005481554
70,74,0.0,0.0005155499
70,75,0.0,0.0034309234
70,76,0.0,0.0019784234
70,77,0.0,0.0004893844
70,78,-0.158327258510594,0.0034501734
70,79,0.0,0.0029947013
70,80,0.0,-0.0057637985
70,81,0.0,-0.0009051324
70,82,0.0,0.0027702567
70,83,0.0,0.0038382541
70,84,0.0,-0.00407502
70,85,0.0,0.006591815
70,86,0.0,0.006709295
70,87,0.0,0.006709768
70,88,0.1622426434943,0.005143103
70,89,0.0,0.0021172236
70,90,0.150414652094324,-0.00091747474
70,91,0.0,0.0034301742
70,92,0.0,-0.0033947243
70,93,0.0,0.005320716
70,94,0.0,0.00021484913
70,95,0.0,0.00842171
70,96,0.0,-0.0031799464
70,97,0.0,-0.00446542
70,98,0.0,-0.004020714
70,99,0.0,0.0060711955
70,100,0.0,-0.00569797
71,1,0.0,0.0026588743
71,2,0.0,0.0050174864
71,3,0.0,0.0013136961
71,4,0.0,-0.0052280007
71,5,0.0,-0.00046010548
71,6,0.0,-0.0074124997
71,7,0.0,0.0026045018
71,8,0.0,-0.0034242016
71,9,0.0,0.00018228032
71,10,0.0,0.0018865643
71,11,0.0,0.0034632706
71,12,0.0,-0.002923151
71,13,0.0,0.008090332
71,14,-0.143990931861475,0.0030797585
71,15,0.0,0.0034146649
71,16,0.146444492589295,0.008195881
71,17,0.0,-0.0057992493
71,18,0.0,0.008329323
71,19,0.0,-0.005755583
71,20,0.0,0.003932277
71,21,0.0,0.003291098
71,22,0.0,0.005672457
71,23,0.0,-0.0054122605
71,24,0.0,0.0024128924
71,25,-0.155023024469197,-0.00048471533
71,26,0.0,-0.011921698
71,27,0.0,-3.4938566e-06
71,28,0.0,0.016034165
71,29,0.0,1.2169126e-05
71,30,0.0,0.003932393
71,31,0.0,0.006704439
71,32,0.130386290432273,0.003432687
71,33,0.0,-0.015026981
71,34,0.0,-0.0014536232
71,35,0.0,0.0038499073
71,36,0.0,0.0056295074
71,37,0.0,0.0010627201
71,38,0.0,0.002427002
71,39,0.0,0.004538502
71,40,0.0,0.004688952
71,41,0.0,0.0067841657
71,42,0.0,0.004728925
71,43,0.0,0.005963149
71,44,0.0,8.353777e-05
71,45,0.0,0.004976519
71,46,0.0,0.0008978336
71,47,0.0,-0.002154957
71,48,0.0,0.0033463347
71,49,0.0,0.003486236
71,50,0.0,0.0045796605
71,51,0.0,0.0011249352
71,52,-0.138471032769092,0.0064057247
71,53,0.0,0.0021608598
71,54,0.0,0.0046992064
71,55,0.0,-0.003560659
71,56,0.0,-0.0011701479
71,57,0.0,0.0021440205
71,58,0.0,0.003704662
71,59,0.0,0.0047181067
71,60,0.0,0.0017929818
71,61,0.0,0.002073917
71,62,0.134613584451998,0.0098632015
71,63,0.0,0.0011928251
71,64,0.0,-0.005218145
71,65,0.0,-0.0044716797
71,66,0.0,-0.002441287
71,67,0.0,0.001947857
71,68,0.0,-0.0044683777
71,69,0.0,-0.0033435947
71,70,-0.134503246376624,0.00031172065
71,71,-0.367881314363331,-0.021707198
71,72,0.0,0.0007447705
71,73,0.0,-0.0031305063
71,74,0.0,0.008476643
71,75,0.0,0.0068665077
71,76,0.0,0.00070828665
71,77,-0.144054459994652,0.003981454
71,78,0.0,0.0003205114
71,79,0.0,-0.004078455
71,80,0.0,-0.0036415444
71,81,0.0,0.0086855255
71,82,0.0,-0.010047071
71,83,0.0,0.0049247653
71,84,0.0,0.0028844625
71,85,0.0,0.0036059604
71,86,0.0,0.004962358
71,87,0.0,-0.0062631094
71,88,0.0,0.0038027805
71,89,0.0,-0.004311712
71,90,0.0,-0.0040628444
71,91,0.0,0.00495017
71,92,0.0,0.0073538623
71,93,0.0,0.0039489404
71,94,0.0,-0.0001830901
71,95,0.0,0.00621851
71,96,0.0,-0.005638492
71,97,0.0,0.0031822477
71,98,0.0,0.008227024
71,99,0.0,-0.0030381444
71,100,0.0,-0.00468425
72,1,0.0,0.0059762713
72,2,0.0,0.0037786397
72,3,0.152283086380676,-0.000117906835
72,4,0.149662876635229,0.0026265322
72,5,0.0,0.0009536196
72,6,0.0,0.0017502508
72,7,0.151285195513047,-0.0046279905
72,8,0.0,0.0012319358
72,9,0.0,0.0052546253
72,10,0.0,0.0069204033
72,11,0.0,0.0075383275
72,12,0.0,0.0070471414
72,13,0.0,-0.004125873
72,14,0.0,-0.00033233222
72,15,0.0,0.0004137815
72,16,0.0,-0.0024321945
72,17,0.0,0.00082434434
72,18,0.0,-0.0016532154
72,19,0.0,-0.0027273442
72,20,0.163722856642571,-0.004049885
72,21,-0.153550770324568,0.0026497399
72,22,0.0,-0.0030576861
72,23,0.0,0.0048002372
72,24,0.0,-0.0042915996
72,25,0.0,0.0010196483
72,26,0.0,0.0011793543
72,27,0.0,-0.0016420898
72,28,0.0,0.0057017324
72,29,-0.158598612954923,0.00074857706
72,30,0.0,-0.0031836038
72,31,0.0,0.005737158
72,32,0.0,-0.0044841585
72,33,0.0,0.0062538018
72,34,0.0,-0.0025898977
72,35,0.0,0.0074636103
72,36,0.0,0.008202892
72,37,0.0,0.0029381565
72,38,0.0,-0.004436194
72,39,0.0,0.0072873305
72,40,0.147839741505689,0.0065267985
72,41,0.0,-0.005221328
72,42,0.0,0.0042001586
72,43,0.0,0.00573674
72,44,0.0,-0.004993861
72,45,0.0,0.006506585
72,46,0.0,0.0042598066
72,47,0.0,-0.003765483
72,48,0.0,0.0071499343
72,49,0.0,-0.0012197944
72,50,0.0,-0.011837557
72,51,0.0,0.003840407
72,52,0.0,0.006617174
72,53,0.0,-0.0024754829
72,54,0.0,0.0032712542
72,55,0.0,0.00058445474
72,56,0.0,0.006644675
72,57,0.0,0.004683997
72,58,0.0,-0.0014253464
72,59,0.0,0.0016501504
72,60,0.0,0.0030762674
72,61,0.0,-0.0044369576
72,62,0.0,0.007484188
72,63,0.0,0.0039563137
72,64,0.0,0.00067687454
72,65,-0.159990089055998,0.0022915844
72,66,0.0,-0.004942391
72,67,0.0,0.0033016205
72,68,0.0,0.0028106556
72,69,-0.144556004807184,0.0009418442
72,70,0.0,-0.004343246
72,71,0.0,0.004549513
72,72,0.0,-0.021707198
72,73,0.0,0.007657888
72,74,0.0,-0.0060108113
72,75,0.0,0.00061791204
72,76,0.0,0.004708419
72,77,0.0,0.0035351347
72,78,-0.162844024576316,0.0072669485
72,79,-0.148341719605412,0.007497463
72,80,0.0,0.00013055047
72,81,0.0,0.006437196
72,82,0.0,0.0042857425
72,83,0.0,-0.005259756
72,84,0.0,-0.0019294927
72,85,0.0,-0.00094759464
72,86,0.0,-0.004135462
72,87,0.0,-0.00092814444
72,88,0.0,0.007013397
72,89,0.0,0.0014460362
72,90,0.0,0.0055331695
72,91,0.0,-0.00057449937
72,92,0.0,0.0031460077
72,93,0.0,0.0016317589
72,94,0.0,-0.0044472264
72,95,0.0,0.006963043
72,96,0.0,0.005379973
72,97,0.0,0.0012074702
72,98,0.0,0.0030253856
72,99,0.0,0.0046910406
72,100,0.0,0.004240008
73,1,0.0,0.006300166
73,2,0.0,-0.0005397131
73,3,0.0,0.006705672
73,4,-0.137996693326923,0.004783247
73,5,0.0,0.00022563944
73,6,0.0,-0.0049907384
73,7,0.0,0.0012658737
73,8,0.146371040083449,-0.0061697145
73,9,0.0,0.008181879
73,10,0.0,0.0065379017
73,11,0.0,-0.0026864014
73,12,0.0,0.007293884
73,13,0.146667229321044,0.006203962
73,14,0.0,-0.0043525505
73,15,0.0,0.00414342
73,16,0.0,0.00018229499
73,17,0.0,0.0047199903
73,18,0.0,0.0025575794
73,19,0.0,0.0078006205
73,20,0.0,-1.2037344e-06
73,21,0.0,0.0053753345
73,22,0.0,0.0006046742
73,23,-0.140315430944313,0.0012676436
73,24,0.0,0.005058495
73,25,0.0,-0.0013819081
73,26,0.0,0.0016991976
73,27,0.0,-0.0012938024
73,28,0.0,-0.0010250676
73,29,0.0,0.0035902425
73,30,0.0,0.003937796
73,31,0.144031440520981,-0.0023721312
73,32,0.0,-0.0009855959
73,33,0.0,-0.0064733005
73,34,0.0,-0.007624579
73,35,0.0,-0.001004897
73,36,0.0,0.0014691358
73,37,0.0,0.0051758266
73,38,0.0,-0.002237048
73,39,0.0,0.0021104086
73,40,0.0,-0.002521444
73,41,0.0,-0.008817267
73,42,0.0,-0.0023187674
73,43,0.0,0.0052685407
73,44,0.0,0.0016773068
73,45,0.0,0.00344813
73,46,0.0,0.0066309883
73,47,0.0,0.0065498776
73,48,0.0,0.0021532257
73,49,0.0,0.0009585391
73,50,0.132720686402255,-0.004491971
73,51,0.0,-0.0030139703
73,52,0.0,-0.0038845916
73,53,0.0,0.0047437223
73,54,0.0,0.0016137804
73,55,0.0,0.0020140582
73,56,0.0,0.00069382996
73,57,0.0,-0.000691263
73,58,0.0,0.0051435283
73,59,0.0,0.004247621
73,60,0.0,0.0030959775
73,61,0.0,0.004900359
73,62,0.134222517399441,-0.0025365571
73,63,0.0,0.0019500009
73,64,0.0,0.0052350857
73,65,0.0,-0.00023196754
73,66,0.0,0.0013491833
73,67,0.0,-0.015079597
73,68,0.0,-0.0034913588
73,69,0.0,0.004787535
73,70,0.0,-0.0070282295
73,71,0.130369332132597,-0.00010113558
73,72,0.0,0.012010476
73,73,0.0,-0.021707198
73,74,0.0,0.0016714316
73,75,0.164789970413487,0.00457984
73,76,0.0,0.0052525112
73,77,0.0,0.008068891
73,78,0.0,0.0049403217
73,79,0.0,0.0026744832
73,80,0.0,-0.0028264131
73,81,0.0,-0.0038524359
73,82,0.0,-0.017480498
73,83,0.0,-0.009278782
73,84,0.0,0.0045333104
73,85,0.0,0.0017546453
73,86,0.0,0.0056715137
73,87,0.0,-0.0023924247
73,88,0.0,0.0073271194
73,89,0.0,0.0021139202
73,90,0.0,0.0030547087
73,91,0.0,0.0039322735
73,92,0.0,-0.0005428749
73,93,0.0,0.00447074
73,94,0.0,0.0030324007
73,95,0.0,0.00036041113
73,96,0.0,0.0005066772
73,97,-0.14952402523153,0.0009979822
73,98,0.152226800350868,0.0052867136
73,99,0.0,0.0039295363
73,100,0.0,-0.0044809743
74,1,0.0,0.0032243002
74,2,0.0,-0.0077911704
74,3,0.160422551508552,0.004312479
74,4,0.0,-0.008669138
74,5,0.0,0.001752127
74,6,0.0,0.002165296
74,7,0.159371323805484,-0.0031983224
74,8,0.0,9.10298e-05
74,9,0.0,-0.0037322477
74,10,0.0,0.0015474544
74,11,-0.166256698383152,0.0074563627
74,12,0.0,0.0039739124
74,13,0.0,0.0007769943
74,14,0.0,0.0040187286
74,15,0.0,0.0022366676
74,16,0.0,0.0036976244
74,17,0.0,-0.0016273716
74,18,0.0,0.0064912816
74,19,0.0,0.0007817552
74,20,-0.172473772544993,-0.0047603794
74,21,0.0,-0.0028982034
74,22,0.0,-0.004419505
74,23,0.0,-0.00029177126
74,24,0.0,-0.0020785616
74,25,0.0,0.0034563174
74,26,0.0,-0.00031331042
74,27,0.0,-0.0002404605
74,28,0.0,0.0008101915
74,29,0.0,0.0022763466
74,30,0.0,-0.0092995055
74,31,0.0,-0.004441859
74,32,0.0,-0.0022497857
74,33,0.0,0.006537546
74,34,0.0,0.0075193834
74,35,0.0,0.010877643
74,36,0.170205446275893,0.0012671568
74,37,0.0,0.00018611294
74,38,0.0,0.0017431513
74,39,0.0,0.006945525
74,40,0.0,0.0030856482
74,41,0.0,0.0020408602
74,42,0.0,-0.0019312687
74,43,0.0,0.006722078
74,44,0.0,0.001907188
74,45,0.0,-0.0019742264
74,46,0.0,0.0005746265
74,47,-0.165354309910085,-0.0013344921
74,48,-0.184308182453406,0.003248312
74,49,0.161646596149684,0.00043864595
74,50,0.0,0.0031117178
74,51,0.0,0.007846324
74,52,0.0,0.005216842
74,53,0.0,0.008403484
74,54,0.0,-0.004054844
74,55,0.160458864540456,-0.003663804
74,56,0.0,0.00093769
74,57,0.0,0.005620981
74,58,0.0,0.008019704
74,59,0.0,0.008505747
74,60,-0.15063649208204,0.004412444
74,61,0.0,0.0010856125
74,62,0.0,0.0061460356
74,63,0.163234845919361,0.005049164
74,64,0.149080005062187,-0.0038835779
74,65,0.0,0.005961905
74,66,0.0,0.0013342877
74,67,0.0,0.0013945701
74,68,0.0,0.0050965347
74,69,0.0,0.004589224
74,70,0.0,0.004457222
74,71,0.0,0.008210562
74,72,0.0,0.0047125225
74,73,0.0,0.0028482
74,74,0.0,-0.021707198
74,75,0.0,-0.0069954176
74,76,0.0,0.0021160198
74,77,0.0,0.005534369
74,78,0.0,0.0021362589
74,79,0.0,0.00018875627
74,80,0.0,0.0019641481
74,81,0.0,-0.0046885884
74,82,0.0,0.0033596852
74,83,0.0,0.00041497638
74,84,0.0,-0.004720324
74,85,0.0,0.003820545
74,86,0.0,0.0027426342
74,87,0.0,0.007407364
74,88,0.0,0.0018410692
74,89,-0.144716667817787,0.0020566974
74,90,0.0,0.0015557664
74,91,0.0,0.0023190775
74,92,0.149534194567456,-0.0004350117
74,93,0.0,0.005190491
74,94,0.0,0.0056894445
74,95,0.0,0.0082698
74,96,0.0,0.0028872327
74,97,0.0,0.00253136
74,98,0.0,0.007921455
74,99,0.0,0.006869556
74,100,0.0,0.0057965196
75,1,0.0,-0.00046134414
75,2,0.0,0.0022800122
75,3,0.0,0.007053318
75,4,0.0,-0.001891918
75,5,0.0,0.0017568455
75,6,-0.164658954083503,0.0037926068
75,7,-0.163439606921009,-0.0025027716
75,8,0.171498942169226,-0.002213966
75,9,0.0,0.0011999258
75,10,0.0,-0.0003282954
75,11,0.0,0.0035142498
75,12,0.0,0.0068683703
75,13,0.0,0.0070091323
75,14,0.0,-0.0010801456
75,15,0.0,0.00084301434
75,16,0.0,0.0021105623
75,17,0.0,0.0069779386
75,18,0.0,0.003617826
75,19,0.0,-0.00029548956
75,20,0.0,0.0054359627
75,21,0.0,0.0033370857
75,22,0.0,0.0040775393
75,23,0.0,-0.0048213345
75,24,0.0,-0.003924278
75,25,0.0,0.0021715467
75,26,0.0,-0.0057898583
75,27,0.0,-0.0023135117
75,28,0.0,0.0035578827
75,29,0.0,-0.0008616294
75,30,0.0,0.0010714526
75,31,0.0,0.0089161545
75,32,0.0,0.003841741
75,33,0.0,0.0008084895
75,34,0.0,-0.005299868
75,35,0.0,0.0036028507
75,36,-0.174550292806123,0.0075790198
75,37,0.0,0.002844838
75,38,0.0,-0.002877993
75,39,0.0,0.0077099563
75,40,0.0,0.004750308
75,41,0.0,0.00639471
75,42,0.0,0.0025575082
75,43,0.0,0.004707405
75,44,-0.160588233545527,0.004172404
75,45,0.0,0.00096075353
75,46,0.0,0.006121596
75,47,0.0,0.0040307473
75,48,0.0,-0.004371785
75,49,0.0,0.002716191
75,50,0.0,0.001031145
75,51,0.0,0.0006125069
75,52,0.0,0.0037210677
75,53,0.0,0.005637335
75,54,0.0,-0.0045617847
75,55,0.0,-0.007126982
75,56,0.163372823623739,0.005169342
75,57,0.0,-0.004067714
75,58,0.0,0.0017378945
75,59,0.0,0.0022179694
75,60,0.0,0.0033040256
75,61,0.0,0.0043721
75,62,0.0,0.008024311
75,63,0.0,-0.0034443
75,64,0.0,0.0024089292
75,65,0.0,-0.001517246
75,66,0.0,0.0017237435
75,67,0.0,-0.0013781434
75,68,0.0,-0.005340654
75,69,0.0,0.0026439396
75,70,0.0,0.004461562
75,71,0.0,0.006971995
75,72,0.0,-0.0030056753
75,73,0.0,0.0025078412
75,74,0.0,-0.008105589
75,75,0.0,-0.021707198
75,76,0.0,-0.012766346
75,77,0.0,-0.005686093
75,78,0.0,0.0068198447
75,79,0.0,0.004678975
75,80,0.0,0.0010913345
75,81,0.0,0.0044900985
75,82,0.0,0.0020223246
75,83,0.164136336996691,0.0011857261
75,84,0.0,0.00097321765
75,85,0.0,0.0017183898
75,86,0.0,0.006830408
75,87,0.0,0.0021140254
75,88,0.0,0.0013048253
75,89,0.0,0.011626383
75,90,0.0,-0.0037111347
75,91,0.0,0.0075154663
75,92,0.0,-0.0033842905
75,93,0.0,0.0073645473
75,94,0.0,-0.006168093
75,95,0.0,-0.00434775
75,96,0.0,-0.0056633092
75,97,0.0,0.0047575133
75,98,0.0,0.0050039035
75,99,0.0,-0.004032635
75,100,0.0,0.0055121267
76,1,0.0,-0.009233117
76,2,0.0,-0.0015726597
76,3,0.0,0.0034353957
76,4,0.0,0.005768456
76,5,0.0,0.000997948
76,6,0.0,-0.0027422071
76,7,0.0,0.0059476322
76,8,0.0,0.006043416
76,9,0.0,0.0034037228
76,10,0.0,0.004705679
76,11,0.0,0.006395238
76,12,0.0,0.005077712
76,13,0.0,0.00089558423
76,14,0.0,-0.0030240957
76,15,0.0,0.0059378664
76,16,0.0,0.0026160777
76,17,0.0,-0.004758953
76,18,0.0,0.0059482832
76,19,0.0,0.0016652159
76,20,0.155442667210832,0.0009970444
76,21,0.0,0.0033391402
76,22,0.0,0.0046302457
76,23,0.0,-0.0040076445
76,24,0.0,0.00059213256
76,25,0.0,0.0027598878
76,26,0.0,0.00017755385
76,27,0.0,0.0037142402
76,28,0.0,0.0058333087
76,29,0.0,-0.0018460983
76,30,0.0,0.004465169
76,31,0.0,-0.0070832805
76,32,0.0,-0.0011881436
76,33,0.0,0.0022143736
76,34,0.0,0.004978255
76,35,0.0,0.0029773246
76,36,0.153398329221521,0.008404741
76,37,0.0,0.007798677
76,38,0.0,0.008124974
76,39,0.0,0.0013127795
76,40,0.0,0.00042659836
76,41,0.0,0.005910571
76,42,0.0,0.0021150284
76,43,0.0,0.0021456094
76,44,0.0,0.004328485
76,45,0.0,0.0051507954
76,46,0.0,-0.0051474366
76,47,0.0,0.0017003254
76,48,0.0,0.002847814
76,49,0.0,-0.00046153273
76,50,-0.136661113054583,0.005356302
76,51,0.0,0.0053768964
76,52,0.0,-0.0024311421
76,53,0.0,0.0029321448
76,54,0.0,0.003050453
76,55,0.0,-0.0049137454
76,56,0.0,0.0047294963
76,57,0.0,-0.0052683656
76,58,0.144593055014755,0.0022052494
76,59,0.0,7.781293e-05
76,60,0.0,-0.00018643169
76,61,0.0,-0.0014472725
76,62,0.0,0.0036948351
76,63,-0.147116048179647,0.0016385266
76,64,0.13435894207408,0.0023030662
76,65,0.0,0.007537412
76,66,0.0,0.006830161
76,67,0.0,0.0035507586
76,68,0.0,-0.005068013
76,69,0.0,0.006876406
76,70,0.0,0.0019013067
76,71,0.0,0.00039760093
76,72,-0.145165587102612,0.0020050467
76,73,0.0,0.0048479475
76,74,0.0,0.0049051945
76,75,0.0,-0.014609341
76,76,0.0,-0.021707198
76,77,0.0,-0.0040498353
76,78,0.0,0.005864995
76,79,0.0,-0.0013006702
76,80,0.0,0.0005322506
76,81,0.0,-0.0006834713
76,82,0.0,0.0038490281
76,83,0.0,0.003689597
76,84,0.0,-0.0005569658
76,85,0.0,-0.0014238749
76,86,-0.156127911233788,2.8168084e-05
76,87,0.150756987235296,-0.0029421404
76,88,0.0,0.0045203282
76,89,0.0,0.0052369125
76,90,-0.160034025398883,-0.0046293004
76,91,0.167964078352532,0.0011566018
76,92,0.0,-0.0036726012
76,93,0.0,0.007015046
76,94,0.0,0.007755902
76,95,-0.145373941064355,0.0070677367
76,96,0.0,-0.0027941572
76,97,0.0,0.008121084
76,98,0.157315527709728,0.0047053914
76,99,0.0,-0.0015264812
76,100,0.0,0.0007395062
77,1,0.0,0.0035537588
77,2,0.0,0.0040193065
77,3,0.0,0.005131882
77,4,-0.149094227572591,0.006065112
77,5,0.0,-0.0006671734
77,6,0.0,0.0039896574
77,7,0.0,0.0038834317
77,8,0.0,0.0051475745
77,9,0.0,-0.0017758068
77,10,0.0,0.0058564176
77,11,-0.157221575318089,0.0060482235
77,12,0.0,0.0020641861
77,13,0.0,0.004149493
77,14,0.0,-0.005748746
77,15,0.0,0.000280553
77,16,0.0,-0.0065701855
77,17,0.0,0.0011122113
77,18,0.0,-0.00405989
77,19,0.0,0.008065699
77,20,0.0,0.0063472767
77,21,0.0,-0.0053058956
77,22,0.0,0.009031853
77,23,0.0,0.0008512037
77,24,0.0,-0.0043161144
77,25,0.0,0.006294793
77,26,0.0,0.0066673593
77,27,0.0,-0.00017609121
77,28,0.0,0.0060833306
77,29,0.0,0.0019399435
77,30,0.0,0.002353534
77,31,0.0,0.001585192
77,32,0.140462557030523,-0.0058101197
77,33,0.0,0.0034037041
77,34,0.0,-0.0045638406
77,35,0.146111404716486,-0.0018208604
77,36,0.0,0.0037956159
77,37,0.0,0.0017451919
77,38,0.0,-0.004943313
77,39,0.0,0.0018078224
77,40,0.0,-0.0040020985
77,41,0.0,0.00013969257
77,42,0.0,0.0012580601
77,43,0.0,0.0015882659
77,44,0.0,0.005666764
77,45,0.0,-2.4861656e-05
77,46,0.0,0.0077413344
77,47,0.0,0.006633323
77,48,0.0,0.006916664
77,49,0.0,-0.001183732
77,50,-0.143393930281862,0.00073026447
77,51,0.0,-0.0072622937
77,52,0.0,0.00479879
77,53,0.0,0.007155049
77,54,0.0,0.0054454044
77,55,0.0,0.0043582493
77,56,0.0,0.0008650273
77,57,0.0,0.0067531806
77,58,-0.151716651405774,0.0027403329
77,59,0.0,-0.00022452069
77,60,0.0,0.005686289
77,61,-0.149389746020272,0.0038081645
77,62,0.0,0.0063000456
77,63,0.0,0.007152621
77,64,0.140978339352617,0.0034960215
77,65,0.0,-0.0022473899
77,66,0.0,0.007861948
77,67,0.0,0.0044722576
77,68,0.155393469111711,-0.0026527601
77,69,0.0,0.0019675368
77,70,0.0,-0.00070030754
77,71,0.0,-0.00030056434
77,72,0.0,0.0058717593
77,73,0.0,0.008072635
77,74,0.0,0.008103302
77,75,0.0,-0.00574601
77,76,0.0,-0.004072995
77,77,0.0,-0.021707198
77,78,0.0,0.0069765826
77,79,0.0,-0.0007677728
77,80,0.0,-0.006182512
77,81,-0.148888288708767,0.006609144
77,82,0.0,0.011429595
77,83,0.0,0.0008325386
77,84,0.0,0.0024375035
77,85,0.0,0.0069197356
77,86,0.0,0.00051821163
77,87,0.0,-0.00080542103
77,88,0.0,0.0019306601
77,89,0.0,0.0016003014
77,90,0.0,0.0035588662
77,91,0.0,0.0029197694
77,92,0.0,0.0018483847
77,93,0.0,-0.0044674394
77,94,0.0,0.004552485
77,95,0.0,0.0018465612
77,96,0.0,0.004216206
77,97,0.0,0.0050304453
77,98,0.0,0.0009767595
77,99,0.0,0.006189494
77,100,0.0,-0.003806138
78,1,0.0,-0.006933116
78,2,0.158976456797032,-0.0035308213
78,3,0.0,-0.0049936958
78,4,0.0,0.0018994822
78,5,0.0,-0.0035497798
78,6,0.0,0.0070362207
78,7,0.0,0.008016704
78,8,0.0,0.0042680115
78,9,0.0,-0.0045497413
78,10,0.0,0.0040607336
78,11,0.0,-0.0061507714
78,12,0.0,-0.004147027
78,13,0.0,0.0053227996
78,14,0.0,-0.0010395183
78,15,0.0,-0.00049043586
78,16,0.0,0.00080590183
78,17,0.0,0.0049854503
78,18,0.0,-0.00084244926
78,19,-0.159121339743905,-0.0018106556
78,20,0.0,0.0030211294
78,21,0.0,0.008205654
78,22,0.0,0.0061404374
78,23,0.0,0.0025407951
78,24,0.157560884277189,0.008127594
78,25,0.168010925441657,0.003747005
78,26,0.0,0.0048159887
78,27,0.0,0.0022483286
78,28,0.0,-0.00076393574
78,29,0.0,0.005023859
78,30,0.0,-0.0023010103
78,31,0.0,-0.0010622824
78,32,0.0,-0.010236334
78,33,0.0,-0.0036402487
78,34,0.0,-0.00018014899
78,35,0.0,0.0032876814
78,36,-0.161926944900311,0.0017059366
78,37,0.0,-0.0068120896
78,38,0.0,0.0012226277
78,39,0.0,-0.004578444
78,40,0.0,-0.005386332
78,41,0.0,0.0021743756
78,42,-0.154283118953843,0.00649019
78,43,0.0,0.0013370938
78,44,0.148974611425302,0.006627818
78,45,0.0,-5.2190153e-05
78,46,0.0,-0.0014223147
78,47,0.0,0.0033318507
78,48,0.0,-0.0027529548
78,49,0.0,8.332124e-05
78,50,0.0,-0.0057859737
78,51,0.0,0.0031989585
78,52,0.0,-0.004618942
78,53,0.0,0.002819479
78,54,0.0,-0.00030526402
78,55,0.0,-0.0007996443
78,56,0.0,-0.0018475645
78,57,0.0,0.0054009617
78,58,0.0,0.0038598948
78,59,0.0,0.0015604314
78,60,0.0,0.006527187
78,61,0.0,0.0019112946
78,62,0.0,0.005454601
78,63,0.0,-0.00030054152
78,64,0.0,0.0018409854
78,65,0.0,-0.004341327
78,66,0.0,-0.0024347682
78,67,0.0,0.007815586
78,68,0.0,0.0049456474
78,69,0.0,-0.0013947443
78,70,0.0,0.0056081205
78,71,0.0,0.0006599887
78,72,0.153236480106905,0.0075967223
78,73,0.0,0.0033740406
78,74,0.0,0.0038572233
78,75,0.0,0.006942013
78,76,0.0,0.005118525
78,77,0.0,0.0046445937
78,78,0.0,-0.021707198
78,79,0.0,0.0063995286
78,80,0.0,0.004362077
78,81,0.0,0.00089887204
78,82,0.0,0.0036626155
78,83,0.0,0.016406221
78,84,0.0,-0.004467327
78,85,0.0,0.006724533
78,86,0.0,-0.0019771578
78,87,0.0,-0.002876355
78,88,0.0,0.00023790728
78,89,-0.156737071968133,0.0019279434
78,90,0.0,-0.008880319
78,91,0.0,0.00050008437
78,92,0.0,0.0014347872
78,93,0.0,-0.0035935142
78,94,0.0,0.005004768
78,95,0.0,-0.0040968633
78,96,0.0,-0.0044052447
78,97,0.0,0.008059112
78,98,0.0,0.0068102716
78,99,0.0,0.002404592
78,100,0.0,0.0043911655
79,1,-0.157830671521555,-0.0011865622
79,2,0.0,0.004020938
79,3,0.0,0.0019460567
79,4,0.153173703755346,-0.0066992505
79,5,0.0,-1.5511177e-06
79,6,0.0,-0.0005097557
79,7,0.0,0.00708803
79,8,0.0,0.009919595
79,9,0.0,0.0037456187
79,10,0.153489597269786,-0.0035276092
79,11,0.0,0.0018791701
79,12,0.0,-0.0059450413
79,13,0.162797833723571,0.00734707
79,14,0.0,0.0018119938
79,15,0.0,-0.0005054143
79,16,0.0,0.0065284246
79,17,0.16042372998258,0.004364208
79,18,0.0,0.004482711
79,19,0.0,0.0028555174
79,20,0.0,0.0006513046
79,21,0.0,-0.00028868532
79,22,0.0,0.005860641
79,23,0.0,-0.0017263317
79,24,0.0,0.004224959
79,25,0.0,0.0064590587
79,26,0.0,0.0015763915
79,27,0.0,-0.008262327
79,28,0.0,0.0049043
79,29,0.0,0.0035696658
79,30,0.0,-0.0011699607
79,31,0.0,0.003245207
79,32,0.0,0.006002542
79,33,0.0,-0.001068688
79,34,0.0,0.0075537604
79,35,0.0,0.0002013864
79,36,0.0,0.0062546465
79,37,0.161777226496133,0.00451465
79,38,0.0,-0.0009356537
79,39,0.0,-0.0043780673
79,40,0.0,-0.0004929085
79,41,0.0,0.004678373
79,42,0.0,-0.0036586854
79,43,0.0,-0.0060004005
79,44,0.0,0.004263904
79,45,0.0,0.00060252286
79,46,0.0,0.002055394
79,47,0.0,0.005444702
79,48,0.0,0.0029390473
79,49,0.0,0.00023842836
79,50,0.0,0.0014735428
79,51,0.0,-0.0031137285
79,52,0.0,-0.0029247124
79,53,0.0,-0.002337412
79,54,0.159606681298195,0.008130278
79,55,0.0,-0.00771734
79,56,-0.154770812392648,0.00050396984
79,57,0.0,-0.0030476567
79,58,0.0,-0.007557778
79,59,0.0,0.0014777957
79,60,0.0,0.0073121083
79,61,0.0,-0.004198502
79,62,0.148984440291858,0.006648023
79,63,0.0,0.008092072
79,64,0.0,0.00066520507
79,65,0.0,-0.00045433687
79,66,0.162840138533755,0.007070703
79,67,0.0,0.0015405526
79,68,0.0,0.0046647643
79,69,0.0,-3.023399e-05
79,70,0.0,0.0029345788
79,71,0.0,0.0006629345
79,72,0.0,0.0070131985
79,73,0.144287087057877,0.0017276686
79,74,0.0,0.0016001975
79,75,0.169057231437292,0.004539997
79,76,0.0,-0.0017564162
79,77,0.0,-0.0008182423
79,78,0.0,0.007208316
79,79,0.255438255611807,-0.021707198
79,80,0.0,-0.0035773872
79,81,0.14768850515288,0.0049890885
79,82,0.0,0.0069898027
79,83,0.0,-0.011581011
79,84,0.0,0.0081773065
79,85,0.146551842303128,0.00042556645
79,86,0.0,0.0033400427
79,87,0.0,-0.0031401468
79,88,0.0,-0.004754985
79,89,0.0,0.0022868346
79,90,0.0,0.007992636
79,91,0.0,0.0027793436
79,92,0.0,0.0030567674
79,93,0.0,-0.00045443652
79,94,0.0,0.0036151274
79,95,0.0,0.002009884
79,96,0.0,0.0045197457
79,97,0.0,-0.004814446
79,98,0.145991322893221,-0.0023188754
79,99,0.0,-0.0013946661
79,100,0.0,-0.001178266
80,1,0.0,-0.004635075
80,2,0.0,0.008114846
80,3,0.0,0.0041463543
80,4,0.0,-0.0024110193
80,5,-0.132366863719839,0.0020232336
80,6,0.0,-0.0033038901
80,7,0.0,0.0010959548
80,8,0.0,-0.0035053198
80,9,0.0,-0.0036246548
80,10,0.0,0.004820833
80,11,0.145769205661468,0.0009780782
80,12,0.0,-0.0035157981
80,13,0.0,-0.0046435357
80,14,0.0,0.0016512149
80,15,0.0,-0.0007117642
80,16,0.0,-0.0032026968
80,17,0.0,-0.0019270456
80,18,0.143827360126881,-0.0003647938
80,19,0.0,0.0066949786
80,20,0.0,0.0026532784
80,21,0.0,-0.0016437289
80,22,0.137986346510505,0.01084426
80,23,0.0,0.0021668882
80,24,0.0,0.0015982785
80,25,0.0,-0.004584903
80,26,0.0,0.0009814827
80,27,0.0,-0.0036408908
80,28,0.0,0.0044158814
80,29,0.0,0.0055942866
80,30,0.0,0.0021528266
80,31,0.0,0.003361518
80,32,0.0,0.003934532
80,33,-0.145638183926413,-0.0034920108
80,34,0.0,0.0031484505
80,35,0.13546832462728,0.005218778
80,36,0.0,0.007626924
80,37,0.0,0.0012179213
80,38,0.0,-0.00084087555
80,39,0.0,-0.0033563767
80,40,0.0,0.002846926
80,41,0.0,0.008143781
80,42,0.142186831297285,-0.0038979445
80,43,0.0,0.003911417
80,44,0.0,-0.00013147714
80,45,0.0,-0.0025217743
80,46,0.0,0.0066954033
80,47,0.0,0.0025925362
80,48,0.0,4.4065993e-05
80,49,0.0,0.0028308448
80,50,0.0,0.0028656959
80,51,0.0,0.0049344874
80,52,0.0,0.0064356965
80,53,0.132184986785041,0.0003487186
80,54,0.0,-0.0006302907
80,55,0.0,-0.00074205315
80,56,0.0,-0.0031699496
80,57,0.0,0.0064445664
80,58,0.0,-0.0044594523
80,59,0.0,-0.008774629
80,60,0.0,-0.0059677823
80,61,0.0,0.00041688606
80,62,0.0,0.004593049
80,63,0.0,0.005840748
80,64,0.0,-0.004974528
80,65,0.0,0.0080868155
80,66,0.0,0.0047974405
80,67,0.0,-0.0037843408
80,68,0.0,0.0065561705
80,69,0.0,-0.0038831425
80,70,0.0,-0.0048102993
80,71,0.0,-0.0036908058
80,72,0.0,0.0010347844
80,73,0.0,-0.0033748974
80,74,0.0,0.0024972595
80,75,0.0,-1.9115396e-07
80,76,0.0,0.00054718927
80,77,0.0,-0.005948012
80,78,0.0,0.0039366623
80,79,0.0,-0.0040156874
80,80,0.0,-0.021707198
80,81,0.0,0.003021536
80,82,0.0,-0.008292688
80,83,0.0,0.002531074
80,84,0.0,-0.00021564402
80,85,-0.153971646177677,0.008058328
80,86,0.0,-0.0044977996
80,87,0.0,0.002541779
80,88,0.0,0.004340172
80,89,0.0,-0.00434108
80,90,0.156033285236865,-0.00663691
80,91,0.0,-0.0041825366
80,92,0.0,0.005451925
80,93,0.0,0.0013848485
80,94,0.0,-0.0010412964
80,95,0.0,0.0058386414
80,96,0.0,-0.0047891634
80,97,0.0,0.0076360195
80,98,0.0,0.003271421
80,99,0.0,0.001143123
80,100,0.0,-0.0017320863
81,1,0.0,0.0050632725
81,2,0.0,0.007214255
81,3,0.0,-0.004384865
81,4,0.0,0.0009304532
81,5,0.0,0.0021257172
81,6,0.0,-0.002591455
81,7,0.0,0.00046329573
81,8,0.0,0.0024178154
81,9,0.0,-0.002570787
81,10,0.0,0.0018133894
81,11,0.0,0.0055703423
81,12,0.0,0.00034325034
81,13,0.0,-0.0007328354
81,14,0.0,-0.004120273
81,15,0.0,0.0030405335
81,16,0.0,0.005093911
81,17,0.162676544983612,0.0015268573
81,18,0.0,0.008034682
81,19,0.164776572013943,-0.0033753854
81,20,0.0,-0.0069370926
81,21,0.0,0.0023034434
81,22,0.0,0.0055143167
81,23,0.0,-0.0015736497
81,24,0.0,0.0019222349
81,25,0.0,0.0017263074
81,26,0.156913202206858,0.0022910964
81,27,0.0,0.0014785435
81,28,0.0,7.966813e-05
81,29,0.164598487580387,-0.00814322
81,30,0.0,-0.004910575
81,31,0.0,-0.000821054
81,32,0.0,-0.0006467118
81,33,0.0,0.0029412103
81,34,0.0,0.0047078957
81,35,0.0,0.003539004
81,36,0.0,0.006774044
81,37,0.164049048518445,-0.00081666233
81,38,0.0,0.00026538246
81,39,0.0,0.00212103
81,40,0.0,-0.0039016414
81,41,0.0,-0.00094995694
81,42,0.0,0.007827515
81,43,0.0,0.0058615967
81,44,0.0,0.007606422
81,45,0.0,-0.0013725064
81,46,0.0,-0.006441808
81,47,0.0,0.0017303536
81,48,0.0,6.147381e-05
81,49,0.0,0.003073079
81,50,0.0,0.008042276
81,51,0.0,-0.0038288995
81,52,0.0,0.0029397653
81,53,0.0,0.0018787929
81,54,0.0,0.0034264894
81,55,0.0,0.0040229303
81,56,0.0,0.0030640275
81,57,0.0,0.00090985093
81,58,0.0,0.0047803815
81,59,0.0,0.0029650815
81,60,0.0,0.008118549
81,61,0.0,0.0029062512
81,62,0.0,0.0051697944
81,63,0.0,-0.004486704
81,64,0.0,0.0015665325
81,65,0.0,-0.0041552777
81,66,0.0,0.00047930935
81,67,0.0,0.0016943444
81,68,0.0,-0.0069286055
81,69,0.150024639677575,-0.007191914
81,70,0.0,0.0018848721
81,71,0.0,0.00585378
81,72,0.0,0.0032729548
81,73,0.0,-0.0051997663
81,74,0.0,-0.004568945
81,75,0.0,0.0042077596
81,76,0.0,-0.0025123975
81,77,0.0,0.0068491423
81,78,0.0,-0.0017386093
81,79,0.0,0.0050199036
81,80,0.0,0.0028405664
81,81,0.0,-0.021707198
81,82,0.0,-0.003727478
81,83,0.0,0.0023434912
81,84,0.0,0.004171929
81,85,0.0,-0.0033243182
81,86,0.0,0.0069384
81,87,0.0,0.0034672231
81,88,0.0,0.00577925
81,89,0.0,0.0032282798
81,90,0.0,0.0058946903
81,91,0.0,0.0003068
81,92,0.0,0.0021475898
81,93,0.0,-0.0029528895
81,94,0.0,0.004602197
81,95,0.0,-0.0028555593
81,96,0.0,0.0026347088
81,97,0.0,-0.001278976
81,98,0.0,0.003690809
81,99,0.0,0.010733614
81,100,0.0,0.0022865077
82,1,0.158372064590597,-0.00048059295
82,2,0.0,0.0048477696
82,3,0.0,0.007560722
82,4,0.0,0.00039303908
82,5,0.0,0.0013454198
82,6,0.0,0.0055989777
82,7,0.0,0.0064074206
82,8,0.0,-0.0052271136
82,9,0.0,0.0031209188
82,10,0.0,-0.0012094446
82,11,0.0,0.0013264054
82,12,0.0,-0.0016066162
82,13,0.0,0.005361847
82,14,0.0,0.005199279
82,15,0.0,0.002000878
82,16,0.0,0.005101103
82,17,0.0,-0.006104615
82,18,0.159918395604477,0.0065821824
82,19,0.0,0.00060263555
82,20,0.0,0.004024673
82,21,0.0,-0.004786164
82,22,0.0,-0.017517585
82,23,0.0,-0.0017570741
82,24,0.0,0.0013863617
82,25,0.172161249004097,0.0064500137
82,26,0.0,0.007045018
82,27,0.0,0.00066213333
82,28,0.0,0.0068306257
82,29,0.0,0.0018600496
82,30,0.0,0.00019547436
82,31,0.0,-0.002781507
82,32,0.0,-0.004769227
82,33,0.0,-0.0072265347
82,34,0.152794411862592,-0.003095694
82,35,0.0,-0.008875912
82,36,0.0,-0.0029358459
82,37,0.0,0.00493243
82,38,0.0,0.0064349375
82,39,0.149374780694184,-3.126473e-05
82,40,0.0,0.0018066647
82,41,0.0,0.0031780624
82,42,0.0,-0.003894541
82,43,0.0,-0.00453166
82,44,0.0,1.5538186e-05
82,45,0.0,0.0063894135
82,46,0.0,0.0046782
82,47,0.0,0.004652213
82,48,0.0,-0.0058287275
82,49,0.0,4.2867847e-05
82,50,0.0,0.0008210712
82,51,0.0,0.00159457
82,52,0.0,0.00049117766
82,53,0.0,-0.0049613575
82,54,0.0,0.0069269673
82,55,0.0,-0.015652265
82,56,0.0,0.005223691
82,57,0.160994059631352,0.0025693704
82,58,-0.156402541923233,0.0052202293
82,59,0.0,-0.00905804
82,60,0.0,-0.0093233455
82,61,0.0,0.0028175763
82,62,0.149495488889647,0.001167966
82,63,0.0,-0.009897528
82,64,0.0,-0.006140579
82,65,0.0,-0.003913578
82,66,0.0,-0.002706083
82,67,0.0,0.0012928522
82,68,0.0,0.004191243
82,69,0.0,0.00034068804
82,70,0.0,0.0019347067
82,71,0.0,-0.01005744
82,72,0.0,-0.0013254916
82,73,0.0,-0.017497588
82,74,0.0,0.003997697
82,75,0.0,0.0015995544
82,76,0.0,0.0035414458
82,77,0.0,0.011588948
82,78,0.157369102115009,0.0052461145
82,79,0.0,0.0063423584
82,80,0.0,-0.005070375
82,81,0.0,-0.002481881
82,82,0.0,-0.021707198
82,83,0.0,-0.0058562043
82,84,0.0,0.003699788
82,85,0.0,0.00083144894
82,86,0.0,-0.0016292273
82,87,0.136572088963869,-0.0059986613
82,88,0.0,0.0034663766
82,89,0.0,0.0080155935
82,90,0.0,0.0075431173
82,91,0.0,0.0014222865
82,92,0.0,0.0033190688
82,93,0.0,-0.0021873643
82,94,0.0,0.0015540391
82,95,0.0,0.0039396435
82,96,-0.153276828855102,-0.017925547
82,97,0.0,0.0012990481
82,98,0.0,0.0048267622
82,99,0.0,-0.004140655
82,100,-0.156482297114115,-0.0047731698
83,1,0.148496981595885,0.004596813
83,2,0.0,0.006732604
83,3,0.0,0.0019768323
83,4,0.0,0.004807161
83,5,0.0,0.0032490832
83,6,0.0,-0.0004321409
83,7,0.0,0.004723104
83,8,0.0,0.007520382
83,9,0.0,-0.0023995992
83,10,0.0,0.0072272127
83,11,0.0,0.0057976167
83,12,0.0,0.0033580782
83,13,0.153170398917029,0.0074304095
83,14,0.0,0.0037272344
83,15,0.0,0.0044451896
83,16,-0.152493485278227,-0.0044130706
83,17,0.0,0.0032064416
83,18,0.0,-0.0023902287
83,19,0.0,0.004688064
83,20,0.0,0.0045975153
83,21,0.0,0.0016025468
83,22,0.0,-0.013116101
83,23,0.0,0.0058400785
83,24,0.0,-0.0074058487
83,25,0.0,0.004306425
83,26,0.0,-0.009122398
83,27,-0.142611545934292,0.0035238317
83,28,0.0,0.0010580262
83,29,0.0,-0.0035234867
83,30,0.0,0.0025104173
83,31,0.0,-0.006160776
83,32,0.0,-0.007073132
83,33,0.0,0.005207554
83,34,0.0,-0.001706382
83,35,0.0,-0.0051829927
83,36,0.155580817990483,0.0036012395
83,37,-0.152210147711047,-0.002496909
83,38,0.0,0.0035759332
83,39,0.0,0.0075240904
83,40,0.0,-0.0035768193
83,41,0.0,0.0063995398
83,42,0.0,0.0045989775
83,43,0.0,-0.01296472
83,44,0.0,0.002337926
83,45,0.0,0.002096932
83,46,0.0,0.0002187239
83,47,0.0,-0.005947666
83,48,0.0,0.0039313775
83,49,0.0,0.005178532
83,50,0.0,0.0032997853
83,51,0.0,-0.00014391216
83,52,0.0,-0.0030724122
83,53,0.0,0.0011479165
83,54,0.0,0.007825937
83,55,0.0,0.008138195
83,56,0.0,-0.0036658705
83,57,0.0,-0.0004683775
83,58,0.0,0.0055289646
83,59,0.152207176245181,-0.0033889366
83,60,0.0,0.0050493325
83,61,0.0,-8.4907515e-05
83,62,0.0,-0.004349169
83,63,0.0,-0.004995462
83,64,0.0,0.0067975097
83,65,0.0,0.00592454
83,66,0.0,0.00607135
83,67,0.0,0.0068583325
83,68,0.0,-0.01300052
83,69,0.0,-0.003312307
83,70,0.140058997498324,0.0037081945
83,71,0.0,0.0048836037
83,72,0.0,-0.0049979957
83,73,0.0,-0.010447755
83,74,-0.155100374069694,0.0046599507
83,75,-0.159059632347609,-0.00012129499
83,76,0.0,0.0033866498
83,77,0.0,0.00058032945
83,78,0.0,0.013909953
83,79,0.0,-0.01275477
83,80,0.0,0.0028814706
83,81,0.0,0.00426546
83,82,0.0,-0.0058394684
83,83,0.0,-0.021707198
83,84,0.0,-0.0011638098
83,85,0.0,0.0012593819
83,86,0.0,0.0075534345
83,87,0.0,5.0368253e-05
83,88,0.0,-0.0018185177
83,89,0.0,0.0012401482
83,90,0.0,-8.9480076e-05
83,91,0.0,-0.0046068067
83,92,0.0,0.0005675305
83,93,0.0,-0.0069638635
83,94,0.0,0.0016923314
83,95,0.0,-0.0043599177
83,96,0.0,0.006678385
83,97,0.0,0.0038050194
83,98,0.0,-0.0033848258
83,99,0.0,0.00018652575
83,100,0.0,0.0016702185
84,1,0.0,0.002836484
84,2,0.0,0.0005907032
84,3,0.0,0.0041864854
84,4,0.0,-0.00073870784
84,5,0.0,0.0047998163
84,6,0.0,0.0027640993
84,7,0.0,-0.0010765386
84,8,0.0,0.003895686
84,9,0.0,0.007048746
84,10,0.0,0.005995599
84,11,0.0,0.0006452915
84,12,0.0,0.0012114802
84,13,0.0,0.0010736363
84,14,0.0,8.732313e-05
84,15,0.0,0.00065598893
84,16,-0.148629798182561,-0.00057831174
84,17,0.0,0.001447971
84,18,0.0,-0.004527909
84,19,0.0,-0.0032405183
84,20,0.153659798162519,0.003878696
84,21,0.0,0.0025354652
84,22,0.0,-0.0007710918
84,23,0.0,-0.004783659
84,24,-0.147550245230192,0.0069782413
84,25,0.0,-0.0057474384
84,26,0.0,0.008085104
84,27,0.0,0.0017928472
84,28,0.0,0.007864151
84,29,0.0,0.0048910766
84,30,0.0,0.00063328585
84,31,0.0,0.0013390416
84,32,0.0,0.00026542367
84,33,0.0,0.006560528
84,34,0.0,-0.0040576155
84,35,0.0,0.0020994907
84,36,0.0,-4.065642e-05
84,37,0.0,0.0025960486
84,38,0.0,0.0019984771
84,39,0.0,0.0081805345
84,40,0.0,-0.0055913245
84,41,0.0,0.008398697
84,42,0.0,0.0016190256
84,43,0.0,0.006927882
84,44,0.0,0.0028652926
84,45,0.0,0.0006132589
84,46,0.0,0.0014912596
84,47,0.0,-0.007710203
84,48,0.0,6.445544e-05
84,49,0.0,0.0023798766
84,50,0.0,0.0012943042
84,51,0.0,0.00617653
84,52,0.0,-0.003954166
84,53,0.0,0.008197455
84,54,0.0,-0.0022871583
84,55,0.0,0.0023429482
84,56,0.141928587840235,-0.00035760505
84,57,0.0,0.0019349032
84,58,0.0,0.000698945
84,59,0.0,0.000600019
84,60,0.0,0.0068244734
84,61,0.0,0.0033010892
84,62,0.0,-0.0044490523
84,63,0.0,0.0029467028
84,64,0.0,0.00038973615
84,65,0.0,0.0028654244
84,66,0.0,-0.002407568
84,67,0.0,0.004110853
84,68,0.0,-0.0034042937
84,69,0.0,0.0013181814
84,70,0.0,-0.005923351
84,71,0.0,0.004640839
84,72,0.0,-0.0018138187
84,73,0.0,0.0065686046
84,74,0.0,0.0038163667
84,75,0.0,-0.0012639491
84,76,0.0,0.0039731497
84,77,0.0,0.004876563
84,78,0.0,-0.0037375677
84,79,0.14686686310408,0.008183956
84,80,0.0,-0.0034729722
84,81,0.0,-0.005832705
84,82,0.0,0.0015920196
84,83,0.0,0.0022840183
84,84,0.0,-0.021707198
84,85,0.0,0.0067766444
84,86,0.0,0.003471647
84,87,0.0,0.006519348
84,88,0.0,0.00070350245
84,89,0.0,0.0027581938
84,90,0.0,0.006900446
84,91,-0.161313515652833,0.0077095586
84,92,0.0,0.0005986388
84,93,0.0,0.0077557336
84,94,0.0,0.005733201
84,95,0.0,-0.0042018034
84,96,0.0,0.003962432
84,97,0.0,-0.0010816134
84,98,0.0,0.0043182564
84,99,0.0,-0.0046450277
84,100,0.0,0.0072701466
85,1,0.0,-0.002672886
85,2,0.0,0.0010230364
85,3,0.0,-0.0013785572
85,4,0.0,0.0010033036
85,5,0.0,0.00083482824
85,6,0.0,-0.0018760451
85,7,0.0,0.0012891577
85,8,0.0,-0.0032460315
85,9,0.0,0.0005681191
85,10,0.0,0.0015731477
85,11,0.0,0.0028814534
85,12,-0.159072141162698,0.005981107
85,13,0.0,0.00073878677
85,14,0.0,-0.001139713
85,15,0.0,0.005221278
85,16,0.0,0.0048740315
85,17,0.0,0.0052775
85,18,0.0,0.0059729484
85,19,0.0,0.007549279
85,20,0.0,0.00805838
85,21,0.0,-0.005517337
85,22,0.158356155570819,0.002920589
85,23,0.0,-0.0018418375
85,24,0.0,-0.0018914007
85,25,-0.17769586583214,0.0065467474
85,26,0.0,0.0035458752
85,27,0.0,0.0074452185
85,28,0.0,0.0077719116
85,29,0.0,0.0065412414
85,30,0.0,0.0067909923
85,31,0.0,0.00085307215
85,32,0.0,0.004068216
85,33,0.0,0.005582631
85,34,0.0,0.0015229823
85,35,0.0,-0.0033548246
85,36,0.0,0.0074463743
85,37,0.0,0.0023925528
85,38,0.16304318799522,0.007861471
85,39,0.0,0.0151331145
85,40,0.0,1.0090414e-05
85,41,0.0,0.008171488
85,42,0.0,0.0024986607
85,43,-0.160732620281036,0.0025693476
85,44,0.0,0.007052856
85,45,0.0,0.006004811
85,46,0.0,0.006509119
85,47,0.0,0.005112111
85,48,0.0,-0.0019956501
85,49,0.0,-0.0035879344
85,50,0.0,0.0052753934
85,51,0.0,-0.0022097374
85,52,0.0,0.0023781997
85,53,-0.151698387998592,0.0013836299
85,54,0.0,-0.0010581096
85,55,0.0,-0.0052121324
85,56,0.0,0.001897905
85,57,0.0,-0.0024308984
85,58,0.0,0.0038984707
85,59,0.0,-0.00015494786
85,60,0.0,-0.0045642583
85,61,0.0,-0.0024065087
85,62,0.0,-0.0021324721
85,63,0.0,0.0071434653
85,64,0.0,0.0025572567
85,65,0.0,0.0011351486
85,66,0.168651635210106,0.007418378
85,67,0.0,-8.4941974e-05
85,68,0.0,0.0021763532
85,69,0.0,0.0017938898
85,70,0.0,0.005497864
85,71,0.0,0.005285109
85,72,0.0,0.0012241434
85,73,0.0,0.00217805
85,74,0.0,0.0040941993
85,75,0.0,0.0028843507
85,76,0.0,-0.0014272546
85,77,0.0,0.006956208
85,78,0.0,0.006265039
85,79,0.0,0.0032827077
85,80,0.0,0.008339442
85,81,0.0,-0.0030215168
85,82,0.0,0.00035706302
85,83,0.0,0.00036479067
85,84,0.0,0.0069854097
85,85,0.0,-0.021707198
85,86,0.0,-0.0061993306
85,87,0.0,0.0015848144
85,88,0.0,0.0007317127
85,89,0.146936496853833,0.004398884
85,90,0.0,-0.010280421
85,91,0.0,-0.0019645826
85,92,0.0,-0.00079653435
85,93,0.0,-0.00042439392
85,94,0.0,0.016006725
85,95,0.0,0.00802917
85,96,0.0,0.006346991
85,97,0.0,-0.0040042726
85,98,0.0,0.0031608064
85,99,0.0,-0.0033925804
85,100,-0.164969110582471,0.00015224284
86,1,0.0,0.007103788
86,2,0.0,0.004465953
86,3,0.0,-0.0031536575
86,4,0.0,0.0071341214
86,5,0.0,-0.00289538
86,6,0.0,-0.0056862403
86,7,0.0,0.008036872
86,8,0.0,0.0021010404
86,9,0.0,0.007233053
86,10,0.0,0.0022799508
86,11,0.0,0.003441642
86,12,0.0,-0.00449376
86,13,0.16109088914435,-0.0046654483
86,14,0.0,0.0033532833
86,15,0.0,-0.0011616736
86,16,0.0,0.002969556
86,17,0.0,-0.0034979372
86,18,0.0,0.0061000534
86,19,0.0,-0.0025041155
86,20,0.0,0.0042111636
86,21,0.0,-0.0023862566
86,22,0.0,0.0059311087
86,23,0.0,-0.001702291
86,24,0.0,0.002023934
86,25,0.0,0.0079039
86,26,0.0,-0.00011504302
86,27,0.0,0.0057037133
86,28,0.0,0.00540549
86,29,0.0,-0.0059745773
86,30,0.0,0.006751098
86,31,0.0,0.0075910226
86,32,-0.142792800629065,0.0011850414
86,33,0.159686187562388,0.0073539508
86,34,0.0,0.0024372158
86,35,0.0,0.008099286
86,36,0.163625951757614,0.005762977
86,37,0.0,0.0068755248
86,38,0.0,0.0039325985
86,39,0.0,-0.0037492742
86,40,0.0,0.0014690489
86,41,0.0,0.005580179
86,42,0.0,-0.0025145188
86,43,0.0,0.0029694913
86,44,0.150537716852452,0.007170373
86,45,-0.171973524155481,0.003543538
86,46,0.0,0.0057232506
86,47,0.0,0.004242739
86,48,0.0,0.0019667302
86,49,0.0,-0.008968549
86,50,0.0,-0.0074383733
86,51,0.0,0.010129288
86,52,0.0,0.0005908215
86,53,0.144935318634248,0.005889635
86,54,0.0,0.0052523077
86,55,0.0,-0.020209858
86,56,0.0,0.0073116594
86,57,0.0,0.0008071787
86,58,0.0,0.0082793515
86,59,0.0,0.0052899607
86,60,0.0,-0.005435727
86,61,0.0,-0.002259457
86,62,0.0,-0.0051282286
86,63,0.0,0.0050750608
86,64,0.0,0.0056082294
86,65,0.0,0.0073506855
86,66,0.161132750386185,0.007841583
86,67,0.0,0.0057845055
86,68,0.0,0.0038337894
86,69,0.0,-0.0013580504
86,70,0.0,0.0061740917
86,71,0.0,0.004808105
86,72,0.0,-0.006807732
86,73,0.0,0.0043600397
86,74,0.0,0.005931255
86,75,0.0,0.006708885
86,76,0.0,0.0008832065
86,77,0.0,0.0019280971
86,78,0.0,-0.0016542105
86,79,0.0,0.0027584978
86,80,0.0,-0.0038464572
86,81,0.0,0.007102004
86,82,-0.159020286133738,-0.009893354
86,83,0.0,0.004749876
86,84,0.0,0.0023748563
86,85,0.0,-0.0065596416
86,86,-0.329246779670939,-0.021707198
86,87,0.0,-0.0041195652
86,88,0.0,0.008394768
86,89,-0.145269486434201,-0.0007768399
86,90,0.0,0.0049640746
86,91,0.0,0.0030758386
86,92,0.0,0.0037576705
86,93,0.0,0.0053821323
86,94,0.0,0.0024597063
86,95,0.0,0.007965263
86,96,0.0,-0.0011236279
86,97,0.0,-0.004471596
86,98,0.0,0.0022244467
86,99,-0.136915921888305,-0.007985629
86,100,0.0,0.0073835324
87,1,0.0,0.0039511006
87,2,0.0,-0.0031078872
87,3,0.0,0.0042265407
87,4,0.0,0.0037764315
87,5,0.0,0.0051432927
87,6,0.0,-0.0024054195
87,7,0.0,-0.0029883417
87,8,0.0,-0.003925171
87,9,0.0,-0.0034477669
87,10,0.0,0.0042765057
87,11,0.0,-0.003169779
87,12,0.0,-0.0030181673
87,13,0.0,0.0032233633
87,14,0.0,0.007438488
87,15,0.0,-0.010845169
87,16,0.0,-0.004719462
87,17,0.0,0.003896295
87,18,0.0,0.0033834763
87,19,0.0,0.005629987
87,20,0.0,0.006063675
87,21,0.0,0.0013324455
87,22,0.0,0.00838674
87,23,0.0,0.0048455
87,24,0.0,-0.00286968
87,25,0.0,-0.0036916747
87,26,0.0,-1.6936567e-05
87,27,0.0,-0.005605699
87,28,0.0,-0.0009100386
87,29,0.0,-0.0044441354
87,30,0.0,0.00431541
87,31,0.0,0.004634001
87,32,0.0,-0.007349374
87,33,0.0,-0.009647513
87,34,0.0,-0.000831011
87,35,0.0,0.005065669
87,36,0.0,-0.0031116887
87,37,0.0,0.0019432683
87,38,0.0,0.005784157
87,39,0.0,0.0036027143
87,40,0.0,-0.008628977
87,41,0.0,0.007868044
87,42,0.0,0.002313842
87,43,0.0,-0.006681074
87,44,0.0,-0.004490165
87,45,0.0,-0.0019237404
87,46,0.0,0.004944959
87,47,0.0,0.0008395973
87,48,0.0,0.008137364
87,49,0.0,0.006575095
87,50,0.0,0.0064427885
87,51,0.0,7.9317484e-05
87,52,0.0,-0.00044263387
87,53,0.0,-0.0074577318
87,54,0.0,0.00011398923
87,55,0.0,-0.0111361705
87,56,0.146718844734344,-0.0042623244
87,57,0.0,0.0047717127
87,58,0.0,0.0021293904
87,59,0.0,-0.0050923782
87,60,0.0,-0.006870887
87,61,0.0,0.005985159
87,62,0.0,-0.0056527224
87,63,0.0,0.003737913
87,64,0.0,0.0025087418
87,65,0.0,0.008107625
87,66,0.0,0.0033493787
87,67,0.0,-0.002904371
87,68,0.0,0.003927401
87,69,0.0,0.0068097156
87,70,-0.141117745048066,0.0067518023
87,71,0.0,-0.006025198
87,72,0.0,0.0018788469
87,73,0.0,0.0014401195
87,74,0.0,0.010401752
87,75,0.0,0.0022981786
87,76,0.0,-0.0022231252
87,77,0.0,-4.3534907e-05
87,78,0.0,-0.0030923984
87,79,0.0,-0.0029573743
87,80,0.0,0.0025356994
87,81,-0.153955839508888,0.0055503645
87,82,0.0,-0.008270711
87,83,0.0,-1.3471581e-06
87,84,0.0,0.005192012
87,85,0.0,0.0015144045
87,86,0.0,-0.0009567118
87,87,0.0,-0.021707198
87,88,0.0,-0.0050069974
87,89,0.0,0.00026495522
87,90,0.0,1.961342e-05
87,91,0.0,-0.002292856
87,92,0.0,0.003620104
87,93,0.0,0.0046965806
87,94,0.0,0.0033482383
87,95,0.0,-0.002092021
87,96,0.0,0.008096516
87,97,0.0,0.0052814386
87,98,0.0,0.0021312186
87,99,0.0,-0.00052637607
87,100,0.0,0.005435441
88,1,0.0,0.0054881866
88,2,0.0,-0.0032503824
88,3,0.0,-0.0042146775
88,4,0.0,0.002313884
88,5,0.0,0.004646463
88,6,0.0,-0.0009946139
88,7,0.0,0.0015068136
88,8,0.0,0.0049637803
88,9,0.0,0.001447536
88,10,0.0,0.0046871617
88,11,0.0,-3.8722064e-05
88,12,0.147303628250983,0.006106675
88,13,0.0,0.005755671
88,14,0.0,0.0043055243
88,15,0.0,-0.012112485
88,16,0.0,0.0077269585
88,17,0.153856915063253,0.0040427605
88,18,0.0,0.005553896
88,19,0.0,-0.004158328
88,20,0.0,0.0056584957
88,21,0.0,0.008133978
88,22,0.0,0.0049871565
88,23,0.0,0.0034266138
88,24,-0.15431478093922,-0.0073138825
88,25,0.0,0.007165301
88,26,0.0,-0.006554136
88,27,0.0,0.0056273905
88,28,0.0,-0.00041973847
88,29,0.0,-0.0007209359
88,30,0.0,0.006274125
88,31,0.0,0.0050491816
88,32,0.0,0.005824804
88,33,0.0,-0.0034817453
88,34,0.0,0.0034196414
88,35,0.0,-0.0072862185
88,36,0.0,-0.0048510875
88,37,0.0,0.0013935112
88,38,0.0,6.5482454e-05
88,39,0.0,-0.0042262273
88,40,0.0,0.0016099797
88,41,0.0,-0.003551046
88,42,0.0,-0.0035554194
88,43,0.0,-0.0014478522
88,44,0.0,0.0034453128
88,45,0.0,-0.003506027
88,46,0.0,0.0032251212
88,47,0.0,0.0035205237
88,48,0.0,-0.0007067807
88,49,0.0,-0.0025169812
88,50,0.0,0.0019877772
88,51,-0.143174339468882,0.006148446
88,52,0.0,0.0007948396
88,53,0.0,0.004364795
88,54,0.0,-0.0013825521
88,55,0.0,0.007592468
88,56,0.0,-0.002653289
88,57,0.0,0.0039606877
88,58,0.0,0.001199883
88,59,0.0,-0.0053417822
88,60,0.0,0.0010187752
88,61,0.0,-0.0006983967
88,62,0.0,0.002254073
88,63,0.0,0.006227828
88,64,0.0,-0.0037288
88,65,0.0,0.006651237
88,66,0.0,0.0003743847
88,67,0.0,0.0064222147
88,68,0.0,0.003168373
88,69,0.0,0.0012311032
88,70,0.0,0.0065416764
88,71,0.0,0.001508933
88,72,0.0,0.007781156
88,73,0.0,0.0068311584
88,74,0.0,0.0017667599
88,75,0.0,0.0012579714
88,76,0.0,0.0038834843
88,77,0.0,0.002717121
88,78,0.0,-0.0005817844
88,79,0.0,-0.0040039564
88,80,0.0,0.0033886246
88,81,0.0,0.005840263
88,82,0.0,0.0033480967
88,83,0.0,0.005354024
88,84,-0.140854987505057,0.00023939973
88,85,0.0,0.0007292032
88,86,0.151989563232702,0.008380091
88,87,0.0,-0.0055979053
88,88,0.0,-0.021707198
88,89,0.0,0.002867152
88,90,0.0,-0.001658835
88,91,0.0,0.0070753037
88,92,0.0,0.006663338
88,93,0.0,0.003372755
88,94,0.0,-0.0029998482
88,95,0.0,-0.0015648846
88,96,0.0,0.00523129
88,97,0.0,0.00997466
88,98,0.0,0.007581202
88,99,0.0,-0.0045221434
88,100,0.0,-0.0018767933
89,1,0.0,-0.0011450392
89,2,0.0,0.0034550373
89,3,0.0,0.0035879295
89,4,0.0,-0.0052593956
89,5,0.0,0.0052893204
89,6,0.0,0.006419458
89,7,0.0,0.0036379849
89,8,-0.162911003286393,-0.0057012737
89,9,0.0,0.0051820404
89,10,0.0,-0.004529936
89,11,0.0,0.003225165
89,12,0.0,0.008171275
89,13,-0.163240661980024,0.0029584006
89,14,0.0,0.0035478058
89,15,0.0,0.007502846
89,16,0.0,-0.00035502994
89,17,0.160860100412192,-0.0051520676
89,18,0.0,0.0044065057
89,19,0.162936678563033,-0.0009766207
89,20,0.0,0.00058373157
89,21,0.0,0.0027980134
89,22,0.153315330038319,0.0027985158
89,23,0.0,0.0032069613
89,24,0.0,-0.0052211615
89,25,-0.172039414687076,0.0062037916
89,26,0.0,0.0002459227
89,27,0.0,-0.0061929454
89,28,0.0,0.0019265478
89,29,0.0,0.002815377
89,30,0.0,0.0022722892
89,31,0.0,0.00455774
89,32,0.0,-0.00409351
89,33,0.0,0.0060294108
89,34,0.0,-0.0053431145
89,35,0.0,-0.005660804
89,36,0.0,0.0038629207
89,37,0.0,-0.003400546
89,38,0.0,-0.0007596789
89,39,0.0,0.0014096242
89,40,0.0,-0.0015379717
89,41,0.0,0.0011644368
89,42,0.0,0.008155819
89,43,0.0,0.0013817612
89,44,-0.152546656626469,0.0064585083
89,45,0.0,0.0040770513
89,46,0.0,-0.002935234
89,47,0.0,0.0014543568
89,48,0.0,-0.0026633064
89,49,0.0,0.0024867593
89,50,0.0,0.0029362454
89,51,0.0,0.0075704516
89,52,0.0,-0.0044254824
89,53,0.0,-0.0038444656
89,54,0.0,-0.0019428346
89,55,0.0,0.0048418026
89,56,0.0,-0.004744128
89,57,0.0,-0.0012040022
89,58,0.0,-0.0039417828
89,59,0.0,0.007755075
89,60,0.0,0.0064426255
89,61,0.0,0.007395159
89,62,0.0,0.008311123
89,63,0.0,-0.0031723343
89,64,0.0,0.0042764437
89,65,0.0,0.0012721852
89,66,0.163283081864008,0.0012159403
89,67,0.0,-0.0041943276
89,68,0.0,0.001624933
89,69,-0.148349466146264,-0.0007321504
89,70,0.0,0.0025302693
89,71,0.0,-0.0048941863
89,72,0.0,0.00076111243
89,73,0.0,0.0017290795
89,74,0.0,0.0015441973
89,75,0.0,0.006142963
89,76,0.0,0.0058763144
89,77,0.0,0.0018393924
89,78,0.0,0.0024014125
89,79,0.0,-0.0021448354
89,80,0.0,-0.0043437243
89,81,0.0,0.0043121395
89,82,0.0,0.008117808
89,83,0.0,0.0019835276
89,84,0.0,0.004920461
89,85,0.0,0.005221065
89,86,0.0,0.0017296919
89,87,-0.152236770242063,-0.00010196259
89,88,0.0,0.0049194656
89,89,-0.1563165623229,-0.021707198
89,90,0.0,-0.0016810135
89,91,0.0,0.0017637764
89,92,0.0,-0.003822315
89,93,0.0,0.0073001753
89,94,0.0,-0.0012945082
89,95,0.0,-0.001915295
89,96,0.0,0.0042141196
89,97,0.0,0.004535766
89,98,0.0,0.004439485
89,99,0.0,0.005247453
89,100,0.0,0.0030324315
90,1,0.0,0.007890724
90,2,0.0,0.0033340105
90,3,0.0,0.0013700125
90,4,0.0,0.009299392
90,5,0.0,0.007778011
90,6,0.0,-0.004628977
90,7,0.0,0.0019572633
90,8,0.0,-0.002403994
90,9,0.0,-0.011562342
90,10,0.0,0.0036928286
90,11,0.0,0.0032265247
90,12,-0.16162927542466,0.0003077786
90,13,0.0,0.0016378555
90,14,-0.167703512833078,-0.006698458
90,15,0.0,-0.0047263973
90,16,0.0,0.00039456994
90,17,0.0,0.001496861
90,18,0.0,0.002234371
90,19,0.170999218568227,0.0017517493
90,20,0.0,-0.005542268
90,21,0.0,-0.0030523636
90,22,0.0,0.007653509
90,23,0.0,-0.0029744166
90,24,0.0,0.0010661208
90,25,0.0,0.007736486
90,26,0.162838895314198,0.0009373743
90,27,-0.159508363110908,0.0030440628
90,28,0.0,-0.0026676029
90,29,0.0,0.0070124357
90,30,0.0,-0.0037711966
90,31,0.0,-0.0121211205
90,32,0.0,-0.004152169
90,33,0.0,-0.008597339
90,34,0.0,-0.0009821956
90,35,0.0,-0.00097282697
90,36,0.0,0.0008417829
90,37,0.0,-0.0035243342
90,38,0.0,0.0033290614
90,39,0.0,-0.004418638
90,40,0.0,0.005193101
90,41,0.155514853975059,0.0040688436
90,42,0.0,0.000988231
90,43,0.0,-0.002090797
90,44,0.0,-0.0010155807
90,45,0.0,0.0063627125
90,46,0.0,-0.009346612
90,47,-0.16905455917529,0.0031894636
90,48,0.0,0.00014080154
90,49,0.0,0.0052891476
90,50,0.0,0.0036921608
90,51,-0.157098402955362,0.0039849435
90,52,0.0,-0.0019402651
90,53,0.0,-0.0013750666
90,54,0.0,0.00692216
90,55,0.164049564994133,-0.022072954
90,56,0.0,-0.0031412323
90,57,0.0,-0.004186856
90,58,0.164025596360139,0.0019647698
90,59,0.0,-0.0045130155
90,60,0.0,-0.0037361742
90,61,0.0,0.003950826
90,62,0.156781893802663,-0.003229707
90,63,0.0,0.00015137298
90,64,0.0,0.00045684213
90,65,0.0,-0.0044429735
90,66,0.171362762825411,0.0067354837
90,67,0.0,-0.0030826018
90,68,0.0,0.0050372523
90,69,0.0,0.00079241814
90,70,0.0,0.005219875
90,71,0.0,-0.00591788
90,72,0.0,0.0017769602
90,73,0.0,9.029126e-05
90,74,0.0,0.0014198166
90,75,-0.177905242009506,-0.0045197723
90,76,-0.156346726466512,-0.0055864104
90,77,0.0,0.0035517192
90,78,0.0,-0.0056176814
90,79,0.0,0.01882059
90,80,0.0,-0.005042587
90,81,0.0,0.005625565
90,82,0.0,0.006499044
90,83,0.0,-3.5675243e-05
90,84,0.0,0.008127285
90,85,0.0,-0.00759469
90,86,0.0,0.004698486
90,87,0.0,0.0046922592
90,88,0.0,-0.0014151358
90,89,0.0,-0.0013349531
90,90,0.0,-0.021707198
90,91,0.0,-0.003125735
90,92,0.0,-0.0031664954
90,93,0.0,0.0005982085
90,94,0.0,-0.0032508553
90,95,0.0,0.0068475553
90,96,0.0,-0.00038316753
90,97,0.0,-0.006343502
90,98,0.0,0.0024600797
90,99,0.0,0.007974673
90,100,-0.167178002741382,0.004079213
91,1,-0.159765088370485,0.0056003663
91,2,0.0,0.004137992
91,3,0.0,0.006890829
91,4,0.0,-0.007930105
91,5,0.0,-0.0037806402
91,6,0.0,-0.0028075124
91,7,0.0,0.0036351564
91,8,0.0,-0.0038817297
91,9,0.0,-0.0029131058
91,10,0.0,0.0028019366
91,11,0.0,0.00042622024
91,12,0.0,-0.009993443
91,13,0.0,0.0068172463
91,14,0.0,-0.0038083172
91,15,0.0,0.000647204
91,16,0.0,-0.002573287
91,17,0.0,0.0068263537
91,18,0.0,0.0023956518
91,19,0.0,0.003349312
91,20,0.0,0.003628078
91,21,-0.159078909246438,0.004328047
91,22,0.0,0.0070546423
91,23,0.0,0.0032855165
91,24,0.0,-0.0026910077
91,25,0.0,-0.0037860349
91,26,0.0,-0.0058764922
91,27,-0.153433059675572,0.002705772
91,28,0.0,0.001919352
91,29,0.0,0.003872002
91,30,0.0,0.002520096
91,31,0.0,0.0071854466
91,32,0.0,-0.016934251
91,33,0.0,-0.0025562006
91,34,0.0,-0.012266986
91,35,0.0,-0.012479408
91,36,0.0,0.0012912943
91,37,0.163760013426521,0.006271022
91,38,0.0,0.0061648213
91,39,0.0,-0.0038444423
91,40,0.0,0.003220811
91,41,0.0,-0.009165512
91,42,0.0,0.006521585
91,43,0.0,0.0024272487
91,44,0.0,0.0021663602
91,45,0.0,0.0026092515
91,46,0.0,0.0028419294
91,47,0.0,-0.0063855634
91,48,0.181255616223921,-0.00461108
91,49,0.0,-0.0048403805
91,50,0.0,0.008677982
91,51,-0.151114889310394,4.7695357e-05
91,52,0.0,0.0060802926
91,53,0.0,0.0010059678
91,54,0.0,0.0013089404
91,55,0.0,0.005070441
91,56,0.0,0.0017252997
91,57,0.0,0.00511529
91,58,0.0,0.0073973364
91,59,0.163756816482708,-0.0022597215
91,60,0.0,0.0069332845
91,61,0.0,-0.0054951496
91,62,0.0,0.0076286294
91,63,0.160531302476548,-0.011063142
91,64,0.0,-0.003669208
91,65,0.0,0.005233523
91,66,0.0,0.000116115436
91,67,0.0,0.005485267
91,68,0.0,-0.0014631995
91,69,0.0,-0.004445212
91,70,0.0,-0.001808871
91,71,0.0,0.0031008632
91,72,0.0,0.0020039487
91,73,0.0,0.0037919162
91,74,0.0,0.0022212309
91,75,-0.171129244144158,0.0073234984
91,76,0.0,0.0016430449
91,77,0.0,0.0024047052
91,78,0.0,0.0010193591
91,79,0.0,0.004625727
91,80,0.0,-0.0038373382
91,81,0.0,0.0008477282
91,82,0.0,-0.0061752605
91,83,0.152531556137883,-0.0043619624
91,84,0.0,-0.003972032
91,85,0.0,-0.0020613591
91,86,0.0,0.002699126
91,87,0.0,-0.0012475266
91,88,0.0,0.007111464
91,89,0.0,0.004960409
91,90,0.0,-0.0031962045
91,91,0.0,-0.021707198
91,92,0.0,0.0079767
91,93,0.0,0.0043532276
91,94,0.159411427204501,0.0028847815
91,95,0.147668909680766,0.0036236485
91,96,0.0,-0.0006684109
91,97,0.0,0.0041568964
91,98,0.0,0.0029302333
91,99,0.0,0.0081211515
91,100,0.0,0.00080385525
92,1,0.0,0.0011112995
92,2,0.0,-0.0046697687
92,3,0.0,0.0066328584
92,4,0.0,0.0013290308
92,5,0.0,0.0025194911
92,6,0.0,0.008173138
92,7,0.0,0.005363384
92,8,0.0,-0.0033103689
92,9,0.0,0.0079631265
92,10,0.0,0.0056884442
92,11,0.0,-0.005065147
92,12,-0.153631739103985,-0.00049978634
92,13,0.0,-0.002129424
92,14,0.0,0.0007059402
92,15,0.0,0.0016760645
92,16,0.0,0.004331412
92,17,0.0,0.0025578593
92,18,0.0,0.004361298
92,19,0.0,-0.003862362
92,20,-0.167608234731253,0.0024914108
92,21,0.0,0.005227078
92,22,0.0,0.0020220322
92,23,0.0,-0.0034502677
92,24,0.0,0.0055112024
92,25,0.0,0.007834649
92,26,0.0,0.00017192354
92,27,0.0,-0.0016874815
92,28,0.0,0.0058502113
92,29,0.0,0.002925252
92,30,0.0,0.0031254836
92,31,0.0,0.0037412704
92,32,0.0,0.0014607247
92,33,0.0,-0.00058379816
92,34,0.0,0.0055560307
92,35,0.0,0.006600848
92,36,0.0,0.007396446
92,37,0.0,-0.004002894
92,38,0.0,0.0059390445
92,39,0.0,0.0019354881
92,40,0.0,0.001852727
92,41,0.0,-0.004748784
92,42,0.0,-0.0042744335
92,43,0.0,-0.0028528678
92,44,0.0,0.00022308389
92,45,0.0,0.0019042138
92,46,0.0,0.006110734
92,47,0.160689614312252,0.006352057
92,48,0.0,-0.006413365
92,49,0.0,0.008106843
92,50,0.0,-0.001277139
92,51,0.0,-0.0051742652
92,52,0.0,0.0035550208
92,53,0.0,-0.0038996763
92,54,0.0,-0.0039019112
92,55,0.0,0.0048467577
92,56,0.0,-0.010301594
92,57,0.0,0.0034498507
92,58,0.155909488303821,0.0020812205
92,59,0.0,0.008116918
92,60,0.0,-0.0015609469
92,61,0.0,0.007576331
92,62,0.0,-0.0067322277
92,63,0.0,0.004192675
92,64,0.0,-0.0042058257
92,65,-0.163786883218841,-0.0007782333
92,66,0.0,0.005627317
92,67,0.0,-0.00017913757
92,68,0.0,0.008887747
92,69,0.0,0.0038130088
92,70,0.0,-0.00013025105
92,71,0.0,0.0074375276
92,72,0.0,0.0031062202
92,73,0.0,0.003577827
92,74,0.0,-0.00032589398
92,75,0.0,-0.0024126016
92,76,0.0,-0.003389982
92,77,0.0,0.00074761035
92,78,0.0,0.0013780831
92,79,0.0,0.0046314634
92,80,0.0,0.004862183
92,81,0.0,0.0017232858
92,82,0.0,0.0048929104
92,83,0.0,-0.0027201322
92,84,0.0,0.0033044247
92,85,0.0,-0.00072287326
92,86,0.0,0.0037559033
92,87,0.0,0.0028522587
92,88,0.153641070020446,0.006900705
92,89,0.0,-0.0028177924
92,90,0.0,-0.0033870772
92,91,0.0,0.00805869
92,92,0.0,-0.021707198
92,93,-0.149461777086494,0.008161981
92,94,0.0,0.005712273
92,95,0.0,0.0034154165
92,96,0.0,-0.0029691854
92,97,0.0,0.005801748
92,98,0.0,-0.0005460634
92,99,0.0,0.0039472515
92,100,0.0,-0.0016427741
93,1,0.145949898794898,0.004614443
93,2,0.0,0.006547553
93,3,0.0,0.00040340866
93,4,-0.141643486311084,0.004646211
93,5,0.0,0.0033812677
93,6,0.0,0.0056634084
93,7,-0.143178876428719,0.0046145194
93,8,0.0,-0.0039763926
93,9,0.0,-0.0052976185
93,10,0.0,-0.0002780012
93,11,0.0,0.0010020356
93,12,0.0,-0.000874877
93,13,0.0,0.00045971852
93,14,0.0,0.0022800234
93,15,0.0,0.0042592245
93,16,-0.149877852762061,0.003219482
93,17,0.0,0.006241294
93,18,0.0,0.004123628
93,19,0.0,0.0055551906
93,20,0.0,0.0012152956
93,21,0.0,-0.008527778
93,22,0.0,-0.00072802557
93,23,0.0,0.0036481968
93,24,0.0,0.003834093
93,25,-0.158657506508524,0.005229388
93,26,0.0,0.0036602663
93,27,0.0,-0.0006959541
93,28,0.0,-0.0060251043
93,29,0.0,0.0021546371
93,30,0.0,-0.008972032
93,31,0.0,0.0022438788
93,32,0.0,-0.012929937
93,33,0.0,-0.0003485164
93,34,0.0,0.006534387
93,35,0.0,-0.0030752816
93,36,0.0,-0.0042742784
93,37,0.0,0.0033974652
93,38,0.0,0.0014360729
93,39,0.0,0.0012721128
93,40,0.0,-6.6073844e-05
93,41,0.0,-0.00957945
93,42,0.0,0.0014584833
93,43,0.0,0.0032488825
93,44,0.0,0.004474064
93,45,0.0,0.007561063
93,46,0.14412370973313,-0.0040732995
93,47,0.0,-0.005978051
93,48,0.0,-0.0048050373
93,49,0.0,0.007231618
93,50,0.0,0.0012185422
93,51,0.0,0.0053837327
93,52,0.0,0.0011903946
93,53,0.0,-0.0054355836
93,54,0.0,0.0051656403
93,55,0.0,0.0048372108
93,56,0.0,-0.0061796913
93,57,0.0,0.0066753016
93,58,0.0,0.0032026712
93,59,0.0,0.0017076628
93,60,0.0,0.006890698
93,61,0.0,0.0028938432
93,62,0.0,0.004974878
93,63,0.0,-0.00487122
93,64,0.0,-0.009848526
93,65,0.0,0.0070831017
93,66,0.0,-0.00029546628
93,67,0.0,0.0037411642
93,68,0.0,0.0039067636
93,69,0.0,0.0030131205
93,70,0.0,0.0034467406
93,71,0.133814559364561,0.004049745
93,72,0.0,0.004545253
93,73,0.0,0.0034255935
93,74,0.0,0.0046171914
93,75,0.0,0.007880647
93,76,0.0,0.0069036395
93,77,0.0,-0.004371854
93,78,0.0,-0.0032532741
93,79,0.0,-0.0005635051
93,80,0.0,0.0019776248
93,81,0.0,0.00038344134
93,82,0.0,-0.0028129732
93,83,0.0,-0.004983857
93,84,0.0,0.0025545545
93,85,0.0,0.0020358483
93,86,-0.146547276046136,0.005817302
93,87,0.0,0.0043407236
93,88,0.0,0.002829269
93,89,0.148502963018002,0.007318895
93,90,0.0,0.004544305
93,91,-0.149915270614291,0.00409711
93,92,0.0,0.008083845
93,93,0.0,-0.021707198
93,94,0.0,-0.00065090135
93,95,0.0,-0.0033411204
93,96,0.0,0.0009790969
93,97,0.145275330887184,-0.002008622
93,98,0.0,0.005210322
93,99,0.0,0.0048350897
93,100,0.0,0.0046050963
94,1,0.0,0.0040885997
94,2,0.0,-0.0059601134
94,3,0.0,0.0038893088
94,4,0.0,-0.002786261
94,5,0.0,-0.0022797952
94,6,0.0,-0.0048624254
94,7,0.148536571746536,-0.0012853253
94,8,0.0,0.0020692116
94,9,0.0,-0.0031651445
94,10,0.0,0.0018108594
94,11,0.0,0.0020645154
94,12,0.0,0.0047535114
94,13,0.0,0.00441476
94,14,0.0,0.006060409
94,15,0.148415155685092,0.00012646196
94,16,0.155486221049457,0.002678216
94,17,0.0,-0.0012186693
94,18,0.0,-0.0019682753
94,19,-0.155885590816295,-0.002510711
94,20,0.0,-0.0031098954
94,21,-0.150760984481684,0.004665217
94,22,0.0,0.0037705954
94,23,0.0,-0.0029075905
94,24,0.0,-0.013142778
94,25,0.0,0.00015001628
94,26,0.0,-0.010036828
94,27,0.0,0.0076910364
94,28,0.0,0.0014332836
94,29,0.0,-0.0035308138
94,30,0.0,0.0041473457
94,31,0.0,0.0040923115
94,32,0.0,0.0014417325
94,33,0.0,0.0050043953
94,34,0.0,-0.0005071289
94,35,0.0,-0.031232016
94,36,0.0,0.005903347
94,37,0.0,0.008140942
94,38,0.0,0.0078292005
94,39,0.0,-0.002489621
94,40,0.0,0.006947432
94,41,0.0,0.0077777873
94,42,0.0,0.00616367
94,43,0.0,-0.020832563
94,44,0.0,-0.0054759807
94,45,0.0,-0.006524917
94,46,0.0,0.0056746253
94,47,0.0,0.0052971784
94,48,0.171778114862605,-0.0041894424
94,49,0.0,0.006317021
94,50,0.0,0.0063010664
94,51,0.0,0.004068054
94,52,0.0,0.0055814604
94,53,0.0,0.0043620956
94,54,0.0,-0.0068787127
94,55,0.0,0.013539365
94,56,0.0,0.007203488
94,57,0.0,-0.0025453786
94,58,0.0,-0.0022219992
94,59,0.0,0.004718191
94,60,0.0,0.0061049894
94,61,0.0,0.003997764
94,62,0.0,0.0077582044
94,63,-0.152137434912876,-0.0020887465
94,64,0.0,-0.00038274238
94,65,0.157083310506423,0.00063486537
94,66,0.0,0.0048237643
94,67,0.0,0.00096307555
94,68,0.0,-0.0017083948
94,69,0.141929640283824,0.0047085304
94,70,0.0,0.00019856496
94,71,0.0,0.0051025213
94,72,0.0,-0.0044002337
94,73,0.0,0.0024339012
94,74,0.0,0.0057472293
94,75,0.0,-0.0021795938
94,76,0.0,0.007236975
94,77,0.0,0.0034521907
94,78,0.0,0.0064376895
94,79,0.15364196023056,0.0038889437
94,80,0.0,-0.0011660415
94,81,0.0,0.0040404475
94,82,0.0,0.0014583585
94,83,0.0,0.00072893244
94,84,0.0,0.005752263
94,85,0.15912518905404,0.0072133974
94,86,0.0,-0.00026044296
94,87,0.0,-0.004972909
94,88,0.0,-0.0030407812
94,89,0.0,-0.001974902
94,90,0.0,-0.004267244
94,91,0.0,-5.0720526e-05
94,92,0.0,0.007023714
94,93,0.0,-0.0039920616
94,94,0.0,-0.021707198
94,95,0.0,0.002674765
94,96,-0.160581327194767,-0.004640268
94,97,0.0,0.001869272
94,98,0.0,0.0013748619
94,99,-0.137622787940822,0.0074279555
94,100,0.0,0.0077680196
95,1,0.0,-0.0037048063
95,2,0.0,-0.0009690358
95,3,0.0,-0.00472281
95,4,0.0,-0.0026124073
95,5,0.0,0.0019385288
95,6,0.0,-0.0034635873
95,7,0.0,0.006899622
95,8,0.0,-0.0052851983
95,9,0.0,0.0034104162
95,10,0.0,-0.0023907116
95,11,0.0,-3.5672914e-05
95,12,0.152558851951005,0.0012390111
95,13,0.0,0.0029132478
95,14,0.0,0.0014608363
95,15,0.153668124314105,-0.0019275076
95,16,0.0,-0.004753638
95,17,0.0,0.006122529
95,18,0.0,-0.0001437054
95,19,0.0,-0.0038939766
95,20,0.0,-0.0018141423
95,21,0.0,0.005209415
95,22,0.0,0.006097778
95,23,0.0,0.0049701123
95,24,0.0,0.006973119
95,25,-0.170420018801811,-0.0010769209
95,26,0.0,-0.004701941
95,27,0.0,0.008121448
95,28,0.157907024886622,-0.004155879
95,29,0.0,0.00791299
95,30,0.0,0.001731629
95,31,0.0,0.007928081
95,32,0.0,0.004558047
95,33,0.0,0.0023848535
95,34,0.0,0.0020113136
95,35,0.149100767395157,0.0029511158
95,36,0.0,0.006635587
95,37,0.0,-0.0008577318
95,38,0.0,-0.0043118265
95,39,-0.147864011684844,0.0073021096
95,40,0.0,0.0073594856
95,41,0.0,0.0010096701
95,42,0.0,0.0050224937
95,43,0.0,0.0054594767
95,44,0.0,-0.0030047963
95,45,0.172628148390224,0.007958364
95,46,0.0,-0.0035912155
95,47,0.0,0.008413367
95,48,-0.177857986182747,-0.0005937235
95,49,0.0,-0.0028111932
95,50,0.0,-0.003263163
95,51,0.0,0.0077839005
95,52,0.0,-0.0038296669
95,53,0.0,0.0066075544
95,54,0.0,0.005508459
95,55,0.0,-0.006484694
95,56,0.0,0.0035865759
95,57,0.0,0.0006019762
95,58,0.0,0.0031897072
95,59,0.0,0.0009578073
95,60,0.0,-0.006809497
95,61,0.152446181841937,-0.0043659015
95,62,0.0,-0.003397631
95,63,0.0,0.0015460462
95,64,0.143862682207164,0.0041816146
95,65,0.0,-0.0030330215
95,66,0.0,-0.00466814
95,67,0.0,-0.0023617619
95,68,0.0,0.0074931015
95,69,0.0,0.008411348
95,70,0.0,0.008224171
95,71,0.0,0.006188259
95,72,0.0,0.0068279565
95,73,0.0,0.00036634505
95,74,0.0,0.006167183
95,75,0.0,-0.0056396895
95,76,0.0,0.006872606
95,77,0.0,-0.001332522
95,78,0.0,-0.0041357502
95,79,0.0,0.0030218638
95,80,0.0,0.0059257993
95,81,0.0,-0.0031146684
95,82,0.0,0.002216049
95,83,0.0,-0.0038903407
95,84,0.0,-0.0039656158
95,85,0.0,0.008172039
95,86,0.157411962968136,0.008105217
95,87,0.0,-0.0023443294
95,88,-0.152568117705018,0.0016075158
95,89,0.0,-0.0018345411
95,90,0.0,0.006773923
95,91,0.0,0.0060582836
95,92,0.0,0.0041776355
95,93,0.0,-0.0033636352
95,94,0.0,0.003384431
95,95,0.0,-0.021707198
95,96,0.0,0.0059995954
95,97,0.0,0.0007092976
95,98,0.0,0.0059063598
95,99,0.0,-0.0050018476
95,100,0.0,-0.0018471972
96,1,0.0,0.0037043188
96,2,0.0,-0.0037534102
96,3,0.0,0.0010081399
96,4,0.0,0.0027735727
96,5,0.0,0.0078360755
96,6,0.0,-0.00051881326
96,7,0.0,0.0028394265
96,8,0.0,-0.008972809
96,9,0.0,0.0014664736
96,10,0.0,-0.0050138584
96,11,0.0,-0.00063884305
96,12,0.0,0.0023416858
96,13,0.0,-0.0065178075
96,14,0.0,0.0041741775
96,15,0.0,-0.0043870225
96,16,0.0,0.0068482314
96,17,0.0,0.0027774689
96,18,0.0,0.0018385351
96,19,0.0,0.0039261933
96,20,0.0,0.005526442
96,21,0.0,0.0045547676
96,22,0.0,-0.010168111
96,23,0.0,0.0071953493
96,24,0.0,0.0008496344
96,25,0.0,0.0052087377
96,26,0.0,0.0016749222
96,27,0.0,0.00588368
96,28,0.0,0.0005765932
96,29,0.0,-0.0010341667
96,30,0.0,0.0010269145
96,31,0.15619280633698,-0.0031284662
96,32,0.0,-0.0022418723
96,33,0.0,-0.0054278183
96,34,0.0,-0.0048763747
96,35,0.146654600244461,-0.0020770426
96,36,0.0,0.0031871288
96,37,0.0,0.004886044
96,38,0.0,0.0005067582
96,39,0.0,0.0028379504
96,40,0.0,0.005641579
96,41,-0.144379347410137,-0.0053769094
96,42,0.0,0.0003666724
96,43,0.0,0.002903706
96,44,0.0,-0.0026536472
96,45,0.0,0.0029582889
96,46,0.0,0.0030774605
96,47,0.0,0.0020045578
96,48,0.0,0.00046204915
96,49,0.0,-0.006908934
96,50,0.0,0.003951976
96,51,0.0,-0.004389991
96,52,0.0,0.0035260133
96,53,0.0,0.0007609136
96,54,0.0,-0.0049434667
96,55,0.0,0.003991515
96,56,0.0,-0.0032105232
96,57,0.0,-0.006715639
96,58,0.0,-0.0031654425
96,59,0.0,-0.003220024
96,60,0.0,0.003581958
96,61,0.0,0.0076563633
96,62,-0.145555661947149,0.0061635296
96,63,0.0,-0.0076741497
96,64,0.0,-0.0030395216
96,65,0.0,0.0021205777
96,66,0.0,-0.0006603062
96,67,0.0,0.0049164356
96,68,0.0,-0.0047229743
96,69,0.0,-0.0054010893
96,70,0.0,-0.01203155
96,71,0.0,-0.0065991436
96,72,-0.152883657555576,0.005970714
96,73,0.0,-0.0030163652
96,74,0.0,0.00209944
96,75,0.0,0.0017417618
96,76,0.0,-0.0036894218
96,77,0.0,0.0032256031
96,78,0.0,-0.004128508
96,79,0.0,0.004111777
96,80,0.0,-0.004439199
96,81,0.158667332207741,0.0035558552
96,82,0.0,-0.016616557
96,83,0.0,0.00652552
96,84,0.0,0.0038776756
96,85,0.0,0.0065270592
96,86,0.0,-0.0011800141
96,87,0.0,0.007940548
96,88,0.0,0.005489383
96,89,0.0,0.004698854
96,90,0.0,-0.0015863827
96,91,0.0,3.342377e-05
96,92,0.0,-0.0025155167
96,93,0.0,-0.0004316219
96,94,0.0,-0.0045039724
96,95,0.0,0.005838482
96,96,0.0,-0.021707198
96,97,0.0,-0.0013351492
96,98,0.0,0.0012994842
96,99,0.0,0.0009894336
96,100,-0.176749749649825,-0.007808656
97,1,0.0,0.004863395
97,2,0.0,0.0059126806
97,3,0.0,0.0034973868
97,4,0.0,-0.004730067
97,5,0.0,0.003292289
97,6,0.0,-5.9838872e-05
97,7,0.0,0.0058074878
97,8,0.0,0.00016713422
97,9,0.0,0.0028223228
97,10,0.0,0.0040667993
97,11,0.0,0.0074846274
97,12,0.0,0.0072577936
97,13,0.0,0.0102766305
97,14,0.0,0.002691614
97,15,0.150839355326928,0.0039389655
97,16,0.0,-0.0007859147
97,17,0.0,0.006887425
97,18,0.0,0.0050215987
97,19,0.158431811865485,0.003697582
97,20,0.163373906771512,0.0022430243
97,21,0.0,0.008179311
97,22,0.0,0.010226352
97,23,0.0,0.020715382
97,24,0.0,-0.007166289
97,25,0.0,0.00088797277
97,26,0.0,0.0010345553
97,27,0.0,0.00523187
97,28,0.0,-0.0002127341
97,29,0.0,0.0074245245
97,30,0.0,-0.0003340554
97,31,0.0,0.005287627
97,32,0.0,-0.0067743794
97,33,-0.157343298724229,-0.0069555137
97,34,0.0,0.0035098516
97,35,0.0,-0.0023405536
97,36,0.0,0.0002761695
97,37,0.0,-0.003905605
97,38,0.0,0.0050305543
97,39,0.0,-0.0016293467
97,40,0.0,0.006252497
97,41,-0.144085454270274,-0.0034031929
97,42,0.0,-0.004000758
97,43,0.0,0.0031371
97,44,0.0,0.0055781524
97,45,0.0,0.008018995
97,46,0.0,0.0050991657
97,47,0.0,-0.0017529876
97,48,0.0,-0.01290033
97,49,0.0,0.0075211213
97,50,0.0,-0.0033548246
97,51,0.0,0.004404816
97,52,0.0,0.0042682393
97,53,0.0,0.0031330236
97,54,0.0,0.0020247716
97,55,0.0,0.007543488
97,56,-0.15090106947491,0.0068004546
97,57,0.0,0.0002812692
97,58,0.151970708645577,0.0004577213
97,59,0.0,0.0017453926
97,60,0.0,0.0044525894
97,61,0.149639906738803,0.0003113395
97,62,0.0,-0.00017756317
97,63,0.0,0.0110843405
97,64,0.0,-0.009871848
97,65,0.0,-0.002829175
97,66,0.0,-0.0009713606
97,67,0.0,-0.0056430027
97,68,0.0,0.0034202738
97,69,0.0,0.0060132765
97,70,0.0,-0.004194003
97,71,0.0,0.0036669322
97,72,0.0,0.006464347
97,73,0.0,0.0010337355
97,74,0.0,0.0033764518
97,75,0.0,0.0068406467
97,76,0.0,0.00819773
97,77,0.0,0.0026749116
97,78,0.0,0.007895667
97,79,0.0,-0.004574437
97,80,0.0,0.007634465
97,81,0.0,-0.0009987503
97,82,0.0,0.0028100386
97,83,0.0,0.003370333
97,84,0.0,0.0010865801
97,85,0.0,-0.0036835193
97,86,0.0,-0.004521281
97,87,0.0,0.004477811
97,88,0.0,0.007523094
97,89,0.0,0.0035135886
97,90,0.0,-0.0031426195
97,91,0.0,0.0049606846
97,92,0.0,0.0051892586
97,93,0.0,-0.0027272995
97,94,0.0,0.0019006296
97,95,0.0,0.00095088035
97,96,0.0,-0.0013618316
97,97,0.0,-0.021707198
97,98,0.0,0.0037684576
97,99,0.0,0.0045262394
97,100,0.161420339116959,0.014757294
98,1,0.0,0.007231847
98,2,-0.165690632656442,-0.010124246
98,3,0.0,0.0018077805
98,4,0.0,0.002224348
98,5,0.0,-0.008174535
98,6,0.0,0.0056015686
98,7,0.158023251032714,0.0054486343
98,8,0.0,-0.0032385816
98,9,0.0,0.00959781
98,10,0.0,-0.0039587948
98,11,-0.164850384354824,-0.005430804
98,12,0.0,0.0045694234
98,13,0.166151037615937,0.00058816303
98,14,0.0,0.0035033352
98,15,0.0,-0.0024133879
98,16,0.0,-0.0060607097
98,17,0.0,-0.006733018
98,18,0.0,0.0030011367
98,19,0.0,-0.0033310778
98,20,0.0,0.0047736466
98,21,0.0,0.005773612
98,22,0.0,-0.0055832304
98,23,0.0,0.0051938896
98,24,0.0,0.00037716446
98,25,0.0,0.007341949
98,26,0.0,-0.004957208
98,27,0.0,-0.01783457
98,28,-0.162249553033817,-0.0014876141
98,29,0.0,0.0020951931
98,30,0.0,0.006559149
98,31,0.0,-0.007537632
98,32,0.0,0.0044677393
98,33,0.0,0.0036667725
98,34,0.0,0.0032148636
98,35,0.0,0.00746965
98,36,-0.168765731009539,0.00498169
98,37,-0.16510940858465,0.0032389844
98,38,0.160667487210703,0.006871953
98,39,0.0,-0.0019146401
98,40,0.0,-0.0034463718
98,41,0.0,-0.0021556919
98,42,0.0,-0.00025720103
98,43,0.0,0.006777679
98,44,0.0,-0.00377587
98,45,-0.177375515354555,-0.0003174073
98,46,0.0,0.0053420546
98,47,-0.163955628906958,-0.0029966384
98,48,0.0,0.007144923
98,49,-0.16027927755135,0.005526809
98,50,0.0,-0.010930834
98,51,0.0,-1.5113736e-05
98,52,0.0,-0.0052051446
98,53,0.0,0.004050976
98,54,0.0,-0.0051511126
98,55,0.0,-0.0012301183
98,56,-0.15795868092056,0.0043705
98,57,0.163748418347746,0.00661864
98,58,0.0,0.0032310993
98,59,0.0,0.0007300449
98,60,0.0,-0.0015861872
98,61,0.0,0.0005943277
98,62,0.0,-0.0025501049
98,63,0.0,0.0039654733
98,64,0.0,0.0050612674
98,65,0.0,0.00046840822
98,66,0.166194213793086,0.0047440627
98,67,0.0,-0.00086874
98,68,0.0,0.004281715
98,69,0.0,0.005181424
98,70,0.0,-0.0032056347
98,71,0.0,0.008218324
98,72,0.0,0.0026570326
98,73,0.0,0.0035644765
98,74,0.0,0.0073989225
98,75,0.0,-0.001203042
98,76,0.0,0.0037693977
98,77,0.0,0.0017319
98,78,0.0,0.0068108332
98,79,0.0,0.0051154518
98,80,0.0,0.0018936046
98,81,0.0,0.0024587163
98,82,0.0,0.003535856
98,83,0.0,-0.0030728835
98,84,0.0,0.0041539315
98,85,0.0,0.002835196
98,86,0.0,-9.5373485e-05
98,87,0.0,0.0018668366
98,88,0.0,0.007904323
98,89,0.0,0.004236231
98,90,0.0,0.0023210146
98,91,0.0,0.0016692956
98,92,0.0,0.0005045808
98,93,0.0,0.0050527477
98,94,0.0,0.0011649372
98,95,0.0,0.005798033
98,96,0.0,0.0015770276
98,97,0.159367841756001,0.003920803
98,98,0.0147932989057153,-0.021707198
98,99,0.0,0.004799541
98,100,0.0,0.008150797
99,1,0.0,0.007822411
99,2,0.0,0.0032441965
99,3,-0.146623551538104,0.0033672177
99,4,0.0,0.0003920833
99,5,0.0,-0.004532828
99,6,0.0,0.005886365
99,7,0.0,0.005421296
99,8,0.0,0.004264056
99,9,0.0,0.0042408295
99,10,0.0,0.006593199
99,11,0.0,0.0013171115
99,12,0.0,-0.001984031
99,13,0.0,0.0069322553
99,14,0.0,0.008085763
99,15,0.0,0.008145278
99,16,0.0,0.005217225
99,17,0.0,-0.0020789257
99,18,0.0,-0.0020863083
99,19,0.0,0.0074297492
99,20,-0.157638167700966,0.00686093
99,21,0.0,-0.003920065
99,22,0.0,0.0018115705
99,23,0.0,-0.0027946911
99,24,0.0,0.0008009882
99,25,0.0,0.006311042
99,26,0.0,0.0033639115
99,27,0.0,0.0066090734
99,28,0.0,0.006974286
99,29,0.152704364306994,-0.0040980577
99,30,0.0,0.005295452
99,31,0.150402403778843,0.007499918
99,32,0.0,0.0045421673
99,33,0.0,0.007999174
99,34,0.0,0.0032443856
99,35,0.0,0.0028831502
99,36,0.0,-0.0013452871
99,37,0.0,0.00022253254
99,38,0.0,0.008101985
99,39,0.0,-0.001427104
99,40,0.0,0.007706757
99,41,0.0,0.0049331984
99,42,-0.148221449426466,0.004447258
99,43,-0.146001349749108,0.0021972
99,44,0.0,0.0025011483
99,45,0.0,-0.00021323981
99,46,0.0,-0.005481158
99,47,0.0,0.003539884
99,48,0.0,0.008001981
99,49,0.147742308039832,0.00013324013
99,50,0.0,0.00418113
99,51,0.0,0.0003601245
99,52,0.0,0.0068377093
99,53,0.0,-0.0021183589
99,54,0.150152651844901,0.0047658035
99,55,0.0,-0.010817943
99,56,0.0,0.0065303524
99,57,0.0,0.002000214
99,58,0.0,0.005957102
99,59,0.0,0.003274093
99,60,0.0,0.0072744912
99,61,0.0,0.0014314547
99,62,0.0,0.006818271
99,63,0.0,0.0029837321
99,64,0.0,0.0008203853
99,65,0.0,0.0070041814
99,66,0.153194580757885,-0.0055531417
99,67,0.0,-0.0027479678
99,68,0.0,0.006776475
99,69,0.0,0.003443318
99,70,0.0,0.0061874413
99,71,0.0,-0.003564977
99,72,0.0,0.005397162
99,73,0.0,0.004166395
99,74,0.0,0.007544003
99,75,0.0,-0.0058845785
99,76,0.0,-0.0016626697
99,77,-0.146656580428708,0.0064138356
99,78,0.0,0.0063934852
99,79,0.0,-0.0014178868
99,80,0.0,0.0041251336
99,81,0.0,0.0050913733
99,82,-0.151186186593794,-0.0042264904
99,83,0.141759169625068,0.0011675535
99,84,0.0,-0.0044539706
99,85,0.15604649991825,-0.0037675477
99,86,0.0,-0.00562318
99,87,0.0,0.0003495398
99,88,0.0,0.002680018
99,89,0.0,0.0044451747
99,90,0.0,0.006735806
99,91,0.0,0.00703059
99,92,0.150709577354658,0.0038429392
99,93,0.0,0.006005041
99,94,0.0,0.0077116857
99,95,0.0,-0.0054020756
99,96,0.0,0.000989394
99,97,0.0,0.0038830475
99,98,0.0,0.0022516176
99,99,0.0,-0.021707198
99,100,0.0,0.0045266035
100,1,0.0,0.0031170663
100,2,0.0,-0.0020143422
100,3,0.0,0.0066963998
100,4,0.0,0.008174654
100,5,0.0,0.0029332852
100,6,0.0,0.0048678266
100,7,0.0,0.0050972705
100,8,0.0,0.003700655
100,9,-0.151234323978613,0.0037042033
100,10,0.0,0.0024840087
100,11,0.0,0.0040389677
100,12,0.146063835348644,0.006177425
100,13,0.0,0.004275607
100,14,0.0,-0.0024233046
100,15,-0.147125881724377,0.001909479
100,16,0.0,0.0016235786
100,17,0.152561965892373,0.005106118
100,18,0.0,-0.0045102932
100,19,0.0,0.0038293344
100,20,0.0,0.0031068115
100,21,0.0,-0.00048764748
100,22,0.0,0.00089038117
100,23,0.0,0.004945413
100,24,0.0,0.008154605
100,25,0.0,-0.0029880786
100,26,0.0,-0.0024545765
100,27,0.0,0.0049080094
100,28,-0.151184316009673,0.0038784314
100,29,0.0,0.006282957
100,30,0.0,0.00013233954
100,31,0.0,-0.0022241594
100,32,0.0,0.0028736186
100,33,0.0,0.00091482885
100,34,0.0,0.0005848012
100,35,0.0,0.0058554695
100,36,0.0,-0.003081081
100,37,0.0,0.007955765
100,38,0.149710145296242,-0.0016691629
100,39,0.0,0.00047156913
100,40,0.0,0.0035110726
100,41,0.0,0.012231564
100,42,0.0,-0.004753591
100,43,0.0,-0.0043051946
100,44,0.0,0.0048610964
100,45,0.0,-0.0026362727
100,46,0.0,0.0006318209
100,47,0.152774039427202,-0.0038164915
100,48,0.0,-0.0015500225
100,49,0.149348411099012,-0.0042247497
100,50,0.0,0.008101622
100,51,0.0,0.0024492373
100,52,0.0,0.003661038
100,53,0.0,0.0012168861
100,54,0.0,0.0069562313
100,55,0.0,-0.008875784
100,56,0.0,0.0033036624
100,57,0.0,0.0076869796
100,58,0.0,0.0021109288
100,59,-0.153846129166269,-0.0017109499
100,60,0.0,0.0014115283
100,61,0.0,0.003288608
100,62,0.0,0.001692472
100,63,0.0,-0.004229433
100,64,0.0,-0.0041827084
100,65,0.0,0.0076115164
100,66,0.0,0.006043362
100,67,0.0,-0.004452222
100,68,0.0,-0.0023202775
100,69,0.0,0.0037801666
100,70,0.141567139944281,-0.0035881638
100,71,-0.137615908320286,-0.004686745
100,72,0.0,0.0028569666
100,73,0.0,-0.008303581
100,74,0.0,0.0052968333
100,75,0.0,0.006646072
100,76,0.0,0.00075889286
100,77,0.0,-0.003680361
100,78,-0.149145433019078,0.0045845606
100,79,0.0,0.004769844
100,80,0.0,-0.0018896102
100,81,0.0,0.0021803393
100,82,0.0,-0.0047291713
100,83,0.0,0.00095843035
100,84,0.0,0.005951245
100,85,0.0,-7.930538e-05
100,86,0.0,0.008251196
100,87,0.0,0.0050347694
100,88,0.0,0.0024667918
100,89,0.0,0.0028190403
100,90,0.0,0.004463985
100,91,0.0,0.005356988
100,92,0.0,0.00010408531
100,93,0.0,0.0044064806
100,94,0.0,0.008392502
100,95,0.0,-0.0018361991
100,96,0.0,-0.008630399
100,97,0.0,0.013824325
100,98,0.0,0.008183183
100,99,0.0,0.0046074786
100,100,0.0,-0.021707198
