Var1,Var2,y,pred
1,1,0.02338822116144,0.012034055
1,2,0.0,0.0030054022
1,3,0.0,0.0029883292
1,4,0.0,0.004346337
1,5,0.0,0.004150741
1,6,0.0,0.0027485706
1,7,0.0,0.004316332
1,8,0.0,0.00422162
1,9,0.0,0.0042985072
1,10,0.0,0.004242597
1,11,0.0,0.0030174153
1,12,0.0,0.002954724
1,13,0.105402845862451,0.0042118393
1,14,0.107335895647057,0.0030256063
1,15,0.0,0.0029695104
1,16,0.0,0.004328171
1,17,0.0,0.002952631
1,18,0.0,0.0032275221
1,19,0.112816673274117,0.0026513562
1,20,0.0,0.0038078297
1,21,-0.111793958397618,0.0043260893
1,22,0.0,0.0043299086
1,23,0.0,0.0035513495
1,24,0.0,0.004310515
1,25,0.0,0.004295567
1,26,0.0,0.004343929
1,27,0.0,0.003004645
1,28,0.0,0.0043271193
1,29,0.0,0.0043253438
1,30,0.0,0.0029618586
1,31,0.0,0.0042187423
1,32,-0.114093212911506,0.004314164
1,33,0.0,0.0042892406
1,34,0.0,0.0042918585
1,35,0.0,0.0028014625
1,36,0.0,0.00414367
1,37,0.0,0.0030137757
1,38,0.0,0.0029864414
1,39,0.0,0.0029853443
1,40,0.0,0.002977205
1,41,0.0,0.0042437743
1,42,0.0,0.002966471
1,43,0.0,0.0029679346
1,44,0.0,0.0030255765
1,45,0.0,0.0030131377
1,46,0.107523711045347,0.004336711
1,47,0.0,0.0042656194
1,48,0.0,0.0042516515
1,49,0.0,0.004259725
1,50,0.0,0.0039453492
1,51,0.0,0.0043308
1,52,0.0,0.0029088361
1,53,0.0,0.0043117935
1,54,0.0,0.0029954705
1,55,-0.100791953242397,0.0030018212
1,56,0.0,0.0043064356
1,57,0.0,0.0043035336
1,58,0.0,0.0029973527
1,59,0.0,0.004312847
1,60,0.0,0.0042458773
1,61,0.0,0.0029655788
1,62,0.0,0.0030037076
1,63,0.0,0.0043463297
1,64,0.0,0.00431369
1,65,0.0,0.0042492654
1,66,0.0,0.0030106166
1,67,0.0,0.004213849
1,68,0.0,0.00425806
1,69,0.0,0.0042081997
1,70,0.109419347188829,0.0041999537
1,71,0.0,0.004296261
1,72,0.108024575464602,0.004270619
1,73,0.0,0.0040539186
1,74,0.0,0.0029539685
1,75,0.0,0.0043276763
1,76,0.0,0.0029736855
1,77,0.0,0.004256458
1,78,0.0,0.004282294
1,79,0.0,0.0029657362
1,80,0.0,0.004346409
1,81,0.115614903036191,0.004284898
1,82,0.0,0.0042700656
1,83,0.0,0.002992059
1,84,0.0,0.004008292
1,85,0.0,0.0029576882
1,86,0.116189117349183,0.0042957924
1,87,0.0,0.0043368824
1,88,0.0,0.0042825677
1,89,0.0,0.0043350076
1,90,0.0,0.0029762597
1,91,-0.112008786821768,0.0030001067
1,92,0.0,0.002992074
1,93,0.112250479550801,0.0042787325
1,94,0.0,0.004344587
1,95,0.0,0.0043155802
1,96,0.0,0.003008319
1,97,0.0,0.0042610895
1,98,0.0,0.0029688766
1,99,0.0,0.0034926478
1,100,0.0,0.0043333396
2,1,0.0,0.0030042948
2,2,0.0,0.012034055
2,3,0.0,0.0033075146
2,4,0.0,0.004204618
2,5,0.0,0.0042686574
2,6,0.0,0.0043114135
2,7,0.0,0.0029713763
2,8,0.0,0.0042829737
2,9,0.0,0.0030152155
2,10,0.0,0.002817513
2,11,0.0,0.003573845
2,12,0.0,0.0042428
2,13,0.0,0.004252497
2,14,0.0,0.0042215195
2,15,0.0,0.0043362062
2,16,0.0,0.0029526541
2,17,0.0,0.00341783
2,18,0.0,0.004329907
2,19,0.0,0.004195828
2,20,0.0,0.0043387613
2,21,0.0,0.0042577656
2,22,0.0,0.0029664407
2,23,0.0,0.0042005014
2,24,0.0,0.0043400656
2,25,0.0,0.00422848
2,26,0.0,0.0042909468
2,27,0.0,0.0029895995
2,28,0.0,0.0042654807
2,29,0.0,0.0029986966
2,30,0.0,0.0043137977
2,31,0.0,0.0043166406
2,32,0.0,0.0028554532
2,33,0.0,0.0043314938
2,34,0.0,0.0042911395
2,35,0.0,0.0030018343
2,36,0.0,0.004288138
2,37,0.0,0.002993486
2,38,0.0,0.004263672
2,39,0.0,0.0042891568
2,40,0.0,0.0026067528
2,41,0.0,0.0043109623
2,42,0.0,0.0029538684
2,43,0.0,0.0030170437
2,44,0.0,0.0030155648
2,45,0.116748622635202,0.0029890817
2,46,0.0,0.0029661418
2,47,0.0,0.004284933
2,48,0.0,0.002967874
2,49,0.0,0.0029547776
2,50,0.0,0.0043054684
2,51,0.0,0.004295878
2,52,0.0,0.0042294916
2,53,0.0,0.0024403492
2,54,0.0,0.0043412996
2,55,0.0,0.004304767
2,56,0.0,0.0043112277
2,57,0.0,0.0042682914
2,58,0.123884917365094,0.0042557754
2,59,0.0,0.004317247
2,60,0.0,0.00431138
2,61,0.0,0.0041570254
2,62,0.0,0.004315103
2,63,0.0,0.0034657076
2,64,0.0,0.004260323
2,65,0.0,0.0035232569
2,66,0.0,0.002977679
2,67,0.0,0.0043026293
2,68,0.0,0.004252976
2,69,0.0,0.0029715141
2,70,0.0,0.003007967
2,71,0.0,0.002996998
2,72,0.0,0.003258382
2,73,0.0,0.0043125944
2,74,0.0,0.003021512
2,75,0.0,0.004233051
2,76,0.0,0.0029722876
2,77,0.0,0.004285221
2,78,0.12447264182838,0.0041156076
2,79,0.0,0.0043131136
2,80,0.0,0.0029702839
2,81,0.0,0.0029690554
2,82,0.0,0.0042079818
2,83,0.0,0.0043286644
2,84,0.0,0.0042634187
2,85,-0.120206679528843,0.0033735565
2,86,0.0,0.0043357294
2,87,0.0,0.004344777
2,88,0.0,0.0029516208
2,89,0.0,0.0024499297
2,90,0.129282094117307,0.0026265052
2,91,0.0,0.004318891
2,92,0.0,0.0029918924
2,93,0.0,0.004174659
2,94,0.0,0.002987044
2,95,0.0,0.0029779472
2,96,0.0,0.004225658
2,97,0.120996873899881,0.0029750848
2,98,0.0,0.0028130985
2,99,0.0,0.0042932313
2,100,0.0,0.0030846202
3,1,0.0,0.002996347
3,2,0.0,0.0036447993
3,3,0.52557241357863,0.012034055
3,4,0.0,0.004248675
3,5,0.0,0.0029881373
3,6,0.0,0.0042900955
3,7,0.0,0.0047109053
3,8,0.101283205363265,0.0029482455
3,9,0.0,0.00423998
3,10,0.0,0.0042994013
3,11,0.0,0.004324178
3,12,0.0,0.0030263439
3,13,0.0,0.004329629
3,14,0.0,0.0029570688
3,15,0.0,0.004297792
3,16,0.0,0.0027337358
3,17,0.0,0.0042056106
3,18,0.0,0.0042065475
3,19,0.0,0.0029733693
3,20,0.0,0.0028394507
3,21,-0.111107520409136,0.004311944
3,22,0.0,0.002980873
3,23,0.0,0.0043318635
3,24,0.0,0.00420901
3,25,0.0,0.002972378
3,26,0.0,0.004212413
3,27,0.0,0.004300042
3,28,0.0,0.0042834543
3,29,0.0,0.004232725
3,30,0.0,0.0033950838
3,31,0.0,0.0043292036
3,32,0.0,0.004344051
3,33,0.0,0.00431987
3,34,-0.112834205415335,0.0042776735
3,35,0.110102060914761,0.004336054
3,36,0.0,0.0029549147
3,37,0.0,0.002982542
3,38,0.0,0.0029804576
3,39,0.0,0.0042470824
3,40,0.0,0.0031324597
3,41,0.0,0.0043065785
3,42,0.0,0.0042425264
3,43,0.0,0.0042271484
3,44,0.0,0.004310728
3,45,0.104378214640973,0.0044273837
3,46,0.0,0.0042794934
3,47,0.0,0.004280447
3,48,0.0,0.004211968
3,49,0.105123131077685,0.0029858118
3,50,0.0,0.0043441094
3,51,0.0,0.0038650744
3,52,0.0,0.0042727385
3,53,0.0,0.002958936
3,54,0.0,0.0043176073
3,55,0.0,0.0042493325
3,56,0.0,0.0029942906
3,57,0.0,0.0042046625
3,58,0.0,0.0029900158
3,59,0.0,0.004337948
3,60,0.0,0.0039609005
3,61,0.0,0.0042125
3,62,0.0,0.0028658668
3,63,0.0,0.0042770104
3,64,0.0,0.004282533
3,65,0.0,0.0028303373
3,66,0.0,0.0043068696
3,67,0.0,0.0029820548
3,68,0.0,0.0029615213
3,69,0.0,0.002958308
3,70,0.0,0.0030047642
3,71,0.108380767200506,0.0042219497
3,72,0.0,0.0029827189
3,73,0.0,0.0030139275
3,74,0.0,0.0036377735
3,75,0.0,0.0029901946
3,76,0.0,0.0029617504
3,77,0.0,0.0035749546
3,78,0.0,0.0043094466
3,79,0.0,0.003470196
3,80,0.0,0.004342906
3,81,0.0,0.0042990083
3,82,0.0,0.0040924624
3,83,0.0,0.0033796472
3,84,0.0,0.0041122176
3,85,0.0,0.0030275714
3,86,0.0,0.0032964668
3,87,0.0,0.004232276
3,88,0.0,0.0030126357
3,89,0.0,0.004162293
3,90,0.0,0.004239423
3,91,0.0,0.0041827653
3,92,0.0,0.00434049
3,93,0.0,0.0041186064
3,94,0.0,0.0040839748
3,95,0.0,0.0032199575
3,96,0.0,0.0043356013
3,97,0.0,0.004292233
3,98,0.0,0.0038664234
3,99,0.0,0.002981551
3,100,0.0,0.003593459
4,1,0.0,0.0043462655
4,2,0.0,0.0041745026
4,3,0.0,0.0042463653
4,4,0.490505422232673,0.012034055
4,5,0.0,0.0043389173
4,6,0.0,0.0027793858
4,7,0.0,0.0029908065
4,8,0.0,0.004334065
4,9,0.0,0.0028183993
4,10,0.0,0.0043333587
4,11,0.0,0.0029873587
4,12,0.0,0.0042731958
4,13,0.0,0.0031332492
4,14,0.0,0.0035789253
4,15,0.0,0.0039476412
4,16,0.0,0.0029589836
4,17,0.120502859474495,0.003004754
4,18,0.0,0.0029513238
4,19,0.0,0.004220506
4,20,0.0,0.0042090863
4,21,0.0,0.0030124933
4,22,-0.118724445550197,0.0029932465
4,23,-0.121021864652876,0.0029766164
4,24,0.0,0.004307432
4,25,0.0,0.0042848345
4,26,0.114208325666625,0.0031650732
4,27,0.0,0.0039507034
4,28,0.0,0.004825256
4,29,0.0,0.002983557
4,30,0.0,0.004275554
4,31,0.0,0.002999057
4,32,0.0,0.0029681367
4,33,0.0,0.0030178558
4,34,-0.122549456924251,0.0029587038
4,35,0.0,0.0043052356
4,36,-0.116176507456802,0.0043373005
4,37,0.0,0.0042648176
4,38,0.0,0.004317443
4,39,0.0,0.0043260995
4,40,0.0,0.00298433
4,41,0.0,0.002969062
4,42,0.0,0.0042748023
4,43,0.0,0.0029659732
4,44,0.0,0.0030287416
4,45,0.0,0.0041923244
4,46,0.0,0.0029652752
4,47,0.0,0.003211259
4,48,0.0,0.004251506
4,49,0.0,0.00431642
4,50,-0.119431099245543,0.0042678053
4,51,0.0,0.0029860353
4,52,0.0,0.002972723
4,53,0.0,0.002953548
4,54,0.0,0.0029832087
4,55,0.0,0.00288508
4,56,0.0,0.0042915605
4,57,0.0,0.004255076
4,58,-0.12029488189227,0.0042643864
4,59,0.0,0.004229244
4,60,0.0,0.004204193
4,61,0.0,0.004308331
4,62,0.0,0.004273425
4,63,0.0,0.0042888504
4,64,0.0,0.004307437
4,65,0.0,0.004303109
4,66,0.0,0.004265245
4,67,0.0,0.0029952321
4,68,0.0,0.004291177
4,69,0.0,0.004195798
4,70,0.0,0.004190648
4,71,0.0,0.0029653804
4,72,0.0,0.0042878743
4,73,0.0,0.002991843
4,74,0.0,0.004219286
4,75,0.0,0.003995051
4,76,-0.126558692462947,0.0029938286
4,77,0.0,0.0034745461
4,78,0.0,0.0029590353
4,79,0.0,0.004260053
4,80,0.0,0.004274099
4,81,0.0,0.003039355
4,82,-0.116787063564098,0.002968397
4,83,0.0,0.002999696
4,84,0.0,0.0028617547
4,85,0.0,0.0030545637
4,86,0.0,0.0038275677
4,87,0.0,0.0043007564
4,88,0.0,0.0029751426
4,89,0.0,0.00412393
4,90,0.0,0.0043353983
4,91,0.120905993789414,0.0027409284
4,92,0.0,0.004174482
4,93,-0.121166884925052,0.0042116027
4,94,0.0,0.004258952
4,95,0.0,0.0029964745
4,96,0.0,0.004318017
4,97,0.0,0.0043025427
4,98,0.0,0.002995965
4,99,0.0,0.0033732408
4,100,0.0,0.004200002
5,1,0.0,0.004144158
5,2,0.0,0.004264652
5,3,0.0,0.002982702
5,4,0.0,0.004339949
5,5,0.0,0.012034055
5,6,0.0,0.004311337
5,7,0.0,0.004246641
5,8,0.0,0.0030926708
5,9,0.0,0.0030170083
5,10,0.0,0.004261135
5,11,0.0,0.004204888
5,12,0.0,0.004192464
5,13,0.0,0.0043135765
5,14,0.0,0.0029765368
5,15,0.0,0.0042750584
5,16,0.0,0.0029786653
5,17,0.0,0.004273596
5,18,0.0,0.0041176938
5,19,0.0,0.0043223314
5,20,0.0,0.0043057804
5,21,0.0,0.004337956
5,22,0.0,0.0030239467
5,23,0.0,0.0031495085
5,24,0.0,0.0030192416
5,25,0.0,0.0043278374
5,26,0.0,0.002976039
5,27,0.0,0.0029910505
5,28,0.0,0.004239792
5,29,0.0,0.0029892344
5,30,0.0,0.0029514763
5,31,0.0,0.0032261307
5,32,0.0,0.0042242557
5,33,0.0,0.003907584
5,34,0.0,0.0042200014
5,35,-0.118274841357228,0.0042792885
5,36,0.0,0.0042010434
5,37,0.0,0.0028062684
5,38,0.0,0.0042735143
5,39,0.0,0.004267331
5,40,0.0,0.0029793638
5,41,0.0,0.0043473626
5,42,0.0,0.004286254
5,43,0.116518655221349,0.002971061
5,44,0.0,0.0042529255
5,45,0.0,0.0036560725
5,46,0.0,0.0043415204
5,47,-0.114966386091435,0.0043063895
5,48,0.0,0.0027571155
5,49,0.0,0.0029987702
5,50,0.0,0.00319773
5,51,0.122161600707395,0.004275512
5,52,0.0,0.0027481378
5,53,0.0,0.002967034
5,54,0.0,0.002872248
5,55,0.0,0.0041538663
5,56,0.0,0.0029848013
5,57,0.0,0.0042428374
5,58,0.0,0.00423502
5,59,0.0,0.0029790667
5,60,0.0,0.004189238
5,61,0.0,0.0027229027
5,62,0.0,0.0035247372
5,63,0.0,0.004261568
5,64,0.0,0.0029748753
5,65,0.0,0.0042847404
5,66,0.0,0.00432885
5,67,0.0,0.002960386
5,68,0.0,0.0029709586
5,69,0.0,0.0029744557
5,70,0.0,0.0042831525
5,71,0.0,0.0027569467
5,72,0.0,0.0030256994
5,73,0.0,0.0042661
5,74,0.0,0.004279147
5,75,0.0,0.0030717966
5,76,0.0,0.004337182
5,77,0.113427950555647,0.004317875
5,78,0.0,0.003005826
5,79,0.0,0.0043147146
5,80,0.0,0.0029796818
5,81,0.0,0.0029711137
5,82,0.0,0.004264461
5,83,0.0,0.0029570106
5,84,-0.126776036960537,0.004327928
5,85,0.0,0.0027342
5,86,0.0,0.0029959735
5,87,0.0,0.0038664304
5,88,0.0,0.0030202307
5,89,0.11200422895578,0.0029526013
5,90,0.0,0.0038746651
5,91,0.0,0.0042624455
5,92,0.0,0.0029989136
5,93,0.0,0.004292937
5,94,0.0,0.004284285
5,95,0.0,0.0029624312
5,96,0.0,0.0042555947
5,97,0.0,0.00430864
5,98,0.0,0.0042016804
5,99,0.0,0.0041957945
5,100,0.0,0.0029672869
6,1,0.0,0.0030218232
6,2,0.0,0.0043151504
6,3,0.104991389770607,0.0043039443
6,4,0.0,0.003012536
6,5,0.0,0.0043166475
6,6,0.0,0.012034055
6,7,0.0,0.0043141297
6,8,0.0,0.004288487
6,9,0.0,0.004289413
6,10,0.0,0.004300989
6,11,0.0,0.0042729834
6,12,0.0,0.0029877247
6,13,0.0,0.002969747
6,14,0.0,0.0029977625
6,15,0.0,0.0029644393
6,16,0.0,0.0029838104
6,17,0.0,0.003006974
6,18,0.0,0.0030022329
6,19,0.0,0.0042184107
6,20,-0.110651386379165,0.0037150714
6,21,0.0,0.0042701038
6,22,0.0,0.0028204708
6,23,0.0,0.0030263793
6,24,0.0,0.0029733428
6,25,0.0,0.0043101273
6,26,0.0,0.0033715258
6,27,0.0,0.002977206
6,28,0.0,0.004289613
6,29,0.0,0.0043446096
6,30,0.0,0.004296474
6,31,0.0,0.003018953
6,32,0.0,0.0042188168
6,33,0.0,0.004322591
6,34,0.0,0.004228851
6,35,0.0,0.002972885
6,36,0.0,0.004197743
6,37,0.0,0.0029704412
6,38,0.0,0.0031941235
6,39,0.0,0.0029744403
6,40,0.104904367174567,0.0042999843
6,41,0.0,0.0041901562
6,42,0.0,0.0032433583
6,43,0.113026198345733,0.004322473
6,44,0.121066821781629,0.004283241
6,45,0.0,0.004102204
6,46,0.0,0.0029597948
6,47,0.0,0.004317972
6,48,0.0,0.0029792492
6,49,0.0,0.0042939
6,50,0.0,0.004298797
6,51,0.0,0.004238343
6,52,0.0,0.0029712915
6,53,0.0,0.003006855
6,54,0.0,0.004291895
6,55,0.0,0.0030040583
6,56,0.0,0.004282289
6,57,0.0,0.0029838895
6,58,0.0,0.0043306286
6,59,0.0,0.0036230618
6,60,-0.116494731486744,0.0042046495
6,61,0.0,0.004343514
6,62,0.0,0.0030119326
6,63,0.0,0.0042939745
6,64,0.0,0.0043277955
6,65,0.111167883757994,0.0042979
6,66,0.0,0.004274156
6,67,0.0,0.0042370837
6,68,0.0,0.0042954665
6,69,0.0,0.0029563506
6,70,0.0,0.0031032204
6,71,0.0,0.0029694
6,72,0.0,0.0042726463
6,73,0.0,0.0028628614
6,74,0.0,0.0027750374
6,75,0.0,0.002947155
6,76,0.0,0.0030097486
6,77,0.0,0.004228778
6,78,0.0,0.004299714
6,79,-0.111862200242975,0.0029504686
6,80,0.0,0.004233906
6,81,0.0,0.0024727252
6,82,0.0,0.004287907
6,83,0.0,0.004268029
6,84,0.0,0.003901844
6,85,0.0,0.00447134
6,86,0.120329235290314,0.004270979
6,87,0.0,0.0043227733
6,88,0.0,0.004248932
6,89,0.0,0.0042172857
6,90,0.0,0.0029808185
6,91,0.0,0.0029654428
6,92,0.0,0.0042500254
6,93,0.0,0.0034572831
6,94,0.0,0.0043468326
6,95,0.0,0.0029594114
6,96,0.114243800914746,0.0030255467
6,97,0.0,0.004336796
6,98,0.0,0.0041289264
6,99,0.0,0.0030108234
6,100,-0.11238959021642,0.004243588
7,1,0.0,0.004310505
7,2,0.0,0.0029781773
7,3,0.0,0.004789994
7,4,0.0,0.0029908381
7,5,0.0,0.0042312443
7,6,0.0,0.0043025045
7,7,0.0,0.012034055
7,8,0.0,0.0029697618
7,9,0.0,0.0023599903
7,10,0.0,0.0029614212
7,11,0.0,0.004286316
7,12,-0.10939147675938,0.0027916154
7,13,0.0,0.0030215792
7,14,0.0,0.0042574024
7,15,0.0,0.0042221453
7,16,0.0,0.0029734788
7,17,0.0,0.004270795
7,18,0.0,0.0042154435
7,19,0.0,0.0029575273
7,20,0.0,0.0041080825
7,21,0.0,0.0029722652
7,22,0.0,0.00430652
7,23,0.0,0.0042535365
7,24,0.0,0.004176963
7,25,-0.110559378188739,0.0029690936
7,26,0.0,0.0043186294
7,27,0.0,0.004172204
7,28,0.0,0.0029921588
7,29,0.0,0.0042861383
7,30,0.0,0.0029708445
7,31,0.0,0.0029874323
7,32,0.0,0.0029856013
7,33,0.0,0.0043084053
7,34,0.0,0.004341306
7,35,0.0,0.0029516735
7,36,0.0,0.003661179
7,37,0.0,0.0029944405
7,38,0.0,0.002983205
7,39,0.0,0.0041955803
7,40,0.0,0.002991952
7,41,0.0,0.0042630453
7,42,0.0,0.0029844223
7,43,0.0,0.0029924214
7,44,0.0,0.0030209254
7,45,0.0,0.004235938
7,46,0.0,0.004212316
7,47,0.0,0.004165141
7,48,0.0,0.003016943
7,49,0.0,0.0029920544
7,50,0.0,0.0043031354
7,51,0.0,0.0030052103
7,52,0.0,0.004300993
7,53,0.0,0.002992199
7,54,0.0,0.0043181987
7,55,0.0,0.0029592975
7,56,0.0,0.004301411
7,57,0.0,0.0043001957
7,58,0.0,0.0042359307
7,59,0.0,0.0042769173
7,60,0.0,0.0044026817
7,61,0.0,0.004294698
7,62,0.0,0.0042805113
7,63,0.0,0.004233388
7,64,0.0,0.0027878822
7,65,0.0,0.0046139797
7,66,0.0,0.004293374
7,67,0.0,0.0033613287
7,68,0.0,0.004119087
7,69,0.0,0.0042840084
7,70,0.110182168704329,0.004274885
7,71,0.0,0.0042353254
7,72,0.0,0.002954474
7,73,0.0,0.0041993354
7,74,0.0,0.0028166857
7,75,-0.108469047191847,0.004317887
7,76,0.0,0.0030076923
7,77,0.0,0.0037372499
7,78,0.0,0.002919395
7,79,0.0,0.0029554393
7,80,0.0,0.0042929566
7,81,0.0,0.0029228488
7,82,0.0,0.0029692594
7,83,0.10741265776282,0.0042280983
7,84,-0.119572778464163,0.0029562325
7,85,0.0,0.0043236557
7,86,-0.116999134598034,0.0043000905
7,87,0.0,0.0029739062
7,88,0.0,0.0033369018
7,89,0.0,0.0040059052
7,90,-0.117108536055208,0.0043166606
7,91,0.0,0.004344794
7,92,0.0,0.0030049318
7,93,0.0,0.004209077
7,94,0.0,0.0029731565
7,95,0.0,0.0029874258
7,96,0.0,0.0030162754
7,97,0.0,0.0029444848
7,98,0.0,0.0030271262
7,99,0.0,0.004316735
7,100,0.0,0.0030853064
8,1,0.0,0.004212223
8,2,0.0,0.004277001
8,3,0.0,0.0028359322
8,4,0.0,0.0043352963
8,5,0.0,0.0030274931
8,6,0.0,0.0042754496
8,7,0.0,0.0029667844
8,8,0.152541619725525,0.012034055
8,9,0.0,0.0029619301
8,10,0.0,0.002972587
8,11,0.0,0.0043398123
8,12,0.0,0.0029805368
8,13,0.10170350098597,0.004166047
8,14,0.0,0.0030266494
8,15,0.0,0.004319626
8,16,0.10188453972414,0.004236134
8,17,0.0,0.0042613614
8,18,0.0,0.004232077
8,19,0.0,0.0043421844
8,20,0.0,0.00422333
8,21,0.0,0.0043468047
8,22,0.0,0.004312137
8,23,0.0,0.004239803
8,24,0.0,0.0029614822
8,25,0.0,0.002930363
8,26,0.0,0.0042193625
8,27,0.0,0.0029589946
8,28,0.0,0.003022749
8,29,0.0,0.0043038824
8,30,0.0,0.0029922295
8,31,0.0,0.004179053
8,32,0.0,0.002976813
8,33,0.0,0.0042699324
8,34,0.0,0.004307111
8,35,0.0,0.0029764483
8,36,0.0,0.0030215457
8,37,0.10337956327849,0.0041834153
8,38,0.0,0.004321916
8,39,0.0,0.0043415306
8,40,0.0,0.0040731714
8,41,0.0,0.0027797513
8,42,0.0,0.0042693904
8,43,0.0,0.004244035
8,44,0.0,0.0029647686
8,45,-0.101337061937524,0.0029856516
8,46,0.103749929737061,0.002959815
8,47,0.0,0.0050930856
8,48,0.0,0.0043274155
8,49,0.0,0.004248135
8,50,0.0,0.004374154
8,51,0.110406904422976,0.002961624
8,52,0.0,0.0024819134
8,53,0.0,0.002832349
8,54,0.0,0.0042550834
8,55,0.0,0.002974378
8,56,0.0,0.0030104183
8,57,0.0,0.0042309742
8,58,0.0,0.0029664165
8,59,0.0,0.0030125715
8,60,0.0,0.0029967614
8,61,0.105473974467794,0.0043082554
8,62,0.0,0.004305288
8,63,0.0,0.0041733775
8,64,0.0,0.0042900844
8,65,0.0,0.0030203052
8,66,0.0,0.0041602366
8,67,0.0,0.0030671172
8,68,0.107763938711397,0.003524741
8,69,0.0,0.0029894812
8,70,0.0,0.003850032
8,71,0.0,0.0030130679
8,72,0.0,0.0043411446
8,73,0.0,0.0042711115
8,74,0.0,0.0029718978
8,75,0.0,0.0029686205
8,76,0.0,0.004284828
8,77,0.0,0.0024618653
8,78,0.0,0.0042569246
8,79,0.0,0.004726948
8,80,0.0,0.0030666124
8,81,0.0,0.004320789
8,82,0.104395689579203,0.0029603613
8,83,0.0,0.0029489724
8,84,0.0,0.0043059303
8,85,0.0,0.0042858915
8,86,0.0,0.004270166
8,87,0.0,0.004285736
8,88,0.0,0.0043431222
8,89,0.0,0.0029510292
8,90,0.0,0.002739923
8,91,0.0,0.0041811075
8,92,0.0,0.0029816926
8,93,0.0,0.002896258
8,94,0.0,0.0029885266
8,95,0.0,0.0029340344
8,96,0.0,0.0029767076
8,97,0.0,0.004140213
8,98,0.0,0.004338351
8,99,0.0,0.0039096796
8,100,0.0,0.0030228435
9,1,0.0,0.0042945007
9,2,0.0,0.0030229483
9,3,0.0,0.0042473804
9,4,0.0,0.0028005077
9,5,0.0,0.0030207746
9,6,0.0,0.0042760735
9,7,0.0,0.0023984194
9,8,0.0,0.002973223
9,9,0.0,0.012034055
9,10,0.0,0.0042750807
9,11,0.0,0.0029556574
9,12,0.0,0.0041850787
9,13,0.0,0.0029268586
9,14,0.0,0.004235035
9,15,0.0,0.0029721619
9,16,0.0,0.0033698978
9,17,-0.116624458205565,0.0042347503
9,18,0.0,0.0043066
9,19,0.0,0.004292015
9,20,0.0,0.0028342267
9,21,0.116790188176947,0.0043080905
9,22,0.0,0.0027270806
9,23,-0.117126759130195,0.0035701906
9,24,0.0,0.0029821815
9,25,0.0,0.004279578
9,26,0.0,0.0030147661
9,27,0.0,0.0030278265
9,28,0.0,0.004314592
9,29,0.0,0.0030867495
9,30,0.121425231075974,0.0029897466
9,31,0.0,0.003838483
9,32,0.0,0.0030084485
9,33,0.0,0.0043297317
9,34,0.0,0.0033440925
9,35,-0.115733303790363,0.0043386538
9,36,0.0,0.003025405
9,37,0.0,0.0043292423
9,38,0.0,0.0042879274
9,39,0.0,0.002965061
9,40,0.0,0.002981631
9,41,0.0,0.002929836
9,42,0.0,0.0043071564
9,43,0.0,0.0030122567
9,44,0.0,0.0042296685
9,45,0.0,0.0042804917
9,46,0.0,0.0030196365
9,47,0.0,0.0030201245
9,48,0.0,0.0042242296
9,49,0.0,0.004264687
9,50,0.0,0.002982298
9,51,0.0,0.0043325294
9,52,0.0,0.00300063
9,53,0.0,0.002991856
9,54,0.0,0.004201418
9,55,0.0,0.004290563
9,56,0.0,0.0043386235
9,57,0.0,0.0042595994
9,58,0.0,0.0042708423
9,59,0.0,0.0029681446
9,60,0.0,0.0025590393
9,61,0.0,0.004325891
9,62,0.0,0.0030006515
9,63,0.0,0.0029688678
9,64,0.0,0.0027738777
9,65,0.0,0.002999465
9,66,0.0,0.0043221605
9,67,0.0,0.0042637438
9,68,0.0,0.0040501487
9,69,0.0,0.0042991666
9,70,-0.114309452241869,0.0029983874
9,71,0.0,0.0035854734
9,72,0.0,0.0029837042
9,73,0.0,0.0040883906
9,74,0.0,0.004279121
9,75,0.0,0.0029821508
9,76,0.0,0.0028689303
9,77,0.0,0.002987734
9,78,0.0,0.0030008582
9,79,0.0,0.004313037
9,80,-0.11879124808205,0.0043253885
9,81,0.0,0.004251303
9,82,0.0,0.002979279
9,83,0.0,0.0029861266
9,84,0.0,0.0024119543
9,85,0.0,0.004278224
9,86,-0.121381772985092,0.004231956
9,87,0.0,0.002763774
9,88,0.0,0.0029943995
9,89,0.0,0.004329348
9,90,0.0,0.0036704652
9,91,0.0,0.0029519852
9,92,0.0,0.0029181766
9,93,0.0,0.0029535554
9,94,0.0,0.0041737836
9,95,0.0,0.004272097
9,96,0.0,0.004327989
9,97,0.0,0.0042428393
9,98,0.0,0.0042629
9,99,0.0,0.0030218698
9,100,0.113372678656382,0.0043212986
10,1,0.0,0.0042529553
10,2,0.118238035118646,0.00276582
10,3,0.0,0.004310083
10,4,-0.118647366907967,0.004336616
10,5,0.0,0.0042720996
10,6,0.0,0.0042998223
10,7,0.0,0.002956043
10,8,0.0,0.0029672133
10,9,0.0,0.004287135
10,10,-0.243630282813683,0.012034055
10,11,0.0,0.0043108007
10,12,0.0,0.004333944
10,13,0.0,0.0030219108
10,14,0.0,0.002966098
10,15,0.0,0.004307986
10,16,0.0,0.004276039
10,17,0.0,0.003004766
10,18,0.0,0.004180163
10,19,0.0,0.004287187
10,20,0.0,0.004331203
10,21,-0.114918716191121,0.0030030673
10,22,0.0,0.0042887554
10,23,0.0,0.004225377
10,24,0.0,0.0029590405
10,25,0.0,0.002967548
10,26,0.0,0.004335245
10,27,0.0,0.0029542074
10,28,0.0,0.0043314127
10,29,0.0,0.0043460988
10,30,0.0,0.004311582
10,31,0.0,0.004338777
10,32,-0.11728223726793,0.002963279
10,33,0.0,0.0029452527
10,34,-0.11670462972288,0.003004957
10,35,0.0,0.003016119
10,36,0.0,0.0029534118
10,37,0.0,0.004330079
10,38,0.0,0.00434555
10,39,0.0,0.0029929373
10,40,0.0,0.004255547
10,41,0.0,0.0043458277
10,42,0.0,0.002977714
10,43,0.0,0.0029562747
10,44,0.0,0.0029600135
10,45,0.0,0.004251007
10,46,0.110529110969378,0.004254764
10,47,0.0,0.0029772935
10,48,0.0,0.0029088934
10,49,0.0,0.0029022254
10,50,0.0,0.004170848
10,51,0.0,0.0043260143
10,52,0.0,0.0042978805
10,53,0.0,0.0043245577
10,54,0.0,0.004294618
10,55,0.0,0.0030911928
10,56,0.105205006319625,0.0029962454
10,57,0.0,0.0045008752
10,58,0.0,0.002988617
10,59,0.0,0.004338161
10,60,0.0,0.0029826127
10,61,0.0,0.004289018
10,62,0.123161439964632,0.0043143667
10,63,0.0,0.00434501
10,64,0.0,0.00425083
10,65,0.0,0.0041999537
10,66,0.122571269167764,0.004254397
10,67,0.0,0.0029746369
10,68,0.0,0.0043251934
10,69,0.0,0.004293046
10,70,0.0,0.0027714348
10,71,0.0,0.004197458
10,72,0.0,0.002950388
10,73,0.0,0.00428239
10,74,0.0,0.0043080347
10,75,0.0,0.0030212458
10,76,0.0,0.0024886555
10,77,0.0,0.004235523
10,78,0.0,0.002457277
10,79,0.0,0.004242502
10,80,0.0,0.0041691884
10,81,0.0,0.0036005448
10,82,0.0,0.0042907353
10,83,0.0,0.0029611855
10,84,-0.12206398824083,0.0029615802
10,85,0.0,0.0029529752
10,86,0.0,0.0030008974
10,87,0.0,0.002973699
10,88,0.0,0.0035015617
10,89,0.0,0.004199216
10,90,0.119548405176751,0.0042599402
10,91,0.0,0.0043597124
10,92,0.0,0.004327234
10,93,0.0,0.0042416155
10,94,0.0,0.0029752455
10,95,0.0,0.004288053
10,96,0.0,0.004178319
10,97,0.0,0.004268337
10,98,-0.107357747158755,0.002973808
10,99,0.0,0.002956455
10,100,0.0,0.0029577827
11,1,0.0,0.003018571
11,2,0.123764733087612,0.0036423868
11,3,0.0,0.004327059
11,4,0.0,0.0029802527
11,5,0.0,0.004207434
11,6,0.0,0.004261545
11,7,0.0,0.004295268
11,8,0.0,0.004340198
11,9,0.0,0.002954636
11,10,0.0,0.004306241
11,11,0.0,0.012034055
11,12,0.0,0.004230043
11,13,0.0,0.00277995
11,14,0.119446584303896,0.0043422333
11,15,0.0,0.0029515787
11,16,0.0,0.0043374114
11,17,0.124231109970203,0.0038813162
11,18,0.0,0.0029628612
11,19,0.0,0.0030192807
11,20,0.0,0.0042180084
11,21,0.0,0.004235439
11,22,0.122397673512632,0.0042888373
11,23,0.0,0.0029952088
11,24,0.0,0.004299729
11,25,0.0,0.004233638
11,26,0.0,0.0029924456
11,27,0.0,0.004270646
11,28,-0.123806486305333,0.0043318258
11,29,0.118599759770395,0.0042573996
11,30,0.129345005902345,0.0042620767
11,31,0.0,0.004280583
11,32,0.0,0.0029815305
11,33,0.0,0.004151091
11,34,-0.126341027311203,0.0038047647
11,35,0.0,0.0030137375
11,36,0.0,0.004305403
11,37,0.0,0.004284785
11,38,0.0,0.0029655378
11,39,0.0,0.00434295
11,40,0.0,0.0042967973
11,41,0.0,0.0042063016
11,42,0.0,0.0030179191
11,43,0.0,0.004293061
11,44,0.0,0.002971095
11,45,0.0,0.004278928
11,46,0.0,0.0024901736
11,47,0.0,0.004291774
11,48,0.12394645943367,0.003003912
11,49,0.0,0.0043184413
11,50,0.0,0.0042617787
11,51,0.0,0.0043153693
11,52,0.0,0.0043215617
11,53,0.0,0.004296533
11,54,0.0,0.0042755567
11,55,0.0,0.004333308
11,56,0.0,0.0024924001
11,57,-0.11517111107457,0.0028745877
11,58,-0.124016697747941,0.004266779
11,59,0.0,0.004327912
11,60,0.0,0.0029513957
11,61,0.0,0.0042108577
11,62,0.0,0.002955915
11,63,0.118043002201881,0.0030275807
11,64,0.0,0.004303212
11,65,0.0,0.004323526
11,66,0.0,0.0035430442
11,67,0.0,0.0041583367
11,68,0.0,0.0031350087
11,69,0.0,0.0035822357
11,70,0.0,0.002830502
11,71,0.0,0.0029668072
11,72,0.0,0.0029809372
11,73,0.0,0.0029663667
11,74,-0.117525831507582,0.004296234
11,75,0.0,0.0043200697
11,76,0.0,0.0030022115
11,77,0.0,0.0043340623
11,78,0.0,0.0029764557
11,79,0.0,0.0042441636
11,80,0.0,0.0029959437
11,81,0.0,0.00430828
11,82,0.0,0.004344473
11,83,0.0,0.0043437686
11,84,0.0,0.0043043033
11,85,0.0,0.0043449407
11,86,0.0,0.0030060625
11,87,0.0,0.004346181
11,88,0.0,0.0042530224
11,89,0.0,0.004084258
11,90,0.0,0.002958277
11,91,0.0,0.002773995
11,92,0.0,0.002988685
11,93,0.0,0.0043055057
11,94,0.0,0.0023510875
11,95,0.0,0.0030215532
11,96,0.0,0.0030182358
11,97,0.0,0.00428476
11,98,0.0,0.0030050362
11,99,0.0,0.0042445604
11,100,0.0,0.004343868
12,1,0.0,0.0029545545
12,2,0.0,0.004242167
12,3,0.0,0.0030133026
12,4,0.0,0.0042856773
12,5,0.0,0.0041990876
12,6,0.0,0.0029937848
12,7,0.0,0.0030224286
12,8,0.0,0.0029772501
12,9,0.0,0.0041991156
12,10,-0.117047912991827,0.004332695
12,11,0.0,0.004233049
12,12,0.0,0.012034055
12,13,0.108415125235577,0.003527916
12,14,-0.11040341912622,0.00301617
12,15,0.0,0.0043017548
12,16,0.0,0.0042520035
12,17,-0.114825713790699,0.0041859746
12,18,0.0,0.0029757447
12,19,0.0,0.004325135
12,20,0.0,0.0027570846
12,21,0.0,0.0030179583
12,22,0.0,0.0043260935
12,23,0.0,0.002956476
12,24,0.0,0.0029930668
12,25,0.0,0.0030111922
12,26,0.0,0.0043451125
12,27,0.0,0.0027220629
12,28,0.0,0.0032189474
12,29,0.0,0.0042400397
12,30,0.0,0.0029817177
12,31,0.0,0.0029634386
12,32,0.117353851929882,0.002955729
12,33,0.0,0.0043053403
12,34,0.0,0.0043335725
12,35,0.0,0.0042191204
12,36,0.0,0.0029942095
12,37,0.0,0.002957762
12,38,0.0,0.004300532
12,39,0.0,0.0043214434
12,40,-0.104189847648698,0.002995667
12,41,0.0,0.0043116673
12,42,0.0,0.0030074222
12,43,0.0,0.0042880736
12,44,0.0,0.0042512286
12,45,0.0,0.003001823
12,46,-0.110596602049889,0.0035436815
12,47,0.0,0.0042969286
12,48,0.114562613822856,0.004324617
12,49,0.0,0.004253434
12,50,-0.113804446462782,0.002943482
12,51,0.0,0.0029506607
12,52,0.0,0.002977484
12,53,0.0,0.0030092262
12,54,-0.114665496193976,0.0030102655
12,55,0.0,0.004241269
12,56,0.0,0.004319514
12,57,0.106451637117123,0.0039278506
12,58,0.0,0.0039092503
12,59,0.0,0.0042629223
12,60,0.0,0.0030911628
12,61,0.112434420055977,0.002408895
12,62,0.0,0.0029740776
12,63,0.0,0.004281719
12,64,0.0,0.0042609144
12,65,0.0,0.0033572493
12,66,0.0,0.0029796292
12,67,0.0,0.0027393643
12,68,0.0,0.0043039233
12,69,0.0,0.0043439697
12,70,0.0,0.0042234417
12,71,0.0,0.0042706663
12,72,0.0,0.0032179493
12,73,0.0,0.0030167494
12,74,0.0,0.003603694
12,75,0.0,0.004185207
12,76,0.0,0.0043146037
12,77,0.0,0.0042776857
12,78,0.0,0.0029779756
12,79,0.0,0.0036520408
12,80,0.0,0.0029865615
12,81,0.0,0.0029894486
12,82,0.0,0.0028657224
12,83,0.0,0.0025024652
12,84,0.0,0.0043463362
12,85,0.0,0.004300761
12,86,0.0,0.004327618
12,87,-0.117558967222874,0.004317312
12,88,0.0,0.0043405606
12,89,0.0,0.0042028613
12,90,0.0,0.0029793368
12,91,0.0,0.0030027898
12,92,0.0,0.0043041655
12,93,0.0,0.004245043
12,94,0.0,0.0029873347
12,95,0.0,0.002990297
12,96,0.0,0.0043050265
12,97,0.0,0.004018662
12,98,0.0,0.0030587828
12,99,0.107774393200287,0.002954189
12,100,0.0,0.0029907487
13,1,0.0,0.0042227022
13,2,0.0,0.0042585973
13,3,0.0,0.0043332116
13,4,0.0,0.0027540047
13,5,0.0,0.0043172385
13,6,0.0,0.0029711425
13,7,0.0,0.0030027656
13,8,0.0,0.003775524
13,9,0.0,0.002759975
13,10,0.0,0.0030236226
13,11,0.11986066677476,0.002957091
13,12,0.0,0.003382643
13,13,0.0,0.012034055
13,14,0.0,0.0032584437
13,15,0.0,0.003863776
13,16,0.0,0.0042428654
13,17,0.0,0.004329728
13,18,0.0,0.0041974746
13,19,0.0,0.004300556
13,20,0.106628854333013,0.004326581
13,21,0.0,0.004308988
13,22,0.0,0.0042971196
13,23,0.0,0.0043198685
13,24,0.0,0.002504078
13,25,0.0,0.0043414515
13,26,0.0,0.0029977486
13,27,0.0,0.004341875
13,28,0.0,0.0030198805
13,29,0.0,0.0042944048
13,30,0.0,0.002965787
13,31,0.0,0.00432169
13,32,0.0,0.0030072816
13,33,0.0,0.004342378
13,34,0.0,0.003192333
13,35,0.0,0.004392595
13,36,0.0,0.0028809465
13,37,0.0,0.004299882
13,38,0.0,0.0029772478
13,39,0.0,0.0030073458
13,40,0.0,0.0029696138
13,41,0.0,0.0029519899
13,42,0.0,0.0029908223
13,43,0.0,0.0043422095
13,44,0.0,0.0043247663
13,45,0.0,0.0042390153
13,46,0.0,0.0043429257
13,47,0.107466330447511,0.0029752017
13,48,0.0,0.0030894694
13,49,0.0,0.0041454807
13,50,0.0,0.004261368
13,51,0.0,0.0030231085
13,52,0.0,0.003004265
13,53,0.0,0.0029969653
13,54,0.0,0.004324087
13,55,0.0,0.0042294823
13,56,0.0,0.0042933477
13,57,0.0,0.0030053686
13,58,0.0,0.0043265503
13,59,0.0,0.004318363
13,60,0.0,0.0043209656
13,61,0.0,0.004282168
13,62,0.0,0.002972972
13,63,-0.105860778454895,0.004256389
13,64,0.0,0.004188368
13,65,0.0,0.0043172953
13,66,0.0,0.0042574136
13,67,0.0,0.0043297317
13,68,0.0,0.0042725652
13,69,0.0,0.0043273377
13,70,0.109198760019326,0.0042980164
13,71,0.108830515624998,0.0029773237
13,72,0.0,0.0033049008
13,73,-0.107566372597072,0.0042648064
13,74,0.0,0.0029879129
13,75,0.0,0.0029839305
13,76,0.0,0.0043264055
13,77,0.0,0.0043248874
13,78,0.0,0.002972506
13,79,0.0,0.0042968597
13,80,0.0,0.004293616
13,81,0.0,0.0029807002
13,82,0.0,0.004274493
13,83,0.0,0.004272417
13,84,0.0,0.0029728152
13,85,0.0,0.004323875
13,86,0.0,0.0043184045
13,87,0.0,0.003330307
13,88,0.0,0.004317501
13,89,0.0,0.004188951
13,90,0.0,0.00432779
13,91,0.0,0.00430763
13,92,0.0,0.0042427666
13,93,0.0,0.0042827427
13,94,0.0,0.0029559466
13,95,0.0,0.004296271
13,96,0.0,0.004282037
13,97,0.0,0.0042715324
13,98,0.0,0.002976718
13,99,0.0,0.0042606154
13,100,0.108303868897483,0.0043320702
14,1,0.0,0.002986255
14,2,0.0,0.004177144
14,3,0.0,0.0029596197
14,4,0.0,0.003827346
14,5,0.0,0.0029872432
14,6,0.0,0.003027847
14,7,0.0,0.0042469203
14,8,0.0,0.0028974353
14,9,0.112433245253519,0.0034813792
14,10,0.0,0.0029788571
14,11,0.0,0.004340835
14,12,0.0,0.002835473
14,13,0.0,0.004059864
14,14,0.90890021645464,0.012034055
14,15,0.0,0.0043108766
14,16,0.0,0.0042536706
14,17,0.0,0.004270415
14,18,0.0,0.004302233
14,19,0.0,0.0042782025
14,20,0.0,0.0029845359
14,21,0.0,0.004345922
14,22,0.0,0.0035708654
14,23,0.0,0.003942608
14,24,0.0,0.0043040463
14,25,-0.111582124404028,0.0029636025
14,26,0.0,0.0043055764
14,27,0.0,0.0029816926
14,28,0.0,0.0030133706
14,29,-0.108310682834331,0.0042548543
14,30,0.0,0.0030073533
14,31,0.0,0.0043449393
14,32,0.0,0.002989865
14,33,0.0,0.0029943064
14,34,0.0,0.0042986795
14,35,0.0,0.002974012
14,36,0.0,0.0042139348
14,37,0.0,0.004247837
14,38,0.0,0.002986583
14,39,0.0,0.00299229
14,40,0.0,0.0032962773
14,41,0.0,0.004323754
14,42,0.0,0.0040247403
14,43,0.0,0.004274411
14,44,0.0,0.0027554668
14,45,0.0,0.0043170573
14,46,0.0,0.0050249984
14,47,0.0,0.0042267814
14,48,0.0,0.0029822486
14,49,0.0,0.004155487
14,50,0.0,0.0030058417
14,51,0.0,0.00296357
14,52,0.0,0.0036580795
14,53,0.0,0.0029539242
14,54,0.0,0.0030271113
14,55,0.0,0.0043192655
14,56,-0.104011224714605,0.0027285432
14,57,0.0,0.002990039
14,58,0.0,0.0029521598
14,59,0.0,0.002999966
14,60,0.0,0.004196018
14,61,0.0,0.0029917313
14,62,0.0,0.0029992387
14,63,0.0,0.004204046
14,64,0.0,0.0030641155
14,65,0.0,0.0043035657
14,66,0.0,0.0043047946
14,67,0.0,0.004335406
14,68,0.113502682361532,0.0031474638
14,69,0.0,0.0029659974
14,70,0.0,0.0042817807
14,71,0.0,0.0030118078
14,72,0.0,0.0029568784
14,73,0.0,0.0030234642
14,74,0.107329922808463,0.0042503662
14,75,0.109472456484744,0.0033138876
14,76,0.0,0.002966741
14,77,0.0,0.0041815545
14,78,0.0,0.0030113114
14,79,0.0,0.0042879665
14,80,0.0,0.0029676515
14,81,0.0,0.0029848032
14,82,0.0,0.002961938
14,83,0.0,0.0029705628
14,84,0.0,0.0030204337
14,85,0.0,0.0030100588
14,86,0.0,0.0030033803
14,87,0.0,0.0032571754
14,88,0.0,0.0029845797
14,89,-0.106617527836609,0.003925737
14,90,0.0,0.004264949
14,91,0.0,0.003697168
14,92,0.0,0.0043300213
14,93,0.0,0.0029449302
14,94,0.0,0.0029690284
14,95,0.0,0.0037730678
14,96,0.0,0.00433371
14,97,0.0,0.004156992
14,98,0.0,0.004193127
14,99,0.0,0.0042915046
14,100,0.0,0.0043112836
15,1,0.0,0.0029590868
15,2,0.111315100224172,0.004339724
15,3,0.0,0.0043192306
15,4,0.0,0.0023868666
15,5,0.0,0.004301386
15,6,-0.0998424145360743,0.0029580328
15,7,0.0,0.0042783944
15,8,0.0,0.0043302462
15,9,0.0,0.0029591843
15,10,0.107416287168147,0.004318599
15,11,0.0,0.0038978844
15,12,0.0,0.004317002
15,13,0.0,0.003172959
15,14,0.0,0.0043291203
15,15,0.0,0.012034055
15,16,0.0,0.0043283915
15,17,0.0,0.004359714
15,18,0.0,0.0029958114
15,19,-0.118684145021264,0.003002176
15,20,0.0,0.0029679947
15,21,0.0,0.0029533843
15,22,0.0,0.0042102337
15,23,0.0,0.0029876623
15,24,0.0,0.0043429225
15,25,0.0,0.004343917
15,26,0.0,0.0043167253
15,27,0.0,0.0029584842
15,28,0.117039932875943,0.004342623
15,29,0.0,0.0043074517
15,30,0.0,0.0043132827
15,31,0.0,0.0029660477
15,32,0.0,0.004267739
15,33,0.0,0.0029525016
15,34,0.11943595038723,0.0029520262
15,35,0.0,0.0030239522
15,36,0.0,0.0042673275
15,37,0.0,0.004249066
15,38,-0.118004484101493,0.003020065
15,39,0.0,0.0029593809
15,40,0.0,0.004294711
15,41,0.0,0.004333416
15,42,0.0,0.004470151
15,43,0.0,0.0029859375
15,44,0.0,0.0043244404
15,45,0.0,0.0043342058
15,46,0.0,0.003003817
15,47,0.0,0.0029667555
15,48,0.0,0.00297869
15,49,0.0,0.0043449625
15,50,0.0,0.002990866
15,51,0.0,0.002958965
15,52,0.0,0.004295882
15,53,0.0,0.0029598747
15,54,0.0,0.0029684375
15,55,0.106034032456633,0.0029965546
15,56,0.0,0.0043374207
15,57,0.0,0.0030243527
15,58,0.0,0.004335016
15,59,0.0,0.0030228556
15,60,0.0,0.0029746415
15,61,0.0,0.0029645455
15,62,0.0,0.0041397717
15,63,0.0,0.0029958403
15,64,0.0,0.002980745
15,65,0.0,0.0042237565
15,66,0.0,0.0027768798
15,67,0.0,0.0042604534
15,68,0.0,0.0043033417
15,69,0.0,0.0029825699
15,70,0.0,0.004256593
15,71,0.0,0.004330268
15,72,0.0,0.004284953
15,73,0.0,0.0030479943
15,74,0.0,0.0030047176
15,75,0.0,0.00427638
15,76,-0.123343326795975,0.0031974802
15,77,0.0,0.0030049167
15,78,0.0,0.0029525617
15,79,0.0,0.004295959
15,80,0.0,0.003023455
15,81,0.0,0.0043305317
15,82,0.0,0.004226962
15,83,0.0,0.0042923596
15,84,0.0,0.0031092986
15,85,0.0,0.0029649157
15,86,0.0,0.0030225888
15,87,0.0,0.004223533
15,88,0.0,0.0043430654
15,89,0.0,0.0030236542
15,90,0.0,0.002957068
15,91,0.0,0.0042564785
15,92,0.0,0.0027769832
15,93,0.0,0.0043163416
15,94,0.0,0.0029850835
15,95,0.0,0.0029586134
15,96,0.0,0.004253885
15,97,0.0,0.0030048797
15,98,0.0,0.0029636524
15,99,0.0,0.004283292
15,100,0.0,0.0043150117
16,1,0.0,0.00433069
16,2,0.115719920415225,0.0029510488
16,3,0.0,0.0030104509
16,4,0.0,0.0029536088
16,5,0.0,0.0029722298
16,6,0.0,0.0029830867
16,7,0.0,0.0029641055
16,8,0.0,0.004257867
16,9,0.0,0.0029859561
16,10,0.0,0.004278926
16,11,0.0,0.004338793
16,12,0.0,0.0042639636
16,13,0.0,0.004249081
16,14,0.0,0.004286362
16,15,0.0,0.004322482
16,16,0.609133834019303,0.012034055
16,17,-0.111608581152034,0.003645854
16,18,0.0,0.0042934176
16,19,0.0,0.0043079476
16,20,0.0,0.002999329
16,21,0.0,0.0043421183
16,22,0.0,0.004297452
16,23,0.0,0.0043398384
16,24,0.0,0.0042322744
16,25,0.10976764903951,0.004277847
16,26,0.0,0.0030687691
16,27,0.0,0.0029084228
16,28,0.0,0.004245363
16,29,0.0,0.0029945634
16,30,0.0,0.002970573
16,31,0.0,0.0042919563
16,32,0.114065887110392,0.0027361112
16,33,0.0,0.0045201294
16,34,0.0,0.0029649409
16,35,0.0,0.004207315
16,36,0.0,0.0043320097
16,37,0.0,0.0029553005
16,38,0.0,0.004207814
16,39,0.0,0.0029546192
16,40,0.0,0.0024949533
16,41,0.0,0.004309649
16,42,0.0,0.0043422086
16,43,0.0,0.0030187648
16,44,0.0,0.002975266
16,45,0.0,0.0043106615
16,46,0.0,0.004144646
16,47,0.0,0.0043455865
16,48,0.0,0.0029646317
16,49,0.0,0.0043405634
16,50,0.0,0.0043447963
16,51,0.0,0.004289089
16,52,0.0,0.0042610895
16,53,0.0,0.0043464852
16,54,0.111452852456296,0.004315093
16,55,0.0,0.0029854383
16,56,0.0,0.0030676178
16,57,0.0,0.0043069525
16,58,0.0,0.0041446756
16,59,0.0,0.004304973
16,60,0.0,0.0030861194
16,61,0.0,0.004229633
16,62,0.0,0.0030164262
16,63,0.0,0.0029921057
16,64,-0.110439143609809,0.002779197
16,65,0.0,0.0043319003
16,66,0.0,0.0043034367
16,67,0.0,0.00423437
16,68,0.0,0.0043420964
16,69,0.0,0.003617053
16,70,0.0,0.0043963385
16,71,0.0,0.004327076
16,72,0.0,0.0042735385
16,73,0.0,0.00298258
16,74,0.0,0.004311985
16,75,0.0,0.002961055
16,76,0.0,0.0027473434
16,77,0.0,0.0029614582
16,78,0.0,0.004299715
16,79,0.107987534392898,0.0030270722
16,80,0.0,0.0043270304
16,81,0.0,0.004304297
16,82,0.0,0.0041715857
16,83,0.0,0.0034666837
16,84,0.0,0.0029963283
16,85,0.0,0.0037325714
16,86,-0.116161289570201,0.0029579203
16,87,0.0,0.004307854
16,88,0.0,0.0031347247
16,89,0.0,0.0029972484
16,90,0.0,0.0042728297
16,91,-0.11198196024941,0.004331296
16,92,0.0,0.0043039145
16,93,0.0,0.0041767955
16,94,0.0,0.0029589895
16,95,0.0,0.004315562
16,96,0.0,0.0043061893
16,97,0.0,0.0043315925
16,98,0.0,0.004249774
16,99,0.0,0.0030020103
16,100,0.0,0.0042796517
17,1,0.0,0.002952931
17,2,0.0,0.0034964932
17,3,0.0,0.004222676
17,4,-0.125010511358593,0.0029955208
17,5,0.0,0.004274344
17,6,0.0,0.0042658257
17,7,0.0,0.0042815767
17,8,0.0,0.004265543
17,9,0.0,0.004080484
17,10,0.120215837519445,0.0030136257
17,11,0.0,0.0038997158
17,12,0.0,0.004180489
17,13,-0.120649467897599,0.004327821
17,14,0.0,0.004288124
17,15,0.0,0.0033226823
17,16,-0.117655601570513,0.0040450497
17,17,0.0,0.012034055
17,18,0.0,0.004328858
17,19,0.0,0.004333134
17,20,0.0,0.00425246
17,21,0.0,0.0029918528
17,22,0.0,0.0043203468
17,23,0.0,0.0029857913
17,24,0.0,0.0042914525
17,25,0.116051633023495,0.0029995171
17,26,0.0,0.004332995
17,27,0.0,0.0028243116
17,28,0.0,0.004320272
17,29,0.0,0.0028079883
17,30,0.122855266914873,0.0029891627
17,31,0.0,0.0029523193
17,32,0.0,0.002973549
17,33,0.0,0.002965284
17,34,0.0,0.0030176304
17,35,0.0,0.0043270267
17,36,0.0,0.0043094642
17,37,0.0,0.0029926905
17,38,-0.118563758912946,0.0042632837
17,39,0.0,0.004327693
17,40,0.0,0.004284432
17,41,0.0,0.003001676
17,42,0.0,0.002987111
17,43,0.0,0.00245543
17,44,0.0,0.002973143
17,45,0.0,0.0042808317
17,46,0.0,0.004254029
17,47,0.0,0.00299739
17,48,0.0,0.0029485617
17,49,0.0,0.0029674
17,50,0.0,0.004249692
17,51,0.120944335474257,0.0029525687
17,52,0.0,0.004289547
17,53,0.0,0.0042823907
17,54,0.0,0.0024227486
17,55,0.0,0.0042647747
17,56,0.0,0.0035805725
17,57,0.0,0.004294024
17,58,0.0,0.002952253
17,59,0.0,0.0028841933
17,60,0.0,0.004600033
17,61,0.1155405979228,0.0042630713
17,62,0.0,0.004278695
17,63,-0.112120328433044,0.003030044
17,64,0.0,0.0032159009
17,65,0.0,0.004341592
17,66,0.0,0.004259348
17,67,0.0,0.004228113
17,68,0.0,0.004337037
17,69,0.0,0.0035768836
17,70,0.115655684915114,0.0034116951
17,71,0.0,0.0029552653
17,72,0.0,0.0029840497
17,73,0.0,0.00422775
17,74,0.0,0.003002896
17,75,0.11385746071787,0.004345279
17,76,0.0,0.0030125342
17,77,0.0,0.0042276196
17,78,0.0,0.0023574932
17,79,0.0,0.0042995866
17,80,0.0,0.0031679082
17,81,0.0,0.0030202232
17,82,0.0,0.0042990446
17,83,0.0,0.002970194
17,84,0.0,0.0023996504
17,85,0.0,0.004345595
17,86,0.0,0.0025984817
17,87,0.0,0.0030105049
17,88,0.0,0.002965107
17,89,0.0,0.004326046
17,90,0.0,0.004338354
17,91,0.0,0.0030136583
17,92,0.0,0.0043373285
17,93,0.0,0.0029932568
17,94,0.0,0.004259222
17,95,0.0,0.004300153
17,96,0.0,0.004218135
17,97,0.0,0.0029862886
17,98,0.0,0.0042569395
17,99,0.0,0.0043422813
17,100,0.0,0.004288015
18,1,0.123353295354886,0.0028811889
18,2,0.0,0.004332982
18,3,0.0,0.004250068
18,4,0.0,0.0038098441
18,5,0.0,0.004168801
18,6,0.0,0.0029968135
18,7,0.0,0.004258303
18,8,0.0,0.004261125
18,9,0.0,0.004316999
18,10,0.0,0.004198322
18,11,0.0,0.00295796
18,12,0.0,0.0029689102
18,13,0.0,0.004216386
18,14,0.0,0.0043198965
18,15,0.0,0.0030086543
18,16,0.0,0.0042972052
18,17,0.0,0.0043327063
18,18,0.0,0.012034055
18,19,0.0,0.0043267
18,20,0.0,0.0029708995
18,21,0.0,0.004336991
18,22,0.0,0.0030196272
18,23,0.0,0.0029571408
18,24,0.0,0.0029556523
18,25,0.0,0.0042252988
18,26,0.0,0.002978249
18,27,0.0,0.0030043535
18,28,0.0,0.0028136505
18,29,0.0,0.0042933254
18,30,0.0,0.002963862
18,31,0.0,0.004336926
18,32,-0.112748316262052,0.0029775985
18,33,0.0,0.0043158103
18,34,0.0,0.0043344023
18,35,0.0,0.0043399045
18,36,0.0,0.002957938
18,37,0.0,0.0042305943
18,38,0.0,0.003015073
18,39,0.0,0.0030210372
18,40,0.0,0.004185984
18,41,0.0,0.0029866537
18,42,0.0,0.0029689684
18,43,0.0,0.0029894668
18,44,0.0,0.0042888382
18,45,0.0,0.0042624846
18,46,0.106256253717855,0.0043324614
18,47,0.0,0.0029961104
18,48,0.0,0.004246151
18,49,0.0,0.002483055
18,50,0.0,0.002365653
18,51,0.0,0.004306981
18,52,0.0,0.0043190313
18,53,0.0,0.0042409953
18,54,0.0,0.0043231077
18,55,0.0,0.00426934
18,56,0.0,0.002967774
18,57,0.0,0.0028087534
18,58,0.0,0.0042147133
18,59,0.0,0.004324512
18,60,0.0,0.0042607756
18,61,0.0,0.004230926
18,62,0.0,0.0042794365
18,63,0.0,0.0030254778
18,64,0.0,0.0029646382
18,65,0.0,0.004330486
18,66,0.0,0.0042584976
18,67,0.0,0.00302344
18,68,0.0,0.0030009933
18,69,0.0,0.0029594186
18,70,0.0,0.0030204952
18,71,0.0,0.0043420875
18,72,0.0,0.0024736421
18,73,0.0,0.0029062754
18,74,0.0,0.00298101
18,75,0.0,0.004261855
18,76,0.0,0.0030001812
18,77,0.0,0.0042467564
18,78,0.0,0.0043107127
18,79,0.0,0.0043152464
18,80,0.0,0.0043422654
18,81,0.0,0.0042485856
18,82,0.0,0.003081545
18,83,0.0,0.0030220076
18,84,0.0,0.0042890226
18,85,0.0,0.004217416
18,86,0.0,0.0042799423
18,87,0.0,0.0042794086
18,88,-0.107564184911133,0.0042972956
18,89,0.0,0.0029594167
18,90,0.0,0.004252674
18,91,0.0,0.0029999008
18,92,0.0,0.00433693
18,93,0.0,0.004218299
18,94,-0.105884014969064,0.002976067
18,95,0.109869400593111,0.004336115
18,96,0.0,0.0029690429
18,97,0.0,0.0043226285
18,98,0.0,0.0030257832
18,99,0.0,0.0029909257
18,100,0.107243415839042,0.0042546866
19,1,0.0,0.0028655988
19,2,-0.120288848377633,0.004535351
19,3,0.0,0.0029651788
19,4,0.0,0.004253201
19,5,0.0,0.0043258946
19,6,0.0,0.00421788
19,7,0.0,0.0029528323
19,8,0.0,0.0043429956
19,9,0.0,0.0043021436
19,10,0.0,0.004288397
19,11,0.0,0.0030088602
19,12,0.0,0.0043274583
19,13,0.0,0.004302417
19,14,0.0,0.0043012947
19,15,0.0,0.0030241273
19,16,0.0,0.0043071094
19,17,0.0,0.0043349965
19,18,0.119500635847003,0.004324704
19,19,-0.769019480096176,0.012034055
19,20,0.114128916752204,0.004280946
19,21,0.0,0.0029784227
19,22,0.0,0.00425605
19,23,0.0,0.003003493
19,24,0.0,0.0029635788
19,25,0.0,0.0029510362
19,26,0.0,0.0030045854
19,27,0.0,0.004283551
19,28,0.0,0.0030019004
19,29,0.0,0.0029822094
19,30,0.0,0.0028655971
19,31,0.0,0.0042989636
19,32,0.0,0.0030018631
19,33,0.0,0.004335
19,34,0.0,0.0029842537
19,35,0.0,0.004340822
19,36,0.0,0.0043106102
19,37,0.0,0.004216565
19,38,0.0,0.0029885434
19,39,0.0,0.0043363674
19,40,0.0,0.0029687774
19,41,0.0,0.0043006726
19,42,0.0,0.0042917337
19,43,0.11657836385001,0.0042029265
19,44,0.0,0.0027557043
19,45,0.0,0.0030246656
19,46,0.0,0.0029562968
19,47,0.115025299277847,0.0042917766
19,48,0.118973411411654,0.0043207067
19,49,0.0,0.0027206738
19,50,0.118186053701848,0.004318766
19,51,0.0,0.0043466357
19,52,0.115141932219855,0.0029743365
19,53,0.0,0.0042689554
19,54,0.0,0.0023940194
19,55,0.0,0.004341879
19,56,0.0,0.0029977271
19,57,0.0,0.0029114215
19,58,0.0,0.0043359995
19,59,0.0,0.004265884
19,60,0.0,0.0042960905
19,61,0.0,0.0035439325
19,62,0.0,0.004206758
19,63,0.0,0.004297274
19,64,0.0,0.0033111777
19,65,0.0,0.0023968515
19,66,0.0,0.0030046853
19,67,0.0,0.0042902883
19,68,0.0,0.0042946003
19,69,0.0,0.004319316
19,70,0.116879584514404,0.004343568
19,71,0.0,0.004269867
19,72,0.0,0.0030016676
19,73,-0.115132378194059,0.0030122781
19,74,0.0,0.003456891
19,75,0.0,0.00424934
19,76,0.0,0.0042639542
19,77,-0.113486075388676,0.0029538423
19,78,0.0,0.003017878
19,79,0.0,0.0033765938
19,80,0.0,0.004275047
19,81,0.0,0.004229447
19,82,0.0,0.0043099276
19,83,0.0,0.0042142887
19,84,0.0,0.0042893356
19,85,0.11550641835674,0.004210351
19,86,-0.124110919227403,0.0029548407
19,87,0.0,0.004340181
19,88,0.0,0.0042024236
19,89,0.0,0.0029604316
19,90,0.0,0.004269667
19,91,0.0,0.00431313
19,92,0.0,0.002958996
19,93,0.0,0.0030110143
19,94,0.0,0.004346175
19,95,0.0,0.002999234
19,96,0.0,0.0030144323
19,97,0.0,0.0029851254
19,98,0.0,0.0029541918
19,99,0.0,0.0041663665
19,100,0.0,0.004513829
20,1,0.0,0.0037489291
20,2,0.0,0.0043388284
20,3,0.0,0.003026262
20,4,0.0,0.004234059
20,5,0.0,0.0043081143
20,6,0.0,0.0032985485
20,7,0.0,0.0041515604
20,8,0.0,0.004234832
20,9,0.0,0.002794485
20,10,0.0,0.004329934
20,11,0.0,0.0042231567
20,12,0.0,0.0027384453
20,13,0.0,0.0043253666
20,14,0.0,0.0029724315
20,15,0.0,0.002982027
20,16,0.0,0.0030069929
20,17,0.0,0.004256868
20,18,-0.113964012921033,0.0029776343
20,19,0.0,0.0042740805
20,20,0.0,0.012034055
20,21,0.0,0.0027482095
20,22,0.0,0.0030208007
20,23,0.0,0.0030185562
20,24,0.0,0.003006651
20,25,0.0,0.0029638265
20,26,0.0,0.0043384694
20,27,0.0,0.0029301504
20,28,0.0,0.004241634
20,29,0.0,0.0029746387
20,30,0.0,0.0043256395
20,31,0.0,0.004318137
20,32,0.0,0.004274383
20,33,0.0,0.0042535085
20,34,0.0,0.0042529944
20,35,0.11207086725197,0.0029891385
20,36,0.0,0.004310315
20,37,0.0,0.0042509846
20,38,0.0,0.0043374193
20,39,0.0,0.0030146423
20,40,0.0,0.0043370277
20,41,0.0,0.002750766
20,42,0.0,0.0043335366
20,43,0.0,0.0029609776
20,44,0.0,0.0042914925
20,45,0.0,0.0037063453
20,46,0.0,0.003007248
20,47,0.0,0.0036826269
20,48,0.0,0.0040364563
20,49,0.0,0.004340511
20,50,0.0,0.0036773938
20,51,0.115753751001163,0.0029984815
20,52,0.0,0.0031570164
20,53,0.0,0.0043269796
20,54,0.0,0.004293035
20,55,0.0,0.0027640492
20,56,0.0,0.0025002332
20,57,0.0,0.0043416712
20,58,0.0,0.0030049263
20,59,0.0,0.004341197
20,60,0.0,0.0031037326
20,61,0.0,0.00296938
20,62,0.0,0.002985143
20,63,0.0,0.004223358
20,64,0.0,0.0042721555
20,65,0.0,0.0042945435
20,66,0.0,0.0029882984
20,67,0.0,0.004244011
20,68,0.0,0.0027317943
20,69,0.0,0.0026377963
20,70,0.0,0.003497603
20,71,0.0,0.004221311
20,72,0.0,0.00427318
20,73,0.109037363540531,0.0030031065
20,74,0.0,0.0043206266
20,75,0.0,0.00425254
20,76,0.0,0.0029823342
20,77,-0.10747821466943,0.002972411
20,78,0.0,0.004324405
20,79,0.109269777610738,0.0043426873
20,80,0.0,0.0043270867
20,81,0.0,0.0041668992
20,82,0.0,0.0043441067
20,83,0.0,0.0040377523
20,84,0.0,0.0041901655
20,85,0.0,0.0035656793
20,86,0.0,0.004230207
20,87,0.0,0.0030158479
20,88,0.0,0.0042667277
20,89,0.0,0.0037000002
20,90,0.0,0.0043312646
20,91,0.0,0.0042555593
20,92,0.0,0.004272975
20,93,0.0,0.0042718453
20,94,0.0,0.0043138266
20,95,-0.112473162421161,0.0029713595
20,96,0.0,0.0043040835
20,97,0.0,0.0029578619
20,98,0.0,0.0043431893
20,99,0.0,0.002837452
20,100,0.0,0.004279799
21,1,0.0,0.004320539
21,2,0.0,0.0042318907
21,3,0.0,0.0043088053
21,4,0.0,0.0030172523
21,5,0.0,0.0043359594
21,6,0.0,0.004236078
21,7,0.0,0.0029743863
21,8,0.0,0.0043468205
21,9,0.0,0.0043014893
21,10,0.0,0.0029651108
21,11,0.0,0.004207641
21,12,0.0,0.0028009415
21,13,0.0,0.00429466
21,14,0.0,0.004345959
21,15,0.0,0.0029665148
21,16,0.0,0.0043399655
21,17,0.0,0.0033573676
21,18,0.0,0.0043313485
21,19,0.0,0.0029954864
21,20,0.0,0.0031330204
21,21,0.323285183869302,0.012034055
21,22,0.0,0.00295955
21,23,0.0,0.0029504013
21,24,0.0,0.004290779
21,25,0.0,0.0042694337
21,26,0.0,0.004255508
21,27,0.0,0.0033149796
21,28,0.117761744907116,0.0029164834
21,29,0.0,0.0029826863
21,30,0.0,0.002977836
21,31,0.0,0.004254818
21,32,0.0,0.0029288242
21,33,0.0,0.00431227
21,34,-0.120172539206325,0.004299368
21,35,0.0,0.0029755984
21,36,0.0,0.0041317306
21,37,0.0,0.0029710531
21,38,0.0,0.0042688847
21,39,0.0,0.0030061426
21,40,0.0,0.0029920675
21,41,0.0,0.0030135773
21,42,0.0,0.0040967157
21,43,0.0,0.004296137
21,44,0.0,0.0029990422
21,45,0.0,0.0030191373
21,46,0.0,0.004332279
21,47,0.0,0.0029551322
21,48,0.0,0.0042479895
21,49,0.0,0.003006163
21,50,0.0,0.003009514
21,51,0.0,0.0027629174
21,52,0.0,0.00306706
21,53,0.0,0.004343367
21,54,0.0,0.0030240447
21,55,0.0,0.0030238293
21,56,0.0,0.0029353055
21,57,0.0,0.004631417
21,58,0.0,0.0028720386
21,59,0.0,0.005014319
21,60,0.0,0.0029787337
21,61,0.0,0.0035966435
21,62,0.0,0.0041773543
21,63,0.0,0.004100889
21,64,0.0,0.004303975
21,65,0.0,0.0023947393
21,66,0.0,0.0042106006
21,67,0.0,0.002998799
21,68,0.0,0.00301232
21,69,0.0,0.0047142804
21,70,0.0,0.004190894
21,71,0.0,0.0041783415
21,72,0.0,0.004287337
21,73,0.0,0.0028991848
21,74,0.0,0.003279744
21,75,0.0,0.0029537305
21,76,0.124104013298937,0.0043155253
21,77,0.0,0.0043092496
21,78,0.0,0.0043337075
21,79,0.0,0.00282025
21,80,0.0,0.0029967334
21,81,0.0,0.004267061
21,82,0.0,0.002953815
21,83,-0.112908815210753,0.003014245
21,84,0.0,0.0029598337
21,85,0.0,0.003681025
21,86,0.0,0.0042360164
21,87,0.0,0.0029569585
21,88,0.0,0.0034412132
21,89,0.0,0.0043382924
21,90,0.0,0.0029570877
21,91,0.0,0.004292352
21,92,0.0,0.00358547
21,93,0.0,0.004312135
21,94,0.0,0.004327329
21,95,0.0,0.002951869
21,96,0.0,0.004224092
21,97,0.0,0.0034274338
21,98,0.0,0.004323359
21,99,0.0,0.004345786
21,100,0.0,0.0042568604
22,1,0.0,0.0043318914
22,2,0.0,0.0029636556
22,3,0.0,0.0029708315
22,4,0.0,0.0029792683
22,5,0.0,0.0030115498
22,6,0.102766413291198,0.0028255105
22,7,0.0,0.0043169763
22,8,0.0,0.0043183365
22,9,0.0,0.0030168751
22,10,0.0,0.0042899735
22,11,0.0,0.004296419
22,12,0.0,0.004328331
22,13,0.0,0.0042991173
22,14,0.0,0.0028620814
22,15,0.0,0.004162617
22,16,0.0,0.004296447
22,17,0.0,0.004323985
22,18,0.113824317454901,0.0030275285
22,19,0.0,0.0042560985
22,20,0.0,0.0030130548
22,21,0.0,0.002953417
22,22,0.0,0.012034055
22,23,0.0,0.002979387
22,24,0.0,0.002966126
22,25,0.0,0.0042587463
22,26,0.0,0.002967449
22,27,0.0,0.0043107215
22,28,0.0,0.004331269
22,29,0.0,0.004316352
22,30,0.0,0.0029741488
22,31,0.0,0.0030130167
22,32,0.0,0.004303632
22,33,0.0,0.004278036
22,34,0.0,0.004269056
22,35,0.0,0.0028053373
22,36,0.0,0.0042814873
22,37,0.0,0.0039334525
22,38,0.116813962761324,0.0024935426
22,39,0.0,0.00431491
22,40,-0.105488113821644,0.0038319146
22,41,0.0,0.00432267
22,42,0.0,0.0029951753
22,43,0.113655139409802,0.004328684
22,44,0.0,0.004323353
22,45,0.0,0.0029985402
22,46,0.0,0.00296711
22,47,0.0,0.0043237642
22,48,0.0,0.0041980334
22,49,0.0,0.0043411762
22,50,-0.115222516135671,0.0029765312
22,51,0.0,0.004253447
22,52,0.0,0.0034617614
22,53,0.0,0.0029617327
22,54,0.0,0.00427951
22,55,0.0,0.0030052708
22,56,0.0,0.0023882024
22,57,0.0,0.004248677
22,58,0.0,0.003943632
22,59,0.0,0.0029867515
22,60,-0.117142973411643,0.002986432
22,61,0.0,0.0030070376
22,62,0.0,0.002982379
22,63,0.0,0.0042771352
22,64,0.0,0.004304554
22,65,0.0,0.0030149072
22,66,0.0,0.0029711677
22,67,0.0,0.0043208683
22,68,0.0,0.0029619336
22,69,-0.105916372200069,0.0029598242
22,70,0.0,0.002978661
22,71,0.113564544218225,0.0028306455
22,72,0.0,0.004146021
22,73,0.0,0.0043004546
22,74,0.0,0.0030089514
22,75,0.0,0.0031084167
22,76,0.0,0.004341544
22,77,0.0,0.004343065
22,78,0.0,0.0030077351
22,79,-0.112484664169742,0.0029699057
22,80,0.0,0.0043384386
22,81,0.120400830386701,0.0029606884
22,82,0.0,0.003638499
22,83,0.0,0.002958138
22,84,0.0,0.0042926073
22,85,-0.112610073151761,0.0029719374
22,86,0.0,0.0029670047
22,87,0.0,0.0030379482
22,88,0.0,0.004294442
22,89,0.109251657876362,0.004294631
22,90,0.0,0.002997334
22,91,0.0,0.0042663813
22,92,0.0,0.0029575927
22,93,0.0,0.0043212376
22,94,0.0,0.0041697714
22,95,0.0,0.0043245503
22,96,0.0,0.0029951427
22,97,0.113350330234607,0.0029726373
22,98,0.0,0.0043190406
22,99,0.0,0.004258073
22,100,0.0,0.0042633256
23,1,0.120542645461338,0.003540928
23,2,0.0,0.004198756
23,3,0.0,0.004334011
23,4,0.0,0.0029704953
23,5,0.0,0.003086989
23,6,0.0,0.0027710786
23,7,0.0,0.0042689526
23,8,0.0,0.00424779
23,9,0.0,0.0033992636
23,10,0.0,0.004212713
23,11,0.0,0.0029940903
23,12,0.0,0.0029565778
23,13,0.0,0.0043176594
23,14,0.0,0.0033180376
23,15,0.0,0.003012848
23,16,-0.11234220342914,0.0043387976
23,17,0.0,0.0029845368
23,18,0.0,0.0029613925
23,19,0.0,0.00301167
23,20,0.0,0.0030202083
23,21,0.0,0.0035376563
23,22,0.0,0.0029845182
23,23,0.0,0.012034055
23,24,0.0,0.0043358477
23,25,0.0,0.003153988
23,26,0.11231593577817,0.0037385696
23,27,0.0,0.0043346537
23,28,0.0,0.0042739753
23,29,0.0,0.0042624436
23,30,0.0,0.00430506
23,31,-0.112986462210002,0.0029779542
23,32,0.0,0.0043159276
23,33,0.0,0.004206294
23,34,0.0,0.0043219086
23,35,0.0,0.0043448214
23,36,0.0,0.0042226724
23,37,0.113734043592131,0.004323643
23,38,0.0,0.0038456558
23,39,-0.110037798586708,0.003008427
23,40,0.0,0.0043186937
23,41,0.0,0.004240878
23,42,0.0,0.004297726
23,43,0.0,0.0042700563
23,44,0.0,0.0042228606
23,45,0.0,0.0029642251
23,46,0.0,0.004253016
23,47,0.0,0.004269221
23,48,0.0,0.004328534
23,49,0.0,0.004180558
23,50,0.0,0.0028335913
23,51,0.0,0.0030210912
23,52,0.0,0.0029856954
23,53,0.0,0.0030256994
23,54,0.0,0.0042966343
23,55,0.0,0.0029650545
23,56,0.0,0.0045581227
23,57,0.0,0.0029849224
23,58,0.0,0.0027486577
23,59,0.0,0.0029525377
23,60,0.0,0.0042958297
23,61,0.0,0.004316832
23,62,0.0,0.0035943126
23,63,0.0,0.0041948
23,64,0.117264460810885,0.0035880466
23,65,0.0,0.0042962926
23,66,0.126577234898515,0.0038945707
23,67,0.0,0.004132066
23,68,0.0,0.0034490451
23,69,0.0,0.0043326067
23,70,0.0,0.0041857194
23,71,0.0,0.00301438
23,72,-0.11467319717062,0.0027759029
23,73,0.0,0.002984685
23,74,0.0,0.0030098874
23,75,0.0,0.004342933
23,76,0.0,0.003016444
23,77,0.0,0.0030902307
23,78,0.0,0.0031084213
23,79,0.0,0.0042979512
23,80,0.0,0.002969035
23,81,0.0,0.004308503
23,82,0.0,0.0031399634
23,83,-0.113234200657585,0.0029668491
23,84,0.0,0.0029646247
23,85,0.0,0.0031957454
23,86,0.0,0.0030055782
23,87,0.0,0.0029603045
23,88,0.0,0.0042766724
23,89,0.0,0.0043015536
23,90,0.0,0.002995978
23,91,0.0,0.0030206647
23,92,0.125410907053765,0.0029749363
23,93,0.0,0.0027930564
23,94,0.0,0.0043449574
23,95,0.0,0.004316785
23,96,0.0,0.003951374
23,97,0.0,0.0030101407
23,98,0.0,0.004218638
23,99,0.0,0.00432265
23,100,0.0,0.0042812526
24,1,0.0,0.0042834384
24,2,0.0,0.004334883
24,3,0.0,0.0041397177
24,4,0.0,0.0042890403
24,5,0.0,0.0032542031
24,6,0.0,0.003006949
24,7,0.0,0.0040977895
24,8,0.0,0.0029753125
24,9,0.0,0.003008468
24,10,0.0,0.002977523
24,11,0.0,0.004265788
24,12,0.0,0.0027229544
24,13,0.0,0.0031848769
24,14,0.0,0.004290688
24,15,0.0,0.004336566
24,16,0.0,0.004115153
24,17,0.0,0.00425224
24,18,0.0,0.0029747752
24,19,0.0,0.0029873103
24,20,0.0,0.003063254
24,21,0.0,0.0042696064
24,22,0.0,0.002992386
24,23,0.0,0.0043276157
24,24,0.922959786839783,0.012034055
24,25,0.113980787375103,0.002981279
24,26,0.0,0.0030157408
24,27,0.0,0.0030207606
24,28,0.0,0.0027414106
24,29,0.0,0.0042844135
24,30,0.0,0.0042342283
24,31,0.0,0.004322743
24,32,0.0,0.0029751034
24,33,0.111566362729416,0.004291434
24,34,0.0,0.004445606
24,35,0.0,0.0045162435
24,36,0.0,0.002987897
24,37,0.0,0.0042429734
24,38,0.0,0.004138384
24,39,0.0,0.0030012317
24,40,0.0,0.0041978043
24,41,0.0,0.0029511894
24,42,0.0,0.0041449554
24,43,0.0,0.00297416
24,44,0.0,0.004271958
24,45,0.0,0.0029816478
24,46,0.0,0.0038941465
24,47,0.0,0.003561838
24,48,0.0,0.0042343643
24,49,0.0,0.004224902
24,50,0.0,0.003967392
24,51,0.0,0.0043269554
24,52,0.0,0.004173406
24,53,0.0,0.0043126578
24,54,0.0,0.0042791516
24,55,0.0,0.004249973
24,56,0.0,0.0041259415
24,57,0.0,0.0043076742
24,58,-0.115692358466325,0.0042437967
24,59,0.0,0.004263805
24,60,0.0,0.004267608
24,61,0.113478871274174,0.0033471852
24,62,0.0,0.002757662
24,63,0.0,0.004236782
24,64,0.0,0.0042314287
24,65,0.0,0.004167022
24,66,0.0,0.0030153152
24,67,0.0,0.00423586
24,68,0.0,0.0042302553
24,69,0.0,0.004319642
24,70,0.0,0.0041117854
24,71,0.0,0.004255675
24,72,0.0,0.00383153
24,73,0.0,0.0033856647
24,74,0.0,0.003007955
24,75,0.0,0.003145964
24,76,0.0,0.0043040114
24,77,0.0,0.0042617377
24,78,0.0,0.0029574414
24,79,0.0,0.004058372
24,80,0.0,0.004164044
24,81,0.0,0.004328162
24,82,0.0,0.002951059
24,83,0.0,0.004322297
24,84,0.0,0.0030050771
24,85,0.0,0.004275609
24,86,0.0,0.0040891394
24,87,0.0,0.0042012427
24,88,0.0,0.0042173695
24,89,0.0,0.00432807
24,90,0.120732617771522,0.005531734
24,91,0.0,0.0042276643
24,92,0.0,0.0029977392
24,93,0.0,0.003866084
24,94,0.0,0.0030016275
24,95,0.0,0.004330512
24,96,0.0,0.004234435
24,97,0.0,0.00301266
24,98,0.0,0.0043273885
24,99,0.0,0.0041072033
24,100,0.0,0.0042965533
25,1,0.0,0.0042875158
25,2,-0.134979892814473,0.00420757
25,3,0.0,0.0029722108
25,4,0.0,0.0042866105
25,5,0.0,0.00432558
25,6,0.0,0.004298535
25,7,0.138986806272063,0.0029682205
25,8,0.0,0.003041841
25,9,0.0,0.0042749876
25,10,0.0,0.0029755454
25,11,0.0,0.004217811
25,12,0.133621255917699,0.003023358
25,13,0.0,0.0043400875
25,14,0.0,0.0029604353
25,15,0.0,0.004341765
25,16,0.127478239317274,0.004254477
25,17,0.0,0.0030074343
25,18,0.0,0.0041717403
25,19,0.0,0.0029546479
25,20,0.0,0.002968403
25,21,0.0,0.0040236325
25,22,0.0,0.0042312816
25,23,0.0,0.0034281618
25,24,0.0,0.0029671048
25,25,0.0,0.012034055
25,26,0.0,0.004202729
25,27,0.0,0.004289845
25,28,0.0,0.0029674117
25,29,0.0,0.0043071574
25,30,0.0,0.0038412674
25,31,0.0,0.0042334367
25,32,0.0,0.0043465146
25,33,0.0,0.0043159327
25,34,0.0,0.0030067023
25,35,0.0,0.0030301232
25,36,0.0,0.0042881966
25,37,0.0,0.00422241
25,38,0.0,0.0029570712
25,39,0.0,0.004342506
25,40,0.0,0.0029960526
25,41,0.0,0.0030281486
25,42,0.0,0.00429458
25,43,0.0,0.004240351
25,44,0.0,0.004202854
25,45,0.0,0.0043007554
25,46,0.111777369815739,0.0037643774
25,47,0.0,0.0029852008
25,48,0.0,0.0029673711
25,49,0.0,0.0029588144
25,50,0.0,0.0030214489
25,51,0.0,0.0044599534
25,52,0.0,0.004257596
25,53,0.0,0.004220471
25,54,0.0,0.004324527
25,55,0.0,0.0042925477
25,56,0.0,0.004257406
25,57,0.0,0.0029710163
25,58,0.0,0.0029330007
25,59,0.0,0.003014206
25,60,0.0,0.002988331
25,61,0.0,0.005499216
25,62,0.0,0.0028412
25,63,0.0,0.0042168815
25,64,0.0,0.0043146145
25,65,0.0,0.0029659895
25,66,0.0,0.0029955506
25,67,0.0,0.0030190572
25,68,0.0,0.0029639788
25,69,0.0,0.002974612
25,70,0.113747997691081,0.0042929556
25,71,0.0,0.004251022
25,72,0.0,0.0029034894
25,73,0.0,0.0029935027
25,74,0.0,0.002977319
25,75,0.0,0.002844391
25,76,0.0,0.0029794811
25,77,-0.110445411787805,0.0030142758
25,78,0.0,0.0029651625
25,79,-0.112286435174777,0.003960833
25,80,0.0,0.0029729577
25,81,0.0,0.004267143
25,82,0.0,0.002478058
25,83,0.0,0.0043353112
25,84,0.0,0.0043262225
25,85,0.0,0.002954995
25,86,0.0,0.0024936409
25,87,0.0,0.0030111829
25,88,0.0,0.0030085351
25,89,0.0,0.0028927783
25,90,0.0,0.0029677278
25,91,0.0,0.0029563017
25,92,0.0,0.002937729
25,93,0.0,0.002804051
25,94,0.0,0.002874944
25,95,0.115578257202061,0.004288907
25,96,0.0,0.0043216
25,97,0.0,0.0042695273
25,98,0.0,0.0042626895
25,99,0.0,0.003010705
25,100,0.112815825263086,0.0030260445
26,1,0.0,0.0043441877
26,2,0.0,0.0035588122
26,3,0.0,0.0042420086
26,4,0.0,0.0027607563
26,5,0.110455132298091,0.0029715444
26,6,0.0,0.0034323123
26,7,0.0,0.0043253577
26,8,0.0,0.0042393114
26,9,0.0,0.0027634206
26,10,0.0,0.0043351697
26,11,0.0,0.002986787
26,12,0.0,0.0043452457
26,13,0.0,0.00299693
26,14,0.0,0.0043187113
26,15,0.0,0.004305112
26,16,0.0,0.0031476486
26,17,0.0,0.004334553
26,18,0.0,0.0029832805
26,19,0.0,0.003006354
26,20,0.0,0.004339045
26,21,0.0,0.004281532
26,22,0.0,0.0029682387
26,23,0.0,0.0035375557
26,24,0.0,0.0029789712
26,25,0.0,0.0042338874
26,26,0.0,0.012034055
26,27,0.106223621501217,0.0029655625
26,28,0.0,0.0042930515
26,29,0.0,0.0043451125
26,30,0.0,0.004295132
26,31,0.0,0.004343365
26,32,0.0,0.002869741
26,33,0.0,0.0042302106
26,34,0.0,0.002966126
26,35,0.0,0.00424939
26,36,0.0,0.0029568966
26,37,0.0,0.0033371563
26,38,0.0,0.004275608
26,39,0.103842663246642,0.004311779
26,40,0.0,0.004233014
26,41,0.107525581742024,0.004270928
26,42,0.0,0.003018755
26,43,0.0,0.003012754
26,44,0.0,0.0037832684
26,45,0.0,0.0042214673
26,46,0.0,0.003004408
26,47,0.107875323153625,0.004341744
26,48,0.0,0.0029683001
26,49,0.0,0.0042927917
26,50,0.0,0.004287596
26,51,0.0,0.0042321533
26,52,0.0,0.0029804222
26,53,0.0,0.0030123452
26,54,0.0,0.0029550793
26,55,0.0,0.0032876246
26,56,0.0,0.003022641
26,57,0.0,0.0029531412
26,58,0.0,0.0043280516
26,59,0.0,0.004336372
26,60,0.0,0.0029588721
26,61,0.0,0.00428658
26,62,0.0,0.0030249376
26,63,0.0,0.004299405
26,64,0.0,0.003669066
26,65,0.0,0.0029619962
26,66,0.0,0.0030588028
26,67,0.0,0.004256511
26,68,0.111882759035727,0.0030277013
26,69,0.0,0.004329674
26,70,0.0,0.0043354984
26,71,0.0,0.002978098
26,72,0.0,0.0042713135
26,73,0.0,0.0029972093
26,74,0.0,0.003015508
26,75,0.0,0.0043078964
26,76,0.0,0.00305747
26,77,0.0,0.0043416647
26,78,0.0,0.004271717
26,79,0.0,0.004223615
26,80,0.0,0.0042930525
26,81,0.0,0.00430171
26,82,0.0,0.0030109864
26,83,0.0,0.004318956
26,84,0.0,0.0029509622
26,85,0.0,0.004183229
26,86,0.0,0.0042492766
26,87,0.0,0.0043004407
26,88,0.0,0.0042186175
26,89,0.0,0.004319874
26,90,0.0,0.003609077
26,91,-0.112208400296904,0.0037778402
26,92,0.0,0.0029714336
26,93,0.0,0.0042755203
26,94,0.0,0.0041366406
26,95,0.0,0.0029671807
26,96,0.0,0.0030114446
26,97,0.0,0.0030252766
26,98,0.0,0.0029881913
26,99,0.0,0.0043175314
26,100,0.0,0.0029564465
27,1,0.0,0.0030089132
27,2,0.0,0.0029938268
27,3,0.0,0.0043039713
27,4,0.0,0.0036893487
27,5,-0.120509995252196,0.002992658
27,6,0.0,0.0029852502
27,7,0.0,0.0041907616
27,8,0.0,0.002958827
27,9,0.0,0.0030264258
27,10,0.0,0.0029569117
27,11,0.0,0.0042668413
27,12,0.0,0.0028187009
27,13,0.116191468628772,0.004341105
27,14,0.0,0.0029732557
27,15,0.0,0.0029704887
27,16,0.0,0.0032434422
27,17,0.0,0.0028810226
27,18,0.0,0.0030256212
27,19,0.117781933585974,0.0042704334
27,20,0.0,0.0030660136
27,21,0.0,0.003019975
27,22,0.0,0.0043032235
27,23,0.116474075707971,0.0043337983
27,24,0.0,0.003010952
27,25,0.0,0.0042943526
27,26,0.0,0.0029701423
27,27,-0.188113419804722,0.012034055
27,28,0.0,0.0027631675
27,29,0.0,0.0027493385
27,30,0.116691706552453,0.004260299
27,31,0.106857776800801,0.0042711915
27,32,0.0,0.0028982644
27,33,0.0,0.0028882218
27,34,0.0,0.0041920785
27,35,0.0,0.004221093
27,36,0.0,0.004191123
27,37,0.0,0.0030057803
27,38,0.0,0.004250141
27,39,0.0,0.00431108
27,40,0.0,0.0043266835
27,41,0.0,0.0042621037
27,42,0.0,0.0043373965
27,43,0.0,0.0029926384
27,44,0.0,0.0033485766
27,45,0.0,0.004279175
27,46,0.0,0.0043134233
27,47,0.0,0.0029546747
27,48,0.0,0.002981715
27,49,0.0,0.00431705
27,50,0.0,0.004288381
27,51,0.0,0.004261235
27,52,0.10822012975781,0.002976708
27,53,0.0,0.0030077426
27,54,0.0,0.0029236756
27,55,0.0,0.0029524094
27,56,0.0,0.003000033
27,57,0.0,0.0029720156
27,58,0.0,0.0029817056
27,59,0.0,0.0042548226
27,60,0.0,0.0042843306
27,61,0.0,0.0042794924
27,62,0.0,0.0042705694
27,63,0.0,0.0030107163
27,64,0.0,0.004205575
27,65,0.0,0.004190754
27,66,0.0,0.00411864
27,67,0.106355714932718,0.0024938216
27,68,0.0,0.0043038595
27,69,0.0,0.0029685213
27,70,0.0,0.0032802501
27,71,-0.109482870666855,0.0043284064
27,72,0.0,0.0029821303
27,73,0.0,0.0027411948
27,74,0.0,0.0042910306
27,75,0.0,0.002990623
27,76,0.0,0.003003251
27,77,0.0,0.004271485
27,78,0.0,0.004215991
27,79,0.0,0.003383935
27,80,0.0,0.0042832587
27,81,0.0,0.0043058577
27,82,0.0,0.00433687
27,83,0.0,0.0030030757
27,84,0.119215905238061,0.0029713847
27,85,0.0,0.0027390283
27,86,0.0,0.0043397574
27,87,0.114745932597273,0.0042995624
27,88,0.0,0.0034874042
27,89,0.0,0.0029530008
27,90,0.0,0.0030226875
27,91,0.0,0.0029558127
27,92,0.0,0.0042200442
27,93,0.0,0.002981253
27,94,0.0,0.004234176
27,95,0.0,0.0032976316
27,96,0.0,0.0043066624
27,97,0.0,0.0029565701
27,98,0.0,0.0029962463
27,99,-0.105195490824846,0.0033734022
27,100,0.0,0.004271527
28,1,0.0,0.004322915
28,2,0.0,0.00424633
28,3,0.1127133254904,0.004280677
28,4,0.0,0.004891712
28,5,0.0,0.0042210333
28,6,0.0,0.0042677773
28,7,0.0,0.0029931655
28,8,0.0,0.0027305575
28,9,0.0,0.0043106875
28,10,0.0,0.0043260725
28,11,0.0,0.0043288916
28,12,0.0,0.0036175326
28,13,0.0,0.0028751977
28,14,0.0,0.0030068895
28,15,0.0,0.004339112
28,16,0.0,0.00420421
28,17,0.0,0.004315306
28,18,0.0,0.0033198597
28,19,0.0,0.0030254275
28,20,0.0,0.0042157713
28,21,0.0,0.0028551393
28,22,0.0,0.004325436
28,23,0.0,0.0042579016
28,24,0.0,0.003006246
28,25,0.0,0.0029688035
28,26,0.0,0.0042748256
28,27,0.0,0.0029439877
28,28,0.0,0.012034055
28,29,0.0,0.0042634103
28,30,0.0,0.0043252963
28,31,0.0,0.004248619
28,32,0.120183738254717,0.004257839
28,33,0.0,0.0029556172
28,34,0.0,0.00428571
28,35,0.0,0.00434097
28,36,0.0,0.002990039
28,37,0.0,0.0042694956
28,38,0.0,0.004273408
28,39,0.0,0.0032072044
28,40,0.0,0.0042501856
28,41,0.0,0.0043328833
28,42,0.0,0.0029941984
28,43,0.0,0.0029725675
28,44,0.0,0.0029646032
28,45,0.110629421313229,0.0043122084
28,46,0.113263543156358,0.0043058675
28,47,0.0,0.004346571
28,48,0.0,0.004287972
28,49,0.0,0.0042943964
28,50,0.0,0.0029692259
28,51,0.0,0.0030041747
28,52,0.0,0.004307114
28,53,0.0,0.0029862337
28,54,0.0,0.0029575226
28,55,0.0,0.0042876834
28,56,0.0,0.0044605415
28,57,-0.109018625990348,0.0030208789
28,58,0.0,0.0042640315
28,59,0.0,0.0042193793
28,60,0.0,0.004300177
28,61,0.115145678549199,0.004212767
28,62,0.0,0.004259737
28,63,0.0,0.0042637866
28,64,0.0,0.0042660953
28,65,0.0,0.0042948266
28,66,0.0,0.0042846855
28,67,-0.111590610258614,0.0034729284
28,68,0.0,0.004261893
28,69,0.0,0.0042198896
28,70,0.0,0.0041732118
28,71,0.0,0.0043009883
28,72,0.0,0.0030240659
28,73,0.0,0.004331112
28,74,0.0,0.0033693176
28,75,0.0,0.004310977
28,76,0.0,0.00425208
28,77,0.0,0.0042245444
28,78,0.0,0.0043227025
28,79,0.0,0.004231205
28,80,0.0,0.0042303987
28,81,0.0,0.0029591534
28,82,0.0,0.004304251
28,83,0.0,0.0043216813
28,84,0.0,0.0043255957
28,85,0.0,0.0030278005
28,86,0.0,0.0029668314
28,87,0.0,0.004273895
28,88,0.0,0.0043071196
28,89,0.0,0.004221197
28,90,0.0,0.0043011
28,91,0.0,0.004236812
28,92,0.0,0.0042534154
28,93,0.0,0.0043154294
28,94,0.0,0.0043319855
28,95,0.0,0.0029613124
28,96,0.0,0.0042253025
28,97,0.0,0.0042685894
28,98,0.0,0.003840284
28,99,0.0,0.002975298
28,100,0.0,0.0042554326
29,1,0.0,0.0043174094
29,2,0.0,0.0030221194
29,3,0.0,0.0042123944
29,4,0.0,0.0029902272
29,5,0.0,0.0030055
29,6,0.0,0.00434343
29,7,0.12846660304502,0.0042770244
29,8,0.0,0.004292107
29,9,0.0,0.0035159641
29,10,0.0,0.0043457774
29,11,0.0,0.00422604
29,12,0.0,0.004198868
29,13,0.0,0.004268691
29,14,0.0,0.0042521507
29,15,0.0,0.0042643826
29,16,0.0,0.003026912
29,17,0.0,0.003263024
29,18,0.0,0.0042555304
29,19,0.0,0.0030059023
29,20,0.0,0.0029889606
29,21,0.0,0.002986162
29,22,0.0,0.0042995196
29,23,0.0,0.0042305905
29,24,-0.116300510929791,0.004297862
29,25,0.0,0.004299829
29,26,0.0,0.0043442915
29,27,0.1221628220192,0.0031155702
29,28,0.0,0.0042526685
29,29,0.0,0.012034055
29,30,0.0,0.0029783258
29,31,0.0,0.004338653
29,32,0.0,0.002991822
29,33,0.0,0.004322738
29,34,0.0,0.004279374
29,35,0.0,0.00422279
29,36,0.0,0.0043330817
29,37,0.0,0.0042787762
29,38,0.0,0.004206566
29,39,0.0,0.0045127384
29,40,0.102214891826257,0.0029836884
29,41,0.0,0.0025060666
29,42,0.0,0.004188439
29,43,0.0,0.0029605771
29,44,0.11796298310027,0.003214474
29,45,0.0,0.0029870803
29,46,0.0,0.0042558145
29,47,0.0,0.0042718537
29,48,0.0,0.0029606468
29,49,0.0,0.0030034725
29,50,0.0,0.0029633367
29,51,0.0,0.0041219853
29,52,0.0,0.0041878056
29,53,0.0,0.0029825354
29,54,0.0,0.0029581387
29,55,0.0,0.0042392947
29,56,0.0,0.004335053
29,57,0.0,0.004408811
29,58,0.112454728565229,0.0029569557
29,59,0.0,0.0043324493
29,60,0.0,0.0043081366
29,61,0.0,0.0043279715
29,62,0.0,0.0043248935
29,63,0.0,0.0033109903
29,64,0.0,0.0042774156
29,65,0.0,0.0043025888
29,66,0.0,0.0042202175
29,67,0.0,0.0042827716
29,68,0.0,0.002958008
29,69,0.0,0.0031595496
29,70,0.0,0.0068074
29,71,-0.110040716266768,0.0042956807
29,72,0.0,0.004316088
29,73,0.0,0.0042803017
29,74,0.0,0.0042947317
29,75,0.0,0.004331893
29,76,0.0,0.00426118
29,77,0.0,0.0030146586
29,78,0.0,0.0042356513
29,79,0.108994344136845,0.0030190013
29,80,0.0,0.004175836
29,81,0.0,0.002951668
29,82,0.0,0.0036046957
29,83,0.0,0.0024320385
29,84,0.0,0.002990908
29,85,0.0,0.0042352285
29,86,0.0,0.0032017236
29,87,0.0,0.0029827273
29,88,0.0,0.0030128723
29,89,0.0,0.0030011926
29,90,0.117353937117792,0.0043108673
29,91,0.0,0.0029524534
29,92,0.0,0.0029512127
29,93,0.0,0.0030021388
29,94,0.0,0.0042548804
29,95,0.0,0.0030002296
29,96,0.0,0.0029100205
29,97,0.0,0.0042649666
29,98,0.0,0.0042054933
29,99,0.0,0.0029667825
29,100,0.0,0.0028813926
30,1,0.0,0.0029652482
30,2,0.0,0.0043081692
30,3,0.0,0.0033745538
30,4,0.0,0.0042779343
30,5,0.0,0.0029528504
30,6,0.0,0.0042809034
30,7,0.0,0.0029697604
30,8,0.0,0.0029959716
30,9,0.0,0.0029929262
30,10,0.0,0.0043018274
30,11,0.0,0.004250752
30,12,0.0,0.0029886458
30,13,0.0,0.002972439
30,14,0.0,0.0029981611
30,15,0.0,0.0042878715
30,16,0.0,0.0029809522
30,17,0.0,0.0029953932
30,18,0.0,0.0029744697
30,19,0.0,0.0032897033
30,20,0.0,0.004321812
30,21,0.0,0.0028383995
30,22,0.0,0.0029847538
30,23,0.0,0.0042985072
30,24,-0.114840859084187,0.0042726817
30,25,0.0,0.003828967
30,26,0.0,0.004281246
30,27,0.0,0.004253326
30,28,0.0,0.0043264143
30,29,0.0,0.002972077
30,30,-0.594523005187511,0.012034055
30,31,0.0,0.0042544184
30,32,0.0,0.0033820905
30,33,0.0,0.0029581143
30,34,0.0,0.0030167168
30,35,0.0,0.0041998196
30,36,0.118444457626036,0.0042769583
30,37,0.0,0.004336704
30,38,0.0,0.0032279487
30,39,0.0,0.0029970175
30,40,0.0,0.0028462524
30,41,0.0,0.0029807775
30,42,0.0,0.0042230617
30,43,0.0,0.0042211954
30,44,0.0,0.0029741907
30,45,0.0,0.0028271088
30,46,0.0,0.0030077426
30,47,0.0,0.002966872
30,48,0.122573768845253,0.00433982
30,49,0.0,0.002805418
30,50,0.0,0.0043463307
30,51,0.0,0.0028241305
30,52,0.0,0.0030178633
30,53,0.0,0.004247226
30,54,0.0,0.0029758844
30,55,0.0,0.004243834
30,56,0.11263053316278,0.004312894
30,57,0.0,0.0042182896
30,58,0.0,0.0029204898
30,59,0.0,0.0029860167
30,60,0.0,0.004326837
30,61,0.0,0.0030043395
30,62,0.0,0.004304683
30,63,0.0,0.004307213
30,64,0.0,0.003206998
30,65,0.0,0.0029556323
30,66,0.0,0.0042882934
30,67,-0.116582649045949,0.0030254193
30,68,0.0,0.00296675
30,69,0.0,0.0031289665
30,70,0.0,0.0030044215
30,71,0.0,0.0029783533
30,72,0.0,0.004320503
30,73,0.0,0.004178526
30,74,0.0,0.0034984192
30,75,0.0,0.003635779
30,76,0.129029319393234,0.0030946513
30,77,0.0,0.0029919008
30,78,0.0,0.004315493
30,79,0.0,0.0031224024
30,80,0.125137820272202,0.0029738187
30,81,0.0,0.004216116
30,82,0.0,0.0033039805
30,83,0.0,0.0043203323
30,84,0.0,0.0043131085
30,85,0.0,0.0042952904
30,86,0.127866747234091,0.0042603295
30,87,0.0,0.0030064695
30,88,0.0,0.003009282
30,89,0.115452818075014,0.004330495
30,90,0.0,0.004323525
30,91,0.0,0.002986513
30,92,-0.130013401562009,0.0030884254
30,93,0.0,0.0029916111
30,94,0.0,0.002998731
30,95,0.0,0.0032755772
30,96,-0.121400116766166,0.0042860415
30,97,0.0,0.004231764
30,98,0.114935217673096,0.0042937323
30,99,0.0,0.0042319335
30,100,0.0,0.0029588651
31,1,0.0,0.004129354
31,2,0.0,0.0042947475
31,3,0.0,0.004321146
31,4,0.123576684448717,0.0030245185
31,5,0.0,0.0043554762
31,6,0.110457861771542,0.003500807
31,7,0.0,0.0030078562
31,8,0.0,0.0040817447
31,9,0.0,0.0032389455
31,10,0.0,0.0043317503
31,11,0.0,0.0042360127
31,12,0.0,0.0029806816
31,13,0.0,0.004300447
31,14,0.117200662493548,0.0043444503
31,15,0.0,0.003008617
31,16,0.0,0.0042390265
31,17,0.0,0.002960849
31,18,0.0,0.0043259985
31,19,0.0,0.004254803
31,20,0.0,0.0042969184
31,21,0.0,0.0042236354
31,22,0.0,0.0033419128
31,23,0.0,0.003005241
31,24,0.0,0.0043234313
31,25,0.0,0.004180398
31,26,0.0,0.0043404396
31,27,0.0,0.0042263083
31,28,0.0,0.004209554
31,29,-0.125395003995484,0.004336725
31,30,0.0,0.00421053
31,31,0.946614627959207,0.012034055
31,32,-0.114978891741817,0.0041400343
31,33,0.0,0.0031613058
31,34,0.0,0.0041719377
31,35,0.0,0.0030201972
31,36,0.0,0.00301133
31,37,0.0,0.004346717
31,38,0.0,0.0030832228
31,39,0.104462604219187,0.0029571818
31,40,0.0,0.0029711681
31,41,0.0,0.0029782238
31,42,0.0,0.002966432
31,43,0.0,0.00301769
31,44,-0.117808803562059,0.0041888375
31,45,0.0,0.002991503
31,46,0.0,0.0042622173
31,47,0.0,0.0042686854
31,48,0.0,0.002981048
31,49,0.0,0.0029907655
31,50,0.0,0.0042165983
31,51,0.0,0.00419857
31,52,0.0,0.0041950922
31,53,0.0,0.003000481
31,54,0.112344941871071,0.0029621958
31,55,0.0,0.00431332
31,56,0.0,0.004287104
31,57,0.0,0.0032746424
31,58,0.0,0.0042171516
31,59,0.0,0.0030175615
31,60,0.0,0.0029716543
31,61,0.0,0.0034900082
31,62,0.0,0.004327976
31,63,0.0,0.0043317536
31,64,0.0,0.0029589015
31,65,0.0,0.0030088173
31,66,0.0,0.0035942823
31,67,0.0,0.0029598586
31,68,0.0,0.0024397713
31,69,0.0,0.004333528
31,70,0.0,0.0042821
31,71,0.0,0.004576003
31,72,0.0,0.004220497
31,73,0.0,0.003986791
31,74,0.0,0.0041348934
31,75,0.0,0.0043390933
31,76,0.0,0.0042134
31,77,0.0,0.0042526405
31,78,0.0,0.0034811294
31,79,0.0,0.004245702
31,80,0.0,0.0029739235
31,81,0.0,0.0035329668
31,82,-0.109032836189146,0.0042724665
31,83,0.0,0.004132811
31,84,0.0,0.0043433337
31,85,0.0,0.0028095592
31,86,0.0,0.004384383
31,87,0.0,0.0036131954
31,88,0.0,0.0043223775
31,89,0.0,0.0042668413
31,90,0.0,0.004165372
31,91,0.0,0.002778915
31,92,0.0,0.004345867
31,93,0.0,0.0029828427
31,94,0.0,0.0041613523
31,95,0.0,0.0042506102
31,96,0.0,0.0043120873
31,97,0.0,0.0033169396
31,98,0.0,0.0042893374
31,99,0.105593298255943,0.0027675699
31,100,0.0,0.0027395843
32,1,0.0,0.004317065
32,2,0.0,0.002754018
32,3,0.0,0.004344629
32,4,0.0,0.0029613778
32,5,-0.126058352233739,0.0042387657
32,6,0.0,0.004214132
32,7,0.0,0.0029747146
32,8,0.0,0.0029711002
32,9,0.0,0.0029974403
32,10,0.0,0.002963542
32,11,0.0,0.0029772166
32,12,0.0,0.002954436
32,13,0.0,0.0030066697
32,14,0.119436603943497,0.0029739211
32,15,0.0,0.004236687
32,16,0.0,0.0027799408
32,17,-0.127599067457661,0.0029698159
32,18,0.0,0.0029827459
32,19,0.0,0.0030038478
32,20,0.0,0.00427912
32,21,0.0,0.003018733
32,22,0.0,0.0043022158
32,23,0.0,0.0043185386
32,24,0.0,0.0029580034
32,25,0.0,0.0043465574
32,26,0.0,0.002876137
32,27,0.0,0.00282085
32,28,0.0,0.0042800885
32,29,0.0,0.0024404062
32,30,0.0,0.0029834136
32,31,0.0,0.0042358506
32,32,0.199056224897504,0.012034055
32,33,0.0,0.0028190755
32,34,0.0,0.0029958282
32,35,0.0,0.0043006046
32,36,0.0,0.0029554137
32,37,0.0,0.004313997
32,38,0.0,0.0042907028
32,39,0.0,0.0043332875
32,40,0.109425597040614,0.0029796613
32,41,0.0,0.0029518749
32,42,0.0,0.004339232
32,43,0.0,0.002968498
32,44,0.0,0.0029938556
32,45,0.0,0.0031024616
32,46,0.0,0.004260999
32,47,-0.116326829890028,0.002996399
32,48,0.0,0.0030151084
32,49,0.0,0.004315754
32,50,0.0,0.002953149
32,51,0.0,0.003035016
32,52,0.0,0.0042662686
32,53,0.0,0.0042980304
32,54,0.0,0.0029523303
32,55,-0.108882208744666,0.004335871
32,56,0.0,0.0028279647
32,57,0.0,0.004280121
32,58,0.0,0.0029753386
32,59,0.0,0.0042688213
32,60,-0.121515489663175,0.0029619033
32,61,0.0,0.0030123862
32,62,0.0,0.0043030656
32,63,0.0,0.0043357266
32,64,0.0,0.002996345
32,65,0.0,0.0043313634
32,66,0.0,0.0043120347
32,67,0.114438673529289,0.004271144
32,68,0.0,0.0043078796
32,69,0.0,0.0030084755
32,70,0.0,0.0042931484
32,71,0.0,0.004332446
32,72,0.0,0.002992683
32,73,0.0,0.005763554
32,74,0.0,0.0029569496
32,75,0.0,0.0043398463
32,76,0.126656447409502,0.0031180475
32,77,0.0,0.0029652747
32,78,0.0,0.004301846
32,79,0.0,0.0029779915
32,80,0.0,0.002994812
32,81,0.0,0.004304564
32,82,0.0,0.004329382
32,83,0.0,0.004337487
32,84,0.128276229139806,0.0038438034
32,85,0.0,0.0029523056
32,86,0.0,0.0042637335
32,87,0.0,0.004343635
32,88,0.0,0.0030082176
32,89,0.0,0.0042692786
32,90,0.0,0.0029652612
32,91,-0.12099938254629,0.0035471579
32,92,0.0,0.0043453895
32,93,0.0,0.0041805115
32,94,0.0,0.0030208472
32,95,0.0,0.0043332186
32,96,0.119167547166863,0.0043274243
32,97,0.0,0.0028972118
32,98,0.0,0.004190404
32,99,0.113190273215441,0.0043289093
32,100,0.0,0.002725469
33,1,0.0,0.004275563
33,2,-0.120946795886622,0.004327543
33,3,0.0,0.0043181637
33,4,0.0,0.0030209478
33,5,0.0,0.0043891002
33,6,0.0,0.004312738
33,7,0.0,0.0043069255
33,8,0.124056609114258,0.004258304
33,9,0.0,0.00432731
33,10,0.0,0.0031037647
33,11,0.0,0.004108157
33,12,0.0,0.004294947
33,13,0.0,0.004340875
33,14,0.115103570536914,0.0029904554
33,15,0.0,0.0029641818
33,16,0.0,0.0035872422
33,17,0.0,0.002970722
33,18,0.0,0.0042990604
33,19,0.0,0.0043302886
33,20,0.0,0.004228357
33,21,0.0,0.0043131188
33,22,0.0,0.0042503234
33,23,0.0,0.0041720103
33,24,0.0,0.004307574
33,25,-0.133236218408804,0.004313786
33,26,0.0,0.0041877422
33,27,0.0,0.002868394
33,28,0.0,0.0029559226
33,29,0.0,0.0043250746
33,30,0.0,0.0029595192
33,31,0.0,0.0027748942
33,32,0.0,0.0033026019
33,33,0.601025973679498,0.012034055
33,34,0.115522589740168,0.004139185
33,35,0.0,0.004310663
33,36,-0.109515059023666,0.0029810918
33,37,0.0,0.003010477
33,38,0.0,0.0042194594
33,39,0.0,0.004287813
33,40,0.0,0.0043207235
33,41,0.0,0.0033596377
33,42,0.0,0.004318643
33,43,0.0,0.004328261
33,44,0.0,0.0042642234
33,45,0.0,0.002990475
33,46,-0.109409619577051,0.0042314343
33,47,0.0,0.0043048076
33,48,0.0,0.0027966138
33,49,0.0,0.0029584616
33,50,0.0,0.0042061284
33,51,0.0,0.0028337708
33,52,0.0,0.004163334
33,53,0.108581415105181,0.004272651
33,54,0.113434844151339,0.0042282273
33,55,0.0,0.0042197444
33,56,0.0,0.002999018
33,57,0.0,0.0041790195
33,58,0.113397289857206,0.0042751934
33,59,0.0,0.004289763
33,60,0.0,0.0041670147
33,61,0.0,0.0043216394
33,62,0.0,0.0042856587
33,63,0.0,0.00276672
33,64,0.0,0.0042969864
33,65,0.0,0.0042682663
33,66,0.0,0.0042247456
33,67,0.0,0.0043348228
33,68,0.0,0.0041612424
33,69,0.0,0.0041742213
33,70,0.0,0.002953666
33,71,0.0,0.0041056527
33,72,0.0,0.0028482862
33,73,0.0,0.0029562959
33,74,0.0,0.0042772843
33,75,0.0,0.004280324
33,76,0.0,0.004292843
33,77,0.0,0.004180886
33,78,0.0,0.0042688837
33,79,0.0,0.0029730373
33,80,0.0,0.0043348763
33,81,0.0,0.0029416834
33,82,0.0,0.0042077117
33,83,0.0,0.004327873
33,84,0.0,0.0027403666
33,85,0.0,0.0030133082
33,86,0.0,0.0042655133
33,87,-0.116297260886223,0.0030228365
33,88,0.0,0.0029368442
33,89,0.0,0.00409998
33,90,0.0,0.004299322
33,91,0.0,0.003524612
33,92,0.0,0.004177084
33,93,0.0,0.0028478596
33,94,0.0,0.0030055912
33,95,0.0,0.0042848196
33,96,0.0,0.004217701
33,97,0.0,0.0043320176
33,98,0.0,0.0042438265
33,99,0.0,0.0042949254
33,100,0.0,0.0030127335
34,1,0.0,0.0042791134
34,2,0.0,0.0042770514
34,3,0.0,0.004273602
34,4,0.0,0.0029593678
34,5,0.0,0.0041956212
34,6,0.0,0.004181396
34,7,0.0,0.0043411255
34,8,0.0,0.004721662
34,9,0.125349616269786,0.0036017017
34,10,0.0,0.0029533394
34,11,0.0,0.004304183
34,12,0.0,0.0043303445
34,13,0.0,0.003778248
34,14,0.0,0.004302272
34,15,0.0,0.002963182
34,16,0.0,0.0029758066
34,17,-0.132180783517604,0.0027254364
34,18,0.129154246046705,0.004327812
34,19,0.0,0.0030020382
34,20,0.121715412417237,0.004228249
34,21,0.128500866458897,0.004300722
34,22,0.0,0.0042381845
34,23,0.0,0.0043159835
34,24,0.121188027892347,0.0026378422
34,25,-0.14321607581347,0.003011073
34,26,0.0,0.0029757218
34,27,0.0,0.0041678976
34,28,0.0,0.0042848205
34,29,0.132375750293736,0.0042861877
34,30,0.0,0.0030221809
34,31,0.0,0.0042199343
34,32,0.0,0.0030157287
34,33,0.0,0.0041400716
34,34,0.0,0.012034055
34,35,0.0,0.0042795185
34,36,0.0,0.0038435915
34,37,0.0,0.00418476
34,38,0.120577423050735,0.0043153465
34,39,0.0,0.004307597
34,40,0.0,0.004327356
34,41,0.0,0.0037000645
34,42,0.0,0.004284109
34,43,0.0,0.0024842725
34,44,0.0,0.0042577647
34,45,0.0,0.004250139
34,46,0.0,0.004253406
34,47,0.0,0.004452596
34,48,0.0,0.004278737
34,49,0.0,0.004281219
34,50,0.0,0.0042917496
34,51,0.0,0.004337865
34,52,0.0,0.0043273754
34,53,-0.114707321384828,0.004344683
34,54,0.0,0.0042653866
34,55,0.0,0.0029636328
34,56,0.0,0.0029586991
34,57,0.0,0.0030240994
34,58,0.0,0.0029506814
34,59,0.0,0.0030271988
34,60,0.0,0.0029897662
34,61,0.0,0.00299891
34,62,0.128792101612433,0.0042838575
34,63,0.0,0.004254533
34,64,0.0,0.0043380484
34,65,0.0,0.0027372271
34,66,0.0,0.0029791305
34,67,0.0,0.0029980056
34,68,-0.12005404403737,0.0030155024
34,69,0.0,0.0029852707
34,70,0.0,0.0043392186
34,71,0.0,0.003126443
34,72,0.0,0.004341635
34,73,0.0,0.0043260874
34,74,0.0,0.0028622628
34,75,0.0,0.0030149892
34,76,0.0,0.0030166814
34,77,0.0,0.004318119
34,78,0.0,0.0032264737
34,79,0.0,0.0029898714
34,80,0.0,0.004307767
34,81,0.0,0.00425491
34,82,0.0,0.0035963196
34,83,0.0,0.004330757
34,84,0.0,0.004304606
34,85,0.0,0.004110407
34,86,0.0,0.0041930173
34,87,0.122858476910884,0.0029822271
34,88,0.0,0.004311201
34,89,0.0,0.002837365
34,90,0.0,0.0029641166
34,91,0.0,0.004344275
34,92,0.0,0.0030210298
34,93,0.0,0.004245745
34,94,0.0,0.0043318495
34,95,0.0,0.0029659872
34,96,0.118580654590697,0.0029850658
34,97,0.0,0.0029607546
34,98,0.0,0.0042911526
34,99,0.0,0.004304411
34,100,0.0,0.0029629306
35,1,0.0,0.002771693
35,2,0.0,0.0029982235
35,3,0.0,0.004338228
35,4,0.0,0.004314457
35,5,0.0,0.0042862706
35,6,0.0,0.0029747128
35,7,0.0,0.003115099
35,8,0.0,0.00297134
35,9,0.0,0.0043398202
35,10,0.0,0.003018288
35,11,0.0,0.0030072527
35,12,0.0,0.0042271838
35,13,0.0,0.0043680714
35,14,0.0,0.0029634866
35,15,0.0,0.003052312
35,16,0.0,0.0041972734
35,17,0.0,0.0043288786
35,18,0.0,0.004338854
35,19,0.0,0.0043405276
35,20,0.0,0.00298669
35,21,0.128635833107966,0.0029658442
35,22,0.0,0.0027568177
35,23,0.0,0.004344952
35,24,0.0,0.0030845238
35,25,0.0,0.0038426528
35,26,0.0,0.0042472742
35,27,0.0,0.004237542
35,28,0.0,0.0043423325
35,29,0.0,0.0042630127
35,30,0.0,0.004228497
35,31,0.0,0.002983475
35,32,0.0,0.0042998325
35,33,0.0,0.0043197367
35,34,0.0,0.00429619
35,35,0.0,0.012034055
35,36,0.0,0.0029800716
35,37,0.0,0.0030101174
35,38,0.0,0.0042942204
35,39,0.0,0.0043332204
35,40,0.0,0.0042161867
35,41,0.0,0.002410106
35,42,0.0,0.0028854515
35,43,0.0,0.0029881736
35,44,0.0,0.002987871
35,45,0.0,0.004307582
35,46,0.0,0.004318891
35,47,0.0,0.0034273793
35,48,0.0,0.004248176
35,49,0.0,0.0042741736
35,50,0.0,0.0024573037
35,51,0.0,0.0029687374
35,52,0.0,0.0043361513
35,53,0.0,0.0043285447
35,54,0.0,0.0042241495
35,55,0.0,0.004302259
35,56,0.0,0.0023641898
35,57,0.0,0.0043191123
35,58,0.0,0.0042799925
35,59,0.0,0.0030028382
35,60,0.0,0.0029984722
35,61,0.114657725534296,0.004300547
35,62,0.0,0.0043286793
35,63,0.0,0.00295245
35,64,0.0,0.0042240303
35,65,0.0,0.0029878845
35,66,0.0,0.003189758
35,67,0.0,0.0042663477
35,68,0.0,0.0029559499
35,69,0.0,0.0043017566
35,70,0.0,0.0043424475
35,71,0.0,0.004249025
35,72,0.0,0.003008903
35,73,0.0,0.0027488736
35,74,0.0,0.0031057252
35,75,0.0,0.0029839138
35,76,0.0,0.004294793
35,77,0.0,0.003007331
35,78,0.0,0.0027740751
35,79,0.0,0.0029551846
35,80,0.0,0.004304095
35,81,0.0,0.002997498
35,82,0.0,0.0029617837
35,83,0.0,0.0043291785
35,84,0.0,0.0029124394
35,85,0.0,0.004283745
35,86,0.0,0.004290779
35,87,0.0,0.0041161925
35,88,0.0,0.0042888606
35,89,0.0,0.004322497
35,90,0.0,0.0042767543
35,91,0.0,0.002950855
35,92,0.123918895327282,0.00434079
35,93,0.0,0.004293571
35,94,0.0,0.0043293405
35,95,0.0,0.004240399
35,96,0.0,0.0030900366
35,97,0.0,0.0043354454
35,98,0.0,0.003125287
35,99,0.0,0.004313503
35,100,0.0,0.0042767236
36,1,0.0,0.0041232593
36,2,0.0,0.0042811474
36,3,0.0,0.002954072
36,4,0.0,0.0043380195
36,5,0.0,0.0041916985
36,6,0.0,0.0041602384
36,7,-0.127818937449812,0.0034927018
36,8,0.0,0.003023466
36,9,0.0,0.003026763
36,10,0.0,0.0029565066
36,11,0.0,0.004301932
36,12,-0.122884519834763,0.0030003693
36,13,0.0,0.0031583454
36,14,0.0,0.0042369757
36,15,0.0,0.0042131282
36,16,0.0,0.00432799
36,17,0.0,0.004306651
36,18,0.0,0.0029648007
36,19,0.0,0.0043017124
36,20,0.0,0.004305622
36,21,0.0,0.0041602496
36,22,0.0,0.004265324
36,23,0.0,0.0042095464
36,24,0.0,0.0029699183
36,25,0.0,0.004291066
36,26,0.0,0.0029606232
36,27,0.0,0.004186038
36,28,0.0,0.002985265
36,29,0.0,0.004335776
36,30,0.0,0.004280067
36,31,0.124762823895958,0.0030149985
36,32,0.0,0.0029587415
36,33,0.0,0.0029764576
36,34,0.0,0.0035895857
36,35,0.0,0.002987709
36,36,0.0,0.012034055
36,37,0.0,0.0042927777
36,38,0.0,0.004316891
36,39,0.105632210879466,0.004258861
36,40,0.0,0.004242176
36,41,0.0,0.004102188
36,42,0.0,0.004267039
36,43,0.0,0.0043209847
36,44,0.0,0.00417546
36,45,0.0,0.0042920085
36,46,0.0,0.0042768884
36,47,0.0,0.00348727
36,48,-0.113500873573522,0.004259493
36,49,0.0,0.0025069336
36,50,0.0,0.004286371
36,51,0.0,0.0043129013
36,52,0.0,0.0042820806
36,53,0.0,0.0042968653
36,54,0.0,0.0042721173
36,55,0.0,0.004199216
36,56,0.0,0.0027956658
36,57,0.0,0.0043007294
36,58,0.0,0.0042771744
36,59,0.0,0.0042059626
36,60,0.0,0.004311825
36,61,0.0,0.0030208584
36,62,0.0,0.004302903
36,63,0.0,0.0038494729
36,64,0.0,0.00433312
36,65,0.0,0.0038534203
36,66,0.0,0.0030249674
36,67,0.0,0.0035687191
36,68,0.0,0.0029573024
36,69,0.0,0.0041219667
36,70,0.0,0.003443973
36,71,0.0,0.0030250158
36,72,0.0,0.0029593261
36,73,0.0,0.004112974
36,74,0.0,0.0043391897
36,75,0.0,0.0043161623
36,76,0.0,0.0040219994
36,77,-0.108265943980351,0.0030068643
36,78,0.0,0.002736185
36,79,0.0,0.0042870166
36,80,0.0,0.0043460364
36,81,0.0,0.004265965
36,82,0.0,0.0029872563
36,83,-0.108700638473829,0.002986229
36,84,0.121006570676657,0.004177483
36,85,0.0,0.004225217
36,86,0.0,0.0025847564
36,87,0.0,0.0043019946
36,88,0.0,0.004317836
36,89,0.0,0.0030490248
36,90,0.0,0.0042173304
36,91,0.0,0.0042205006
36,92,0.0,0.0041763447
36,93,0.0,0.0043148044
36,94,0.0,0.0030135335
36,95,0.0,0.0043053906
36,96,0.0,0.0029946985
36,97,0.0,0.0029665362
36,98,0.0,0.0031143874
36,99,0.0,0.002944954
36,100,0.0,0.002960226
37,1,0.0,0.002995993
37,2,0.0,0.002981279
37,3,0.0,0.0029676175
37,4,0.0,0.0042943805
37,5,0.0,0.0030138912
37,6,0.106437131789785,0.0029662983
37,7,0.122190281678312,0.0029745507
37,8,0.0,0.0042310786
37,9,0.0,0.0043344395
37,10,0.0,0.0043326635
37,11,0.0,0.0043002646
37,12,0.0,0.0029535382
37,13,0.0,0.0043079252
37,14,0.112934490670086,0.004290197
37,15,0.0,0.004232997
37,16,0.0,0.0029534104
37,17,-0.12065259072609,0.0029790644
37,18,0.0,0.004236607
37,19,0.0,0.0042345
37,20,0.0,0.004271974
37,21,0.0,0.0029584027
37,22,0.0,0.0035963557
37,23,0.0,0.0043290714
37,24,0.0,0.0043015545
37,25,0.0,0.00426495
37,26,-0.106499682450558,0.0030377046
37,27,0.0,0.0029868064
37,28,0.0,0.0042983284
37,29,0.0,0.004308986
37,30,0.0,0.004340095
37,31,0.0,0.004346716
37,32,0.0,0.0043193866
37,33,0.0,0.0029831072
37,34,0.0,0.0042466614
37,35,0.0,0.0029975055
37,36,0.0,0.0043093907
37,37,0.0,0.012034055
37,38,0.0,0.0043144333
37,39,0.0,0.0041612983
37,40,0.0,0.0043057203
37,41,0.0,0.004264065
37,42,0.0,0.0030184537
37,43,0.0,0.002974696
37,44,0.0,0.004249634
37,45,0.0,0.004323152
37,46,0.0,0.0042518545
37,47,0.0,0.00426161
37,48,0.0,0.0030174013
37,49,0.0,0.0029910598
37,50,0.0,0.0029931283
37,51,0.0,0.0043111946
37,52,0.0,0.0032456403
37,53,0.0,0.0030033225
37,54,0.0,0.004331122
37,55,0.0,0.0043455414
37,56,0.0,0.0042823628
37,57,0.0,0.004339054
37,58,0.0,0.003013798
37,59,0.0,0.0030175066
37,60,0.0,0.0032400826
37,61,0.0,0.0029577864
37,62,0.0,0.0030192975
37,63,0.0,0.0030025886
37,64,0.112059694887421,0.0043153474
37,65,0.0,0.0024664234
37,66,0.0,0.0027564242
37,67,0.0,0.0029507466
37,68,0.0,0.003000564
37,69,0.0,0.0043271845
37,70,0.0,0.002958305
37,71,0.0,0.0034290596
37,72,0.0,0.0042767264
37,73,0.0,0.0041075917
37,74,0.0,0.0029977616
37,75,0.0,0.0029548865
37,76,0.0,0.00432628
37,77,0.0,0.0026896275
37,78,0.0,0.0043342817
37,79,-0.10957211148311,0.0029952154
37,80,0.0,0.002997633
37,81,0.0,0.0030077975
37,82,0.0,0.0043283263
37,83,0.0,0.0042735822
37,84,0.0,0.0029759957
37,85,0.0,0.0029764413
37,86,0.0,0.0042980947
37,87,0.0,0.0043426445
37,88,0.0,0.0029564851
37,89,0.0,0.0042271987
37,90,0.0,0.0030052997
37,91,0.0,0.004312453
37,92,0.0,0.0030045854
37,93,0.0,0.0043161693
37,94,0.0,0.0042522456
37,95,0.0,0.004187003
37,96,0.0,0.002970281
37,97,0.0,0.0034246976
37,98,0.0,0.0030266102
37,99,0.0,0.00434659
37,100,0.0,0.0030058632
38,1,0.0,0.0030016284
38,2,0.0,0.004234951
38,3,0.0,0.0031868105
38,4,0.0,0.0043142056
38,5,0.0,0.0042530037
38,6,0.0,0.0029534965
38,7,0.0,0.002987991
38,8,0.124357034672769,0.0043162056
38,9,0.0,0.0042748833
38,10,0.0,0.0043450044
38,11,0.0,0.0029734564
38,12,0.0,0.004284966
38,13,0.0,0.0029938584
38,14,0.0,0.002986257
38,15,0.0,0.0036245692
38,16,0.0,0.0041340925
38,17,0.0,0.004238799
38,18,0.120445247388538,0.0031166002
38,19,0.11902249154045,0.0030130567
38,20,0.0,0.0043341015
38,21,0.0,0.0042655515
38,22,0.0,0.0024875416
38,23,0.0,0.0046276273
38,24,0.0,0.0041891
38,25,0.0,0.002959599
38,26,0.0,0.004242955
38,27,0.0,0.0042267907
38,28,0.0,0.0042669103
38,29,0.0,0.0042114463
38,30,0.121900145531285,0.0034896205
38,31,0.0,0.002726539
38,32,0.0,0.004265353
38,33,0.0,0.004210759
38,34,0.0,0.0043130284
38,35,0.0,0.004271752
38,36,0.0,0.004310863
38,37,0.0,0.0042906348
38,38,0.863314350135624,0.012034055
38,39,0.0,0.0029121842
38,40,0.0,0.002973258
38,41,0.0,0.004300205
38,42,0.0,0.004338138
38,43,0.0,0.0030138316
38,44,0.0,0.0043093883
38,45,0.0,0.0029863203
38,46,0.0,0.0042895274
38,47,0.0,0.004286238
38,48,0.0,0.0029780776
38,49,0.0,0.0028041755
38,50,-0.117509245169852,0.0042880895
38,51,0.0,0.002982173
38,52,0.0,0.003231281
38,53,0.0,0.004252678
38,54,0.0,0.0042077173
38,55,0.0,0.0029690498
38,56,0.0,0.004273802
38,57,0.0,0.004301504
38,58,-0.118359128051688,0.0043254592
38,59,0.0,0.003031543
38,60,0.0,0.00427942
38,61,0.0,0.0029162543
38,62,0.0,0.004327228
38,63,0.0,0.0029977458
38,64,0.0,0.002844602
38,65,-0.114005020976537,0.0041915737
38,66,0.0,0.004343133
38,67,0.112510252446028,0.002836019
38,68,0.0,0.0027942094
38,69,0.0,0.0043408587
38,70,0.0,0.0042825527
38,71,0.0,0.003428957
38,72,0.0,0.0043115728
38,73,0.0,0.00434121
38,74,0.0,0.0042793946
38,75,0.0,0.004241001
38,76,0.0,0.0042555397
38,77,0.0,0.0029610477
38,78,0.0,0.003126347
38,79,0.0,0.004338567
38,80,0.0,0.0029841168
38,81,0.0,0.0042674234
38,82,0.0,0.004257477
38,83,0.0,0.0041817743
38,84,-0.12611462959373,0.0043420494
38,85,0.0,0.0034265378
38,86,0.0,0.0030446807
38,87,0.0,0.004329404
38,88,0.0,0.004333647
38,89,0.0,0.002973923
38,90,0.0,0.002970567
38,91,0.0,0.004302455
38,92,0.0,0.0030176658
38,93,0.0,0.0029514898
38,94,0.0,0.0028051592
38,95,0.0,0.004292138
38,96,0.0,0.0029868502
38,97,-0.115599903494023,0.004190201
38,98,0.0,0.0042720586
38,99,0.0,0.003007614
38,100,0.0,0.004297509
39,1,0.0,0.0029826658
39,2,0.0,0.004291568
39,3,0.0,0.0042660963
39,4,0.0,0.004330417
39,5,0.120906173451199,0.004274397
39,6,-0.107964471209752,0.0029769554
39,7,0.0,0.0042273533
39,8,0.0,0.004342176
39,9,0.0,0.0029617075
39,10,0.0,0.002995343
39,11,0.0,0.004343222
39,12,0.0,0.004322654
39,13,0.0,0.0030089952
39,14,0.0,0.002976818
39,15,0.0,0.0029681735
39,16,0.0,0.002955986
39,17,0.0,0.0043291966
39,18,0.0,0.002734845
39,19,0.0,0.0043356717
39,20,0.0,0.0029621597
39,21,0.0,0.002988929
39,22,0.0,0.00431275
39,23,0.0,0.003004698
39,24,0.0,0.002972694
39,25,0.0,0.00434329
39,26,0.0,0.004310437
39,27,0.0,0.0043152305
39,28,0.0,0.0028169353
39,29,0.0,0.0025092743
39,30,0.121026165496891,0.0029865326
39,31,0.0,0.0030389624
39,32,0.0,0.004332834
39,33,0.0,0.004301893
39,34,0.0,0.0043168296
39,35,0.0,0.0043330006
39,36,0.0,0.0042715278
39,37,0.0,0.0041173324
39,38,0.0,0.0030171275
39,39,0.0532725057564676,0.012034055
39,40,-0.0994172292142956,0.0043300916
39,41,0.105344608711768,0.004322988
39,42,0.0,0.0043092226
39,43,0.0,0.0024849593
39,44,0.0,0.00425278
39,45,0.0,0.002959646
39,46,0.0,0.0042932173
39,47,0.0,0.0037607625
39,48,0.0,0.0029645506
39,49,0.0,0.004294879
39,50,0.0,0.0042664343
39,51,0.0,0.0042888243
39,52,0.0,0.003417795
39,53,0.0,0.0041508153
39,54,0.0,0.004263563
39,55,0.0,0.0029154904
39,56,0.0,0.0042859297
39,57,0.0,0.0030029118
39,58,0.0,0.0043179486
39,59,0.0,0.00428922
39,60,0.0,0.0042399466
39,61,0.0,0.003022438
39,62,0.0,0.0043105907
39,63,0.0,0.004264215
39,64,0.0,0.0029764976
39,65,0.0,0.004229972
39,66,0.0,0.0041833837
39,67,0.0,0.0042885086
39,68,0.10961340809566,0.0030576442
39,69,0.0998208411458046,0.0029877303
39,70,0.0,0.0029711383
39,71,0.0,0.0040744897
39,72,0.0,0.0029941285
39,73,0.0,0.0029804623
39,74,0.0,0.004299281
39,75,0.0,0.0029833876
39,76,0.0,0.0029710378
39,77,0.0,0.0029681153
39,78,0.0,0.0043117385
39,79,0.0,0.004138816
39,80,0.0,0.004269245
39,81,0.0,0.0024738621
39,82,0.0,0.004265355
39,83,0.0,0.0029669297
39,84,0.0,0.0042707454
39,85,0.0,0.0043463716
39,86,0.0,0.0043313713
39,87,0.112173950287356,0.0042965217
39,88,0.0,0.004301996
39,89,0.0,0.0027906152
39,90,0.0,0.004279807
39,91,0.0,0.0035838229
39,92,0.0,0.0042715725
39,93,0.0,0.0029786061
39,94,0.0,0.0031351945
39,95,0.0,0.004301832
39,96,0.0,0.0042213667
39,97,0.0,0.004289437
39,98,0.0,0.0029627867
39,99,0.0,0.002977537
39,100,-0.106510929456858,0.0042662723
40,1,0.0,0.0029941145
40,2,0.0,0.0024750168
40,3,0.113880167511213,0.0035381457
40,4,0.0,0.0029940186
40,5,0.0,0.0029953923
40,6,0.0,0.004269737
40,7,0.0,0.003003249
40,8,0.0,0.0049753115
40,9,0.0,0.0029958365
40,10,0.0,0.004200183
40,11,0.0,0.004275524
40,12,0.0,0.00302173
40,13,0.0,0.0029869815
40,14,-0.113446469034193,0.0034556754
40,15,0.0,0.004231531
40,16,0.0,0.0025632014
40,17,0.0,0.0042585433
40,18,0.0,0.004056778
40,19,0.0,0.0029875888
40,20,0.0,0.004332325
40,21,0.0,0.002999519
40,22,0.0,0.0053464044
40,23,0.0,0.004305938
40,24,0.0,0.004223468
40,25,0.0,0.003010286
40,26,0.0,0.0041651595
40,27,0.0,0.0043194904
40,28,0.0,0.004231658
40,29,0.0,0.0029861769
40,30,0.0,0.0032004293
40,31,0.0,0.0029664761
40,32,0.0,0.0030033868
40,33,0.0,0.0043163095
40,34,0.0,0.0043239603
40,35,0.0,0.0041427724
40,36,0.0,0.004209185
40,37,0.0,0.0042687794
40,38,0.0,0.0029764622
40,39,0.117104955877707,0.00432115
40,40,0.977521446300671,0.012034055
40,41,0.0,0.0029520956
40,42,-0.0951658560498291,0.00426571
40,43,0.0,0.0042655477
40,44,0.0,0.0030243956
40,45,0.0,0.003516463
40,46,0.0,0.003022058
40,47,0.0,0.0029745633
40,48,0.0,0.0042581484
40,49,0.0,0.0027968504
40,50,0.0,0.003993557
40,51,0.0,0.0029838784
40,52,0.0,0.00443968
40,53,0.0,0.0029768278
40,54,0.0,0.00429207
40,55,0.0966684991945447,0.004321138
40,56,0.0,0.0029544428
40,57,0.0,0.0041588396
40,58,0.0,0.003006475
40,59,0.0,0.0027224002
40,60,0.0,0.004340508
40,61,0.0,0.00427718
40,62,0.0,0.0043258397
40,63,0.0,0.004254519
40,64,0.0,0.004316372
40,65,0.0,0.003022829
40,66,0.0,0.0043216157
40,67,0.0,0.0030157212
40,68,0.0,0.004535398
40,69,0.0,0.0043294076
40,70,0.0,0.0029836828
40,71,0.0,0.0029943557
40,72,0.0,0.0041712783
40,73,0.0,0.0043268646
40,74,0.0,0.004257775
40,75,0.0,0.003270372
40,76,0.0,0.004321407
40,77,0.0,0.0030571048
40,78,0.0,0.002975916
40,79,0.0,0.00514507
40,80,0.0,0.0030014645
40,81,0.0,0.0042927125
40,82,0.0,0.004266897
40,83,0.0,0.0042354036
40,84,0.0,0.004287484
40,85,0.0,0.0033899315
40,86,0.0,0.0029731668
40,87,0.0,0.004120784
40,88,0.0,0.0042624045
40,89,0.0,0.0042599393
40,90,0.0,0.0030019274
40,91,0.0,0.004260254
40,92,0.0,0.003471658
40,93,0.0,0.003018709
40,94,0.0,0.004289983
40,95,0.0,0.0043146946
40,96,0.0,0.002965345
40,97,0.0,0.0042068064
40,98,0.0,0.004192833
40,99,0.0,0.0030654557
40,100,0.0,0.0034314762
41,1,0.0,0.0042402465
41,2,0.0,0.004309102
41,3,0.0,0.0043153
41,4,0.0,0.0029651462
41,5,0.0,0.0043448564
41,6,0.0,0.004162498
41,7,0.0,0.004274114
41,8,0.0,0.002963316
41,9,0.0,0.0028640204
41,10,0.0,0.0043456955
41,11,0.0,0.004203636
41,12,0.0,0.004310069
41,13,0.0,0.0029535622
41,14,0.0,0.0043288833
41,15,0.0,0.0043256683
41,16,0.0,0.004302353
41,17,0.0,0.003002381
41,18,0.0,0.0030003004
41,19,0.0,0.0042927647
41,20,0.0,0.0028288204
41,21,0.0,0.0029998533
41,22,0.0,0.004318502
41,23,0.0,0.00423667
41,24,0.0,0.0043014237
41,25,0.0,0.0028628358
41,26,0.0,0.004260254
41,27,0.0,0.004264566
41,28,0.0,0.0043349364
41,29,0.0,0.0024685902
41,30,0.0,0.0029765568
41,31,0.0,0.002963041
41,32,0.0,0.002953562
41,33,0.0,0.003049342
41,34,0.0,0.003342065
41,35,0.0,0.0023669167
41,36,0.0,0.003944515
41,37,0.0,0.0042344052
41,38,0.0,0.0043103374
41,39,0.0,0.0043206518
41,40,0.0,0.00333207
41,41,0.0,0.012034055
41,42,0.0,0.0041562766
41,43,0.0,0.0030000154
41,44,0.0,0.0041897204
41,45,0.0,0.002766062
41,46,0.0,0.0029662298
41,47,0.0,0.0033075507
41,48,0.0,0.0042845774
41,49,0.0,0.0043419413
41,50,0.0,0.0046311817
41,51,0.0,0.0030074017
41,52,0.0,0.0043240814
41,53,0.0,0.004247388
41,54,0.113293498957022,0.0042277053
41,55,0.0,0.004241204
41,56,0.0,0.0030197594
41,57,0.0,0.004265175
41,58,0.0,0.0029606924
41,59,0.0,0.0042887116
41,60,0.0,0.002979613
41,61,0.111089118123176,0.0029955888
41,62,0.0,0.004245883
41,63,0.107800622752791,0.004293465
41,64,-0.112263048684902,0.00426496
41,65,0.0,0.0033761077
41,66,0.0,0.0042970125
41,67,0.0,0.0029741842
41,68,0.0,0.0042934157
41,69,0.103361120358475,0.0041816905
41,70,0.0,0.00430627
41,71,0.0,0.0043314835
41,72,0.0,0.0029670284
41,73,0.0,0.0029614773
41,74,0.0,0.004297791
41,75,0.0,0.00433698
41,76,0.0,0.0042796656
41,77,0.0,0.004345739
41,78,0.0,0.004284695
41,79,0.0,0.004326245
41,80,-0.115559643911818,0.004225258
41,81,0.0,0.0029524667
41,82,0.0,0.0029706815
41,83,0.0,0.002982174
41,84,0.120677109125654,0.0042036716
41,85,0.0,0.0042641666
41,86,0.0,0.0043065213
41,87,0.0,0.0029644924
41,88,0.0,0.0028933596
41,89,0.0,0.0032019732
41,90,0.0,0.004325061
41,91,0.0,0.0029881727
41,92,0.0,0.004282615
41,93,0.0,0.004297195
41,94,0.0,0.0029596912
41,95,0.0,0.0043276628
41,96,0.0,0.002983448
41,97,0.0,0.0029800949
41,98,0.0,0.004194105
41,99,0.0,0.0036392594
41,100,0.0,0.0029641455
42,1,0.0,0.0029706345
42,2,0.0,0.002956379
42,3,0.0,0.0042434
42,4,0.0,0.0042770756
42,5,0.0,0.004279183
42,6,0.0,0.0037984448
42,7,0.124266929792843,0.0029829936
42,8,0.0,0.0042636935
42,9,0.116361749245125,0.0043045706
42,10,0.0,0.002988481
42,11,0.0,0.0029859107
42,12,0.119469636531204,0.0030187685
42,13,0.0,0.003003953
42,14,0.0,0.0044912957
42,15,0.0,0.0029510614
42,16,0.0,0.0043406943
42,17,-0.122703105477372,0.002993241
42,18,0.119893577975414,0.0029818844
42,19,0.0,0.004274808
42,20,0.0,0.0043311184
42,21,0.0,0.0038592657
42,22,0.112849627254746,0.0030123573
42,23,0.0,0.0042899176
42,24,0.0,0.004213631
42,25,0.0,0.004294738
42,26,0.0,0.0029522004
42,27,0.0,0.004336621
42,28,0.0,0.0029914668
42,29,0.0,0.004213456
42,30,0.0,0.0042227637
42,31,0.0,0.0029577625
42,32,0.0,0.0043372316
42,33,0.0,0.0043205554
42,34,-0.128048283975111,0.0042880634
42,35,0.0,0.0032325096
42,36,0.0,0.004263157
42,37,0.0,0.0030523408
42,38,0.0,0.004339233
42,39,0.0,0.0043007853
42,40,0.0,0.004282167
42,41,0.0,0.0041342154
42,42,0.0,0.012034055
42,43,0.0,0.002981416
42,44,0.0,0.0030187778
42,45,0.0,0.0042124204
42,46,0.0,0.004196368
42,47,0.0,0.004273858
42,48,0.0,0.0029839575
42,49,0.0,0.0042583095
42,50,0.0,0.0043391385
42,51,0.0,0.004232865
42,52,0.0,0.0031485914
42,53,0.0,0.002992808
42,54,0.0,0.0038997186
42,55,0.0,0.002966364
42,56,0.0,0.0029429737
42,57,0.0,0.0029940852
42,58,-0.104699523910392,0.002958022
42,59,0.0,0.005056576
42,60,0.0,0.0042680735
42,61,0.0,0.0042226072
42,62,0.0,0.0043313084
42,63,0.0,0.0042710705
42,64,0.0,0.0042316373
42,65,0.0,0.00311671
42,66,0.0,0.0029975493
42,67,0.0995256560270776,0.0029644263
42,68,0.0,0.0043180804
42,69,0.0,0.0029696682
42,70,-0.102798650601649,0.004245788
42,71,0.0,0.0034906545
42,72,0.0,0.004267119
42,73,0.0,0.002728668
42,74,0.0,0.0043459097
42,75,0.0,0.0042853635
42,76,0.0,0.002951695
42,77,0.0,0.0041514635
42,78,0.0,0.003015777
42,79,0.0,0.0028622125
42,80,0.0,0.0029381013
42,81,0.0,0.0029820818
42,82,0.0,0.0029626135
42,83,0.100214729891415,0.004333605
42,84,-0.111559977620253,0.0027391766
42,85,0.0,0.003243889
42,86,0.0,0.0042258278
42,87,0.0,0.0035788056
42,88,0.0,0.0040991493
42,89,0.0,0.0043394673
42,90,0.0,0.0043421467
42,91,0.0,0.004378291
42,92,0.0,0.004336237
42,93,0.105458478081547,0.0043197596
42,94,0.0,0.0042776912
42,95,0.0,0.0042739203
42,96,0.0,0.0029553438
42,97,0.0,0.0042539854
42,98,0.0,0.0031485439
42,99,0.0,0.0029588446
42,100,0.0,0.004250478
43,1,0.0,0.0029774206
43,2,0.0,0.0030575464
43,3,0.0,0.004209768
43,4,0.0,0.002969129
43,5,0.0,0.0029802336
43,6,0.0,0.004309936
43,7,0.0,0.0029986668
43,8,0.0,0.004219411
43,9,0.0,0.0029663062
43,10,0.0,0.0029643597
43,11,0.0,0.004276231
43,12,0.0,0.004267703
43,13,0.0,0.004340183
43,14,0.0,0.0042743552
43,15,0.0,0.0027229683
43,16,-0.112380623695374,0.0030868193
43,17,-0.120984279611942,0.0024828091
43,18,0.0,0.003991465
43,19,0.0,0.004129544
43,20,0.0,0.0029688925
43,21,0.0,0.0042935917
43,22,0.0,0.004319465
43,23,0.0,0.004244024
43,24,0.0,0.0029658913
43,25,0.0,0.004224185
43,26,0.0,0.002894254
43,27,0.0,0.003005989
43,28,0.0,0.0029757968
43,29,0.0,0.002959984
43,30,0.0,0.004201362
43,31,0.0,0.00300082
43,32,0.0,0.0029819682
43,33,0.0,0.004326845
43,34,0.0,0.002494941
43,35,0.0,0.0030095791
43,36,0.0,0.004315547
43,37,0.0,0.0030012056
43,38,0.0,0.0030143932
43,39,0.0,0.002452458
43,40,0.0,0.0042719925
43,41,0.0,0.0030174796
43,42,0.0,0.0029879287
43,43,0.0,0.012034055
43,44,0.0,0.003145706
43,45,0.0,0.004279903
43,46,0.0,0.003996581
43,47,0.0,0.004309454
43,48,0.0,0.0029954473
43,49,0.0,0.0029914416
43,50,0.0,0.0037099859
43,51,-0.11823807046654,0.0041438863
43,52,0.0,0.0028438268
43,53,0.0,0.003014571
43,54,0.0,0.0043415898
43,55,0.0,0.0024611303
43,56,0.0,0.0029806811
43,57,0.0,0.0029966468
43,58,0.0,0.0040261224
43,59,0.0,0.0043455195
43,60,0.116237228726308,0.004241828
43,61,0.0,0.0041837394
43,62,0.0,0.0042657685
43,63,0.10961151046896,0.003733728
43,64,0.0,0.0043152883
43,65,0.0,0.002950409
43,66,0.0,0.0043303724
43,67,0.109467807824589,0.0030238647
43,68,0.0,0.004276691
43,69,0.0,0.0029934775
43,70,0.0,0.002973353
43,71,-0.112686467801241,0.0035574678
43,72,0.0,0.0042973654
43,73,0.0,0.00335198
43,74,0.0,0.0043018977
43,75,0.0,0.004301181
43,76,0.0,0.0043029143
43,77,0.0,0.004244268
43,78,0.0,0.0029708887
43,79,0.0,0.004322811
43,80,0.0,0.0042100027
43,81,0.0,0.004318586
43,82,0.0,0.004340185
43,83,0.0,0.0042878455
43,84,0.0,0.003512632
43,85,0.0,0.0043134317
43,86,0.0,0.0029735528
43,87,0.0,0.0043371944
43,88,0.0,0.0029475102
43,89,0.0,0.0029692096
43,90,0.0,0.0030102152
43,91,0.0,0.0027762395
43,92,0.0,0.0033143533
43,93,0.0,0.004068833
43,94,0.0,0.0042363647
43,95,0.0,0.0042291787
43,96,0.0,0.0029524441
43,97,0.0,0.0029783417
43,98,0.0,0.0042959275
43,99,0.0,0.0043426794
43,100,0.0,0.0043457327
44,1,0.0,0.0030273013
44,2,0.0,0.0030184388
44,3,0.0,0.0043151597
44,4,0.0,0.0028051196
44,5,-0.121787520044044,0.0042541316
44,6,0.0,0.0042730365
44,7,0.0,0.0030091777
44,8,0.0,0.0029634666
44,9,0.0,0.004236469
44,10,0.0,0.0029627308
44,11,0.122470062624084,0.0029712445
44,12,0.0,0.004248252
44,13,0.0,0.0043223635
44,14,0.0,0.0030111903
44,15,0.0,0.0043119513
44,16,0.0,0.0029817242
44,17,0.0,0.0029730657
44,18,0.0,0.0042731604
44,19,0.0,0.00295571
44,20,0.0,0.0042889193
44,21,0.0,0.002987355
44,22,-0.113376549628607,0.0043196883
44,23,0.0,0.004219763
44,24,0.0,0.004303098
44,25,0.0,0.0042198505
44,26,0.0,0.003315985
44,27,0.0,0.0032684081
44,28,0.116749962964337,0.0023524251
44,29,0.0,0.0027683512
44,30,0.0,0.0029702326
44,31,0.0,0.004251901
44,32,0.0,0.003000387
44,33,0.0,0.0042787157
44,34,0.0,0.004273069
44,35,0.128781291842656,0.0029927539
44,36,0.0,0.0041878894
44,37,0.0,0.004216641
44,38,0.0,0.0043179276
44,39,0.0,0.004244987
44,40,0.0,0.0029992983
44,41,-0.123108823149655,0.0041918773
44,42,0.0,0.0030095791
44,43,0.0,0.002752962
44,44,-0.167092415038496,0.012034055
44,45,0.0,0.004304685
44,46,0.0,0.004109416
44,47,0.0,0.0042518917
44,48,0.0,0.0027393699
44,49,0.0,0.004320951
44,50,0.0,0.002968709
44,51,0.0,0.0042626495
44,52,0.0,0.0030096732
44,53,0.0,0.0037079016
44,54,0.0,0.0032007503
44,55,0.0,0.0030272026
44,56,0.0,0.0043307776
44,57,0.114552743240211,0.0043007955
44,58,0.123350836872803,0.0042591337
44,59,0.0,0.0042862985
44,60,0.0,0.004202055
44,61,0.0,0.004142124
44,62,0.0,0.0042261463
44,63,0.0,0.0027716653
44,64,0.122269390139886,0.004314848
44,65,-0.118813098547128,0.002822964
44,66,0.0,0.004219074
44,67,0.0,0.0029501468
44,68,0.0,0.0042571025
44,69,0.0,0.00432765
44,70,0.0,0.0029801102
44,71,0.0,0.0043026507
44,72,0.0,0.0043278937
44,73,0.0,0.0029812185
44,74,0.0,0.0042858506
44,75,0.0,0.004633492
44,76,0.0,0.0029656393
44,77,0.0,0.0043181083
44,78,0.0,0.0029668384
44,79,0.0,0.002835441
44,80,0.0,0.00427386
44,81,0.0,0.0029818453
44,82,0.0,0.0031194505
44,83,0.0,0.0042973505
44,84,0.131433420965188,0.002744243
44,85,0.0,0.0029728427
44,86,0.0,0.0030005109
44,87,0.0,0.004308123
44,88,0.0,0.004315455
44,89,-0.116118939565912,0.004248496
44,90,0.0,0.0029891236
44,91,0.0,0.002951744
44,92,0.0,0.0029695993
44,93,0.0,0.0042846845
44,94,0.0,0.0041768383
44,95,0.0,0.003018083
44,96,0.0,0.003977237
44,97,0.0,0.004317464
44,98,0.0,0.0029860586
44,99,0.0,0.004208343
44,100,0.0,0.0042971373
45,1,0.0,0.003008741
45,2,0.0,0.0029869257
45,3,0.0,0.0038604736
45,4,0.113576257973571,0.004224833
45,5,0.0,0.003459263
45,6,0.0,0.004085038
45,7,0.0,0.004259348
45,8,0.0,0.0029798634
45,9,0.0,0.004289209
45,10,0.0,0.0042467937
45,11,0.0,0.0042838836
45,12,0.0,0.0029987628
45,13,-0.109614103177331,0.004236536
45,14,0.0,0.004325771
45,15,0.0,0.0043287226
45,16,0.0,0.0043074675
45,17,0.0,0.004286113
45,18,0.0,0.004248066
45,19,0.0,0.0029024044
45,20,0.0,0.0036275391
45,21,0.0,0.0029985132
45,22,0.0,0.0030024461
45,23,0.0,0.0029628635
45,24,0.0,0.0029621301
45,25,0.0,0.0043093646
45,26,0.0,0.004216848
45,27,0.0,0.004287103
45,28,0.0,0.0043200087
45,29,0.0,0.002972121
45,30,0.0,0.003023345
45,31,0.0,0.0029682461
45,32,0.0,0.003155271
45,33,0.0,0.0029782057
45,34,0.0,0.004273041
45,35,0.0,0.004306997
45,36,0.0,0.0042999424
45,37,0.0,0.004317595
45,38,0.0,0.002972763
45,39,0.0,0.002959626
45,40,0.0,0.0027997892
45,41,0.0,0.002988682
45,42,0.0,0.0042372663
45,43,0.0,0.0042995634
45,44,0.112000428846583,0.004307969
45,45,0.0,0.012034055
45,46,0.0,0.0043355655
45,47,0.107079127848905,0.0029639965
45,48,0.0,0.0041999053
45,49,0.0,0.0042537022
45,50,0.0,0.0033639248
45,51,0.0,0.002968675
45,52,0.0,0.004266683
45,53,0.0,0.004335235
45,54,0.0,0.0029760906
45,55,0.0,0.003490176
45,56,0.0,0.0043083867
45,57,0.0,0.004281017
45,58,0.0,0.0029809717
45,59,0.0,0.0029889178
45,60,0.0,0.003994909
45,61,0.0,0.0037144655
45,62,0.119140198459158,0.0043154787
45,63,0.0,0.004234161
45,64,0.0,0.0029224916
45,65,0.0,0.0043207714
45,66,0.0,0.0029710215
45,67,0.0,0.002954434
45,68,0.0,0.003026396
45,69,0.0,0.003559799
45,70,0.0,0.0042307302
45,71,0.0,0.0030201972
45,72,0.0,0.004339656
45,73,0.0,0.0042940024
45,74,0.0,0.0030031959
45,75,0.0,0.004185371
45,76,0.0,0.0042507723
45,77,0.0,0.0030090613
45,78,0.0,0.0042960243
45,79,0.0,0.0029979087
45,80,0.0,0.0030031474
45,81,-0.114966103520572,0.0043388
45,82,0.0,0.004274347
45,83,0.0,0.00414066
45,84,0.0,0.004301791
45,85,0.0,0.0029640729
45,86,0.0,0.0031121029
45,87,0.0,0.0043374216
45,88,0.0,0.0043316633
45,89,0.0,0.003162765
45,90,0.0,0.0033616507
45,91,0.0,0.004204944
45,92,0.0,0.0029894924
45,93,0.0,0.002996971
45,94,0.0,0.0030172104
45,95,0.0,0.003023548
45,96,0.0,0.0042796163
45,97,0.0,0.0029710755
45,98,0.0,0.0042970283
45,99,0.0,0.0029636794
45,100,0.0,0.0030030413
46,1,0.0,0.004338761
46,2,0.0,0.0029610351
46,3,0.0,0.0043007843
46,4,0.117566388130174,0.0029566798
46,5,0.0,0.004342719
46,6,0.0,0.002957855
46,7,0.0,0.004257093
46,8,0.0,0.0029544977
46,9,0.0,0.002998284
46,10,0.0,0.0042655673
46,11,0.0,0.0024825307
46,12,0.0,0.003137213
46,13,0.0,0.0043434375
46,14,0.0,0.0035933587
46,15,0.0,0.0030177478
46,16,0.0,0.004160784
46,17,0.0,0.004274672
46,18,0.0,0.0043326
46,19,0.0,0.0029546195
46,20,0.109689235855819,0.0029947357
46,21,0.0,0.0043376666
46,22,0.0,0.0029643802
46,23,0.0,0.003694185
46,24,0.0,0.00302287
46,25,0.0,0.0030470002
46,26,0.0,0.0028156948
46,27,0.0,0.0043218834
46,28,0.0,0.004319982
46,29,0.0,0.0042940024
46,30,0.0,0.002986621
46,31,0.0,0.0043071457
46,32,0.120000800946603,0.0042719115
46,33,0.0,0.004272693
46,34,0.0,0.00428651
46,35,0.0,0.0043228376
46,36,0.0,0.0042962516
46,37,0.0,0.0042476337
46,38,0.0,0.0043123285
46,39,0.0,0.004301537
46,40,0.0,0.0029848022
46,41,-0.118958992168693,0.0029600228
46,42,0.0,0.004243141
46,43,0.0,0.004137829
46,44,0.0,0.0041617714
46,45,0.0,0.004337291
46,46,0.0,0.012034055
46,47,0.0,0.0042575663
46,48,0.0,0.004240256
46,49,0.0,0.0043293973
46,50,0.0,0.0029537794
46,51,0.0,0.003019359
46,52,0.0,0.003015589
46,53,0.0,0.0025089667
46,54,0.0,0.004317613
46,55,0.0,0.004328337
46,56,-0.104193222633183,0.00432881
46,57,0.0,0.00433913
46,58,0.0,0.0029870914
46,59,0.0,0.0043248786
46,60,0.0,0.0027728109
46,61,0.0,0.0029902589
46,62,0.0,0.0029695635
46,63,0.0,0.004257721
46,64,0.0,0.0029146834
46,65,0.0,0.0043178243
46,66,0.0,0.0030861343
46,67,0.0,0.002976627
46,68,0.0,0.0043437793
46,69,0.0,0.0043454957
46,70,0.0,0.0042408574
46,71,0.0,0.00427756
46,72,0.0,0.002991045
46,73,0.0,0.0042479616
46,74,0.0,0.0029393574
46,75,0.10966401041824,0.0043275133
46,76,0.0,0.0043409094
46,77,0.0,0.0029268106
46,78,0.0,0.0042485557
46,79,0.0,0.004192764
46,80,0.0,0.0029972307
46,81,0.0,0.0043375343
46,82,0.0,0.0034483818
46,83,0.0,0.0028341308
46,84,0.0,0.0043334067
46,85,0.0,0.0029778802
46,86,0.0,0.0043452373
46,87,0.0,0.004327355
46,88,0.0,0.00433858
46,89,0.0,0.00432593
46,90,0.118398677323206,0.002990272
46,91,0.0,0.0030055307
46,92,0.120273916085167,0.002976091
46,93,0.0,0.004120233
46,94,0.0,0.0043419003
46,95,0.0,0.0030738954
46,96,0.0,0.004289573
46,97,0.0,0.004307232
46,98,0.0,0.004333618
46,99,0.0,0.00427638
46,100,0.0,0.002996006
47,1,0.0,0.004220292
47,2,0.0,0.0042487755
47,3,0.0,0.004257947
47,4,0.0,0.0029516118
47,5,0.0,0.0042859027
47,6,-0.118662629764745,0.004295731
47,7,0.0,0.0041093007
47,8,0.0,0.006722929
47,9,0.0,0.0030041882
47,10,0.0,0.003004983
47,11,0.0,0.004262301
47,12,0.0,0.0042682793
47,13,0.0,0.0030001123
47,14,0.0,0.0042062793
47,15,0.0,0.0030045845
47,16,0.0,0.0043446785
47,17,0.0,0.0030277725
47,18,0.0,0.0029240532
47,19,0.0,0.00424964
47,20,0.0,0.0029526893
47,21,0.0,0.002958735
47,22,0.0,0.004306138
47,23,0.0,0.0042252652
47,24,0.0,0.0033347534
47,25,-0.145740718243022,0.0030011013
47,26,0.0,0.0043381657
47,27,0.0,0.0029617362
47,28,0.0,0.00434653
47,29,0.0,0.004261598
47,30,0.0,0.0029765875
47,31,0.0,0.00427512
47,32,0.0,0.0027588378
47,33,0.0,0.00429394
47,34,0.140370441542446,0.00524278
47,35,0.0,0.002954309
47,36,0.0,0.004327456
47,37,0.0,0.0041724294
47,38,0.0,0.0042754374
47,39,0.0,0.0029528784
47,40,0.0,0.002977267
47,41,0.0,0.0042386516
47,42,0.0,0.004248282
47,43,0.0,0.004303119
47,44,0.0,0.004201779
47,45,-0.122207675015272,0.0029801736
47,46,0.0,0.00417188
47,47,0.0,0.012034055
47,48,0.0,0.004219305
47,49,0.0,0.0029922342
47,50,0.0,0.002365327
47,51,0.0,0.0029912712
47,52,0.0,0.004269777
47,53,0.0,0.0042123124
47,54,0.0,0.0042492896
47,55,0.0,0.0030205157
47,56,0.0,0.002994381
47,57,0.0,0.002970045
47,58,0.0,0.004295729
47,59,0.0,0.004311431
47,60,0.0,0.0030243099
47,61,0.0,0.0029927883
47,62,0.0,0.0042621475
47,63,0.0,0.004270849
47,64,0.0,0.004260201
47,65,0.109444443393534,0.004307775
47,66,0.0,0.0043094456
47,67,0.0,0.0030086972
47,68,0.0,0.0037186411
47,69,0.0,0.0030129813
47,70,0.0,0.0035192273
47,71,0.0,0.0029918477
47,72,0.0,0.0042010695
47,73,0.0,0.0043145856
47,74,0.0,0.004291665
47,75,0.109826896418737,0.0029173521
47,76,0.0,0.0042470526
47,77,0.0,0.004215393
47,78,0.0,0.0043398305
47,79,0.0,0.0031516026
47,80,0.0,0.0029806243
47,81,0.0,0.004236739
47,82,0.110311066628495,0.0043337564
47,83,0.0,0.0030246563
47,84,0.0,0.00422504
47,85,0.0,0.004280609
47,86,0.0,0.0042383447
47,87,-0.116530150116875,0.004206257
47,88,0.0,0.00420657
47,89,0.0,0.005366777
47,90,0.0,0.004311695
47,91,0.0,0.004135497
47,92,0.0,0.0029958766
47,93,0.0,0.0043303557
47,94,0.109244662853782,0.0030247588
47,95,0.0,0.0043066614
47,96,0.0,0.0042049717
47,97,0.110975525339831,0.004255669
47,98,0.0,0.004624846
47,99,0.0,0.004463602
47,100,0.0,0.004269108
48,1,0.0,0.0042453315
48,2,0.0,0.0029702834
48,3,0.0,0.004223209
48,4,0.0,0.0042614993
48,5,0.0,0.0027979598
48,6,0.0,0.0029877732
48,7,0.0,0.0030087745
48,8,0.0,0.0043275766
48,9,0.0,0.004226124
48,10,0.0,0.0031728083
48,11,0.0,0.003007181
48,12,0.0,0.0043228883
48,13,0.0,0.0033482108
48,14,0.0,0.002973699
48,15,0.0,0.0030034687
48,16,0.0,0.0029705358
48,17,0.0,0.0027493583
48,18,0.0,0.0042131413
48,19,0.123615481883822,0.0043152957
48,20,0.0,0.004007295
48,21,0.0,0.0042637466
48,22,0.0,0.0041670073
48,23,0.0,0.0043272316
48,24,0.0,0.0042782202
48,25,0.0,0.0029651807
48,26,0.113006855708883,0.002973394
48,27,0.0,0.0029817335
48,28,0.0,0.0042951433
48,29,0.0,0.002955925
48,30,0.0,0.0043403283
48,31,0.0,0.002995491
48,32,0.0,0.0030188025
48,33,0.124291625179521,0.0030259173
48,34,0.0,0.004287919
48,35,0.0,0.0042332634
48,36,0.0,0.0042621717
48,37,0.0,0.0029131453
48,38,0.0,0.0029705907
48,39,0.123699335768655,0.002967882
48,40,0.0,0.004281494
48,41,0.0,0.004282658
48,42,0.0,0.002980573
48,43,0.0,0.0029842434
48,44,0.0,0.0027968357
48,45,0.0,0.004180262
48,46,0.0,0.0042039827
48,47,0.0,0.004259534
48,48,0.0,0.012034055
48,49,0.0,0.0030260142
48,50,0.0,0.004276436
48,51,0.0,0.004174901
48,52,0.0,0.00430919
48,53,0.0,0.0029597122
48,54,0.117563319781173,0.003294959
48,55,0.0,0.004315527
48,56,0.0,0.0029877722
48,57,0.0,0.003000795
48,58,0.0,0.0043119187
48,59,0.0,0.0043372456
48,60,0.0,0.0041896813
48,61,0.0,0.00422143
48,62,0.0,0.004319405
48,63,0.0,0.0031801898
48,64,0.116494033758805,0.0042888233
48,65,0.0,0.0042803213
48,66,0.0,0.004177287
48,67,0.111716772362693,0.004283187
48,68,0.0,0.0042695953
48,69,0.0,0.0035272301
48,70,0.0,0.003579382
48,71,0.0,0.0029513761
48,72,0.0,0.0029985216
48,73,0.0,0.0030005714
48,74,0.0,0.0043175174
48,75,0.0,0.0043076053
48,76,0.0,0.0029731714
48,77,0.0,0.004211955
48,78,0.118081948116308,0.002465818
48,79,0.0,0.004279078
48,80,0.0,0.004299309
48,81,0.0,0.0037414543
48,82,0.0,0.0042523947
48,83,0.0,0.0040615015
48,84,0.0,0.0033284617
48,85,0.0,0.0029940438
48,86,0.0,0.003021896
48,87,0.0,0.004336708
48,88,0.0,0.00498077
48,89,0.0,0.0043139053
48,90,0.0,0.0030202176
48,91,0.0,0.0028946232
48,92,0.0,0.0030272603
48,93,0.0,0.0029532216
48,94,0.112994361239047,0.0029809596
48,95,0.0,0.0042476356
48,96,0.0,0.0042321756
48,97,0.0,0.004285644
48,98,0.0,0.004287786
48,99,0.0,0.0042291954
48,100,0.0,0.0030756549
49,1,-0.124292681716138,0.004250506
49,2,0.0,0.0029567026
49,3,0.0,0.0029835105
49,4,0.123078359978428,0.0043185893
49,5,0.0,0.0030029174
49,6,0.0,0.0042802244
49,7,0.0,0.0029882528
49,8,0.0,0.0042453576
49,9,0.0,0.0042629633
49,10,0.0,0.002556322
49,11,0.0,0.0043159053
49,12,0.0,0.004242411
49,13,0.0,0.0041045435
49,14,0.116728049408683,0.004187852
49,15,0.0,0.0043437514
49,16,0.0,0.004338842
49,17,0.0,0.0029696794
49,18,0.0,0.0024658276
49,19,0.0,0.0030367416
49,20,0.0,0.0043396754
49,21,0.0,0.002997606
49,22,0.0,0.0043397695
49,23,0.0,0.004161991
49,24,0.0,0.0042697117
49,25,0.0,0.0029579569
49,26,0.0,0.0042809322
49,27,0.0,0.00431592
49,28,0.118103664354808,0.0042990753
49,29,0.0,0.0029911092
49,30,0.0,0.002753073
49,31,0.0,0.0029728548
49,32,0.0,0.0043091266
49,33,0.0,0.002956434
49,34,0.130137809046664,0.004287933
49,35,0.0,0.004260068
49,36,0.0,0.0025054992
49,37,0.0,0.0030144816
49,38,0.0,0.0030238554
49,39,0.0,0.0042858347
49,40,0.0,0.0030161291
49,41,0.0,0.004341609
49,42,0.0,0.0042619854
49,43,0.0,0.0029825903
49,44,0.0,0.004318793
49,45,0.0,0.004237285
49,46,0.0,0.0043226248
49,47,0.0,0.0029768962
49,48,0.0,0.0029553983
49,49,0.0,0.012034055
49,50,0.0,0.002976017
49,51,0.0,0.0030201296
49,52,0.0,0.0033794323
49,53,0.0,0.004209934
49,54,0.0,0.004307167
49,55,0.0,0.0027423948
49,56,0.0,0.0029726834
49,57,0.0,0.0042890143
49,58,0.0,0.004252542
49,59,0.0,0.0043017026
49,60,0.0,0.0030096807
49,61,0.0,0.0029869545
49,62,0.0,0.004225949
49,63,0.0,0.0033217897
49,64,0.0,0.0032085956
49,65,0.0,0.0043276157
49,66,-0.119415490828789,0.0042372216
49,67,0.0,0.0035181316
49,68,0.0,0.0029601143
49,69,0.0,0.0030258726
49,70,0.0,0.0030795084
49,71,0.0,0.004171528
49,72,0.0,0.0029686135
49,73,0.0,0.0029503475
49,74,0.0,0.0043218806
49,75,0.0,0.002997723
49,76,0.0,0.004270694
49,77,0.0,0.0030188262
49,78,0.0,0.0026199424
49,79,0.0,0.0043238946
49,80,0.0,0.0029689348
49,81,0.1157865825877,0.0042503867
49,82,0.0,0.0030112183
49,83,0.0,0.0041977055
49,84,0.118921270598475,0.00421205
49,85,0.0,0.0030167094
49,86,0.0,0.0028954297
49,87,0.114462345214975,0.0043127076
49,88,0.0,0.0029848665
49,89,0.0,0.0030274857
49,90,0.0,0.004326541
49,91,0.112175111558301,0.0042331554
49,92,0.0,0.004346022
49,93,0.0,0.004274682
49,94,0.0,0.0030272026
49,95,0.0,0.0043214043
49,96,0.0,0.0042401347
49,97,0.0,0.0029514295
49,98,0.0,0.0029559196
49,99,0.0,0.004282018
49,100,0.0,0.0029574966
50,1,0.0,0.004567189
50,2,0.0,0.0042942166
50,3,0.0,0.004343913
50,4,0.0,0.0042638415
50,5,0.0,0.0035617144
50,6,0.0,0.0042784996
50,7,0.0,0.0043009706
50,8,0.0,0.0038577856
50,9,0.0,0.0029889578
50,10,0.0,0.0041023903
50,11,0.0,0.004241977
50,12,0.0,0.0033337374
50,13,0.0,0.004230505
50,14,0.0,0.0030018436
50,15,0.0,0.0027712756
50,16,0.0,0.0043439353
50,17,0.0,0.004227983
50,18,0.0,0.00463308
50,19,0.0,0.0043070847
50,20,0.0,0.0043033767
50,21,0.0,0.0030085538
50,22,0.0,0.0029920684
50,23,0.0,0.0030013649
50,24,0.0,0.0032574993
50,25,0.0,0.0030130688
50,26,0.0,0.0042651054
50,27,0.0,0.0042782165
50,28,-0.117922457319713,0.0029701316
50,29,0.0,0.0029612423
50,30,0.123132686050788,0.004346297
50,31,0.0,0.0042508915
50,32,0.0,0.002958281
50,33,0.0,0.004204547
50,34,0.0,0.0042908937
50,35,0.0,0.002493718
50,36,0.0,0.0042780843
50,37,0.0,0.0030277465
50,38,0.0,0.0042912494
50,39,0.0,0.004240012
50,40,0.0,0.0036513908
50,41,0.0,0.004035553
50,42,0.0,0.0043384954
50,43,0.1189315995664,0.0035733911
50,44,0.0,0.0029753535
50,45,0.113125224669108,0.003989825
50,46,0.0,0.0029620172
50,47,0.0,0.0024473346
50,48,0.0,0.0042642485
50,49,0.0,0.0029808413
50,50,0.0,0.012034055
50,51,0.0,0.004295421
50,52,0.0,0.004675078
50,53,0.0,0.0029801396
50,54,0.0,0.0024537663
50,55,0.0,0.0042169113
50,56,0.0,0.0029807626
50,57,0.108419586935884,0.002970175
50,58,-0.116746630448658,0.004334227
50,59,0.0,0.0030188896
50,60,0.0,0.0042828955
50,61,0.0,0.003160841
50,62,0.0,0.0040867864
50,63,0.0,0.002971345
50,64,-0.115723084396775,0.0030214544
50,65,0.0,0.004321548
50,66,0.0,0.0027735739
50,67,0.0,0.0029843403
50,68,0.0,0.004232805
50,69,0.0,0.0029229592
50,70,0.0,0.0041694716
50,71,0.114240485928967,0.0029529375
50,72,0.0,0.0029723532
50,73,0.0,0.004709441
50,74,0.0,0.003004131
50,75,0.0,0.004305529
50,76,0.0,0.0031211756
50,77,-0.11129892767036,0.0030026669
50,78,0.0,0.0029794439
50,79,0.0,0.0029799491
50,80,0.0,0.0030158246
50,81,0.0,0.004231818
50,82,0.0,0.0042548785
50,83,0.0,0.0029881292
50,84,0.0,0.0024959387
50,85,0.0,0.0029530288
50,86,0.0,0.0042917244
50,87,0.0,0.0040315473
50,88,0.0,0.004310541
50,89,0.0,0.004287718
50,90,0.0,0.0049845586
50,91,0.117339716818555,0.0041816756
50,92,0.0,0.004066213
50,93,0.0,0.002971041
50,94,0.0,0.0029988913
50,95,0.0,0.0042258035
50,96,0.0,0.004274508
50,97,-0.114024996933262,0.0042679003
50,98,0.109409214532629,0.0042272005
50,99,0.0,0.004340661
50,100,0.0,0.004321229
51,1,0.0,0.0043273238
51,2,0.0,0.0042836824
51,3,0.0,0.00397906
51,4,0.0,0.0029871222
51,5,0.0,0.0042627314
51,6,0.0,0.00419634
51,7,0.0,0.0030066557
51,8,0.117180285961034,0.0029645893
51,9,0.0,0.0043307515
51,10,0.0,0.0043186955
51,11,0.0,0.004309063
51,12,0.0,0.0029532725
51,13,0.0,0.0029360363
51,14,0.0,0.0029615306
51,15,0.0,0.0029758508
51,16,0.0,0.0042654304
51,17,0.0,0.002955087
51,18,0.0,0.0042864
51,19,0.0,0.0031364893
51,20,0.0,0.0030133026
51,21,0.0,0.0027373552
51,22,0.0,0.0042177774
51,23,0.0,0.0027916678
51,24,0.0,0.0043329387
51,25,0.0,0.004619591
51,26,0.0,0.004192764
51,27,0.0,0.004248943
51,28,0.0,0.003004429
51,29,0.0,0.004146926
51,30,0.0,0.0029037518
51,31,0.0,0.004240405
51,32,0.0,0.0035637533
51,33,0.0,0.0028131008
51,34,0.0,0.004337961
51,35,0.0,0.002977997
51,36,0.0,0.0043092463
51,37,0.0,0.004289845
51,38,0.0,0.0029788269
51,39,0.0,0.004271771
51,40,0.0,0.0029768562
51,41,-0.115996267670201,0.0030195415
51,42,0.0,0.0042264163
51,43,0.110946173090488,0.0041612145
51,44,0.0,0.0042462572
51,45,0.0,0.0029773568
51,46,0.0,0.0030888794
51,47,0.0,0.0029799761
51,48,0.0,0.004150305
51,49,0.0,0.002950472
51,50,0.0,0.0042967526
51,51,0.0,0.012034055
51,52,0.0,0.0043189763
51,53,0.115608070329544,0.0042652367
51,54,0.0,0.0042987615
51,55,0.0,0.0042675566
51,56,0.0,0.004140109
51,57,0.0,0.004198741
51,58,0.0,0.0029643606
51,59,0.0,0.004341893
51,60,0.121866544855176,0.0041768365
51,61,0.0,0.0029894114
51,62,0.0,0.0031079259
51,63,0.0,0.0042066816
51,64,-0.119677077661611,0.0042616324
51,65,0.0,0.0029594444
51,66,0.0,0.0029950282
51,67,0.0,0.004258075
51,68,0.0,0.0028580131
51,69,0.0,0.002496462
51,70,0.0,0.0040714405
51,71,0.0,0.0041893236
51,72,0.0,0.0039784405
51,73,0.0,0.0029880228
51,74,0.0,0.0030814707
51,75,0.0,0.0043229973
51,76,0.0,0.002964716
51,77,0.0,0.0039424407
51,78,0.0,0.0043013375
51,79,0.0,0.004305564
51,80,0.0,0.0033108478
51,81,0.0,0.0042246953
51,82,0.0,0.0042070225
51,83,0.0,0.003002341
51,84,0.0,0.004287041
51,85,0.117150863865042,0.0029951176
51,86,0.0,0.004241783
51,87,0.0,0.0029537051
51,88,0.0,0.0043388274
51,89,0.0,0.004248867
51,90,0.0,0.004108347
51,91,0.0,0.0043274527
51,92,0.0,0.004299253
51,93,0.0,0.0042668497
51,94,0.0,0.003124027
51,95,0.0,0.0027163036
51,96,0.0,0.0043029473
51,97,0.0,0.0031887433
51,98,0.0,0.004220547
51,99,0.0,0.004267527
51,100,0.0,0.002918881
52,1,0.0,0.0029420112
52,2,0.0,0.00422471
52,3,0.0,0.004281667
52,4,0.0,0.0029680198
52,5,0.0,0.0027352707
52,6,0.0,0.0029765428
52,7,0.0,0.004307474
52,8,0.0,0.0024757052
52,9,0.0,0.0029972475
52,10,0.0,0.004291257
52,11,0.0,0.004321362
52,12,0.0,0.0029787994
52,13,0.0,0.003011575
52,14,0.0,0.0031516016
52,15,0.0,0.0042671477
52,16,0.0,0.0042453203
52,17,0.0,0.0042895414
52,18,0.0,0.004311435
52,19,0.0,0.002979884
52,20,0.0,0.0032405378
52,21,0.0,0.0027582517
52,22,0.0,0.0037802267
52,23,0.0,0.0029869964
52,24,0.110567238874826,0.0030522125
52,25,0.0,0.0042679254
52,26,0.0,0.0028018893
52,27,0.0,0.002975232
52,28,0.0,0.0043133656
52,29,0.0,0.004228059
52,30,0.0,0.00300916
52,31,0.0,0.00425539
52,32,0.0,0.0042563537
52,33,0.0,0.0041951407
52,34,0.0,0.0043306584
52,35,0.0,0.0043350477
52,36,0.0,0.004286615
52,37,0.0,0.0038560792
52,38,0.0,0.002832703
52,39,0.0,0.0030631456
52,40,0.0,0.0035689592
52,41,0.0,0.004324324
52,42,0.0,0.0029584747
52,43,0.0,0.003010015
52,44,0.0,0.0030098595
52,45,0.0,0.004259616
52,46,0.0,0.0027651647
52,47,0.0,0.0042962246
52,48,0.0,0.004310698
52,49,0.0,0.0032364756
52,50,0.0,0.0040905057
52,51,0.0,0.0043234373
52,52,0.0,0.012034055
52,53,0.0,0.004345917
52,54,0.0,0.004167257
52,55,0.0,0.002770315
52,56,0.0,0.0023821625
52,57,0.0,0.004219059
52,58,0.0,0.004340139
52,59,0.0,0.002966207
52,60,0.0,0.004249841
52,61,0.0,0.0043063513
52,62,0.0,0.004334882
52,63,0.0,0.0042706383
52,64,0.0,0.0030090837
52,65,0.109555417479231,0.004286416
52,66,0.0,0.0036438042
52,67,0.0,0.0028990107
52,68,0.0,0.004341383
52,69,0.0,0.004333694
52,70,0.0,0.004246954
52,71,0.0,0.002990013
52,72,0.0,0.0042725597
52,73,0.0,0.0032770825
52,74,0.0,0.004334986
52,75,0.0,0.002993673
52,76,0.0,0.004341495
52,77,0.0,0.0042630956
52,78,0.0,0.0029853014
52,79,0.0,0.0042708404
52,80,0.0,0.0043304656
52,81,0.0,0.0043012258
52,82,-0.110422919449724,0.0041739494
52,83,0.0,0.004268864
52,84,0.0,0.0039699823
52,85,0.0,0.0043028193
52,86,0.0,0.004335892
52,87,0.0,0.0029758564
52,88,0.0,0.004290823
52,89,0.0,0.004243832
52,90,0.0,0.0032410936
52,91,-0.114317394459274,0.0043057688
52,92,0.120574697234121,0.0030196905
52,93,0.0,0.0030147312
52,94,0.0,0.0041627698
52,95,0.113471481308877,0.004302879
52,96,0.0,0.0042875316
52,97,0.0,0.0043272767
52,98,0.0,0.0029777861
52,99,0.0,0.004288001
52,100,0.0,0.0042788517
53,1,0.0,0.0042996276
53,2,0.0,0.0025138212
53,3,0.0,0.0029620358
53,4,0.0,0.0029554153
53,5,0.0,0.0029754364
53,6,0.0,0.002837268
53,7,0.0,0.0028018346
53,8,0.0,0.0029973774
53,9,0.0,0.0030046916
53,10,0.0,0.0043135555
53,11,0.0,0.004280069
53,12,0.0,0.0035673757
53,13,0.0,0.0030238386
53,14,0.0,0.0029541056
53,15,0.0,0.0029816031
53,16,0.0,0.0043463567
53,17,0.0,0.004261899
53,18,0.0,0.0041691475
53,19,0.0,0.0042279344
53,20,0.0,0.0043194084
53,21,0.0,0.0043431567
53,22,0.0,0.0029735202
53,23,0.0,0.003014267
53,24,0.0,0.004320465
53,25,0.0,0.0041996036
53,26,0.0,0.0029020426
53,27,0.122891255019138,0.0030258428
53,28,0.0,0.0029913867
53,29,0.127794529097106,0.00298181
53,30,0.0,0.004230205
53,31,0.126142709863996,0.0029878607
53,32,0.0,0.004274672
53,33,0.0,0.004266029
53,34,0.0,0.004344491
53,35,0.0,0.0043202685
53,36,0.0,0.0042856373
53,37,0.0,0.002965145
53,38,0.0,0.0042508766
53,39,0.0,0.0040662847
53,40,0.0,0.002974256
53,41,0.0,0.004217213
53,42,0.0,0.0030018184
53,43,0.0,0.0030154306
53,44,0.0,0.00442735
53,45,0.0,0.004330255
53,46,0.0,0.002503303
53,47,-0.135512542412526,0.0042304285
53,48,0.0,0.0029650717
53,49,0.0,0.004180003
53,50,0.0,0.0029832982
53,51,0.0,0.004256569
53,52,0.0,0.0043456634
53,53,0.0,0.012034055
53,54,0.0,0.002968986
53,55,0.0,0.0027968609
53,56,0.0,0.004338502
53,57,0.0,0.0029791477
53,58,0.0,0.0029942011
53,59,0.0,0.0036779786
53,60,0.0,0.003008427
53,61,0.0,0.0043157176
53,62,0.0,0.0035287063
53,63,0.0,0.0042896755
53,64,0.0,0.0041880608
53,65,0.0,0.0028044772
53,66,0.0,0.0030130632
53,67,0.0,0.004332926
53,68,0.0,0.0029769982
53,69,0.0,0.0042731576
53,70,-0.110552763825173,0.0029674084
53,71,0.0,0.004339432
53,72,0.0,0.00424405
53,73,0.0,0.0042279847
53,74,0.0,0.0029650535
53,75,0.0,0.0041966215
53,76,0.0,0.0030093119
53,77,0.0,0.004265394
53,78,0.0,0.004323204
53,79,0.0,0.0030224659
53,80,0.0,0.003737919
53,81,0.0,0.0043399865
53,82,0.0,0.0032631939
53,83,0.0,0.0029656645
53,84,0.0,0.003949594
53,85,0.0,0.0029862812
53,86,0.0,0.0032444051
53,87,0.0,0.0042994237
53,88,0.0,0.0028122307
53,89,0.0,0.004234921
53,90,0.0,0.003553588
53,91,0.0,0.004414439
53,92,0.1193634715051,0.002902506
53,93,0.0,0.0042109117
53,94,0.0,0.0041411705
53,95,0.0,0.004344088
53,96,0.0,0.003052115
53,97,0.0,0.0029975642
53,98,0.0,0.0043376405
53,99,0.0,0.0029935027
53,100,0.0,0.0028323908
54,1,0.0,0.003001038
54,2,0.0,0.00434066
54,3,0.0,0.0043192212
54,4,0.0,0.0029798304
54,5,0.124403166138223,0.0029613462
54,6,0.0,0.004278129
54,7,0.0,0.004320421
54,8,0.12703645446895,0.0042530242
54,9,0.0,0.0041993
54,10,-0.119514027211146,0.00428316
54,11,0.0,0.0042696446
54,12,0.0,0.0030181743
54,13,0.0,0.00431966
54,14,0.0,0.003011792
54,15,0.0,0.0029882109
54,16,0.0,0.004298873
54,17,0.0,0.0023959456
54,18,0.0,0.0043143756
54,19,0.121586972278218,0.0025825663
54,20,0.0,0.0042862
54,21,0.0,0.0028167204
54,22,0.0,0.0042629624
54,23,0.0,0.0042913975
54,24,0.0,0.00430423
54,25,-0.136436558393404,0.0043256423
54,26,0.0,0.0029584006
54,27,-0.121270770875775,0.0029694953
54,28,0.119257416802898,0.0029558036
54,29,0.0,0.0029544274
54,30,0.0,0.0029742317
54,31,-0.124479350977282,0.0029541561
54,32,0.0,0.002954993
54,33,0.0,0.003919587
54,34,0.0,0.0042741755
54,35,0.0,0.0042012744
54,36,0.0,0.0042721843
54,37,0.0,0.0043241945
54,38,0.0,0.0042312127
54,39,0.0,0.004249599
54,40,0.0,0.004305227
54,41,0.0,0.0042202305
54,42,0.0,0.003935992
54,43,0.0,0.0043424866
54,44,-0.122556360639479,0.0033348694
54,45,0.0,0.0029822886
54,46,0.0,0.0043064663
54,47,0.0,0.004278004
54,48,0.0,0.0033512092
54,49,0.0,0.0043074037
54,50,0.0,0.0024935817
54,51,0.0,0.0043034805
54,52,0.119892567990624,0.0041539706
54,53,-0.126861354388792,0.002963523
54,54,0.0,0.012034055
54,55,0.0,0.0042413194
54,56,0.0,0.0034543893
54,57,0.0,0.0030614564
54,58,0.0,0.0042772014
54,59,0.0,0.0029682778
54,60,-0.118731798644387,0.004254739
54,61,0.0,0.0042960495
54,62,0.0,0.0030158097
54,63,0.0,0.0043309527
54,64,0.0,0.0029999362
54,65,0.0,0.0034177392
54,66,0.0,0.0030103866
54,67,0.0,0.0042934213
54,68,-0.117884405169128,0.004312847
54,69,0.107352929594944,0.0029821172
54,70,0.0,0.004267603
54,71,0.0,0.004336804
54,72,0.0,0.0029988028
54,73,0.0,0.004277964
54,74,0.0,0.0032863088
54,75,0.0,0.004164174
54,76,0.0,0.0043168697
54,77,0.0,0.0042776577
54,78,0.0,0.004256502
54,79,0.0,0.0043366235
54,80,0.0,0.0031712733
54,81,0.0,0.002987369
54,82,0.0,0.0031435485
54,83,0.0,0.0043298346
54,84,0.0,0.0031401182
54,85,0.0,0.003083548
54,86,0.0,0.0042999554
54,87,0.0,0.0029535345
54,88,0.114890442518158,0.0029955283
54,89,0.0,0.0043085096
54,90,0.0,0.0033129745
54,91,0.0,0.004273071
54,92,0.0,0.004338504
54,93,0.0,0.0042927507
54,94,0.0,0.0043444447
54,95,0.0,0.0029670522
54,96,0.0,0.004267521
54,97,0.0,0.002983978
54,98,0.0,0.0029882472
54,99,0.0,0.004261555
54,100,0.0,0.002962157
55,1,0.0,0.0030055018
55,2,0.0,0.00430155
55,3,0.0,0.004258126
55,4,0.115284647324945,0.0030204467
55,5,0.0,0.0041492283
55,6,0.0,0.0030172737
55,7,0.0,0.0029570723
55,8,0.0,0.0029738396
55,9,0.0,0.004291822
55,10,0.0,0.0033745426
55,11,0.0,0.004332735
55,12,0.0,0.00423385
55,13,0.0,0.0042116884
55,14,0.0,0.004324893
55,15,0.0,0.002816563
55,16,0.0,0.0029957984
55,17,0.0,0.004261908
55,18,0.0,0.004244687
55,19,0.0,0.0043409136
55,20,0.0,0.0028115902
55,21,0.0,0.0030098632
55,22,0.0,0.0030184258
55,23,0.0,0.0029666931
55,24,0.0,0.0042881668
55,25,0.0,0.0042971605
55,26,0.0,0.0035915393
55,27,0.0,0.0029523196
55,28,0.0,0.004295257
55,29,0.0,0.004263783
55,30,0.0,0.0042521507
55,31,0.0,0.004325917
55,32,0.0,0.0043341136
55,33,0.0,0.004238149
55,34,0.0,0.0029602186
55,35,0.0,0.0042959163
55,36,-0.116391196416009,0.0042048246
55,37,0.0,0.0043450827
55,38,0.0,0.0029631313
55,39,0.0,0.0030947644
55,40,0.0,0.004328022
55,41,0.0,0.0042387396
55,42,0.11315675847495,0.0029641367
55,43,0.0,0.0024184394
55,44,0.113685114919225,0.0028890087
55,45,0.0,0.003313884
55,46,0.0,0.004322251
55,47,0.0,0.0029944843
55,48,0.0,0.0043157646
55,49,0.0,0.0029518432
55,50,0.114826829675688,0.004236942
55,51,0.0,0.0042779837
55,52,0.0,0.0028152834
55,53,-0.117678491571107,0.0030182507
55,54,0.0,0.004245201
55,55,0.0,0.012034055
55,56,0.0,0.0042345915
55,57,0.0,0.0042639915
55,58,0.0,0.0028975294
55,59,0.0,0.0029822886
55,60,0.0,0.00297519
55,61,0.0,0.002979069
55,62,0.114340329174379,0.0042047743
55,63,0.0,0.0042751785
55,64,0.0,0.0036816075
55,65,0.0,0.0042106193
55,66,0.0,0.0030448427
55,67,0.0,0.004331322
55,68,0.0,0.0030041253
55,69,0.0,0.0029550565
55,70,0.0,0.0042591197
55,71,0.0,0.0042808047
55,72,0.0,0.0040851235
55,73,0.0,0.0029816106
55,74,0.0,0.004231116
55,75,0.0,0.0029956456
55,76,0.0,0.0043081436
55,77,0.0,0.0029933043
55,78,0.0,0.004258435
55,79,0.0,0.0043344134
55,80,0.0,0.0029578677
55,81,0.0,0.004314677
55,82,0.0,0.0027215038
55,83,0.0,0.0027267921
55,84,0.0,0.003000196
55,85,0.0,0.0042692386
55,86,0.0,0.0030193646
55,87,0.0,0.0042966558
55,88,0.0,0.002950175
55,89,0.0,0.0035094786
55,90,0.0,0.0029619872
55,91,0.0,0.0029686182
55,92,0.0,0.003235802
55,93,0.0,0.004314347
55,94,0.0,0.004229037
55,95,0.0,0.0030146232
55,96,0.0,0.0029831184
55,97,0.0,0.0036265468
55,98,0.0,0.0030070152
55,99,0.0,0.0029542784
55,100,0.0,0.0042941663
56,1,0.0,0.0043105595
56,2,0.0,0.004314311
56,3,0.0,0.002981726
56,4,0.0,0.0043051494
56,5,0.11491889985012,0.002978825
56,6,0.0,0.004280907
56,7,0.0,0.004312593
56,8,0.0,0.0029986734
56,9,0.0,0.0043400107
56,10,0.0,0.0029960303
56,11,0.0,0.0024763416
56,12,0.0,0.004322027
56,13,0.0,0.0042945864
56,14,0.0,0.0030028988
56,15,0.0,0.0043339515
56,16,0.0,0.0031296415
56,17,0.0,0.0033226674
56,18,0.0,0.0029711127
56,19,0.0,0.002998758
56,20,0.0,0.0024886192
56,21,0.0,0.0030179024
56,22,0.0,0.0023812181
56,23,0.0,0.0043265834
56,24,-0.106649477109254,0.0042334255
56,25,0.0,0.0042774323
56,26,0.0,0.003021799
56,27,0.0,0.0029904777
56,28,0.0,0.0029593725
56,29,0.0,0.004339079
56,30,0.0,0.004320345
56,31,0.0,0.004315221
56,32,0.0,0.002808231
56,33,0.0,0.0029826453
56,34,0.0,0.0029534628
56,35,0.0,0.00237716
56,36,0.0,0.0030212607
56,37,0.0,0.00427083
56,38,0.0,0.0042972285
56,39,0.0,0.0042887786
56,40,0.111305918567465,0.0032129064
56,41,0.0,0.003009133
56,42,0.0,0.0030094879
56,43,0.0,0.0029672137
56,44,0.0,0.0043326905
56,45,0.0,0.0043101157
56,46,0.0,0.0043265037
56,47,0.0,0.0029710582
56,48,0.0,0.0029801219
56,49,0.0,0.0029664165
56,50,0.0,0.0029690703
56,51,0.0,0.004194569
56,52,0.0,0.0024310835
56,53,0.0,0.0043412475
56,54,0.0,0.0030908627
56,55,0.0,0.004251659
56,56,0.0,0.012034055
56,57,-0.100288245029516,0.0029917527
56,58,0.107990770041666,0.0030147256
56,59,0.0,0.0043138037
56,60,0.0,0.0030276645
56,61,0.0,0.0029351925
56,62,0.0,0.0042240415
56,63,0.0,0.0029548928
56,64,0.107043988743642,0.0030153655
56,65,0.0,0.002985294
56,66,0.0,0.0042587025
56,67,0.0,0.004328822
56,68,0.108224382285768,0.0029522213
56,69,0.0,0.0043395855
56,70,0.0,0.0030259583
56,71,0.0,0.0042834543
56,72,0.0,0.0029916354
56,73,0.0,0.0028156198
56,74,0.0,0.0029954538
56,75,0.0,0.0042570513
56,76,0.0,0.003614801
56,77,0.0,0.0042828433
56,78,0.0,0.0042658243
56,79,0.0,0.0029678713
56,80,0.0,0.004325106
56,81,0.0,0.004210267
56,82,0.0,0.0029894002
56,83,0.0,0.0030051423
56,84,0.0,0.0042269044
56,85,0.0,0.0043035345
56,86,0.0,0.003021812
56,87,0.0,0.0042897966
56,88,0.0,0.0030251425
56,89,0.0,0.004274887
56,90,0.0,0.0043319548
56,91,0.108539375629169,0.002736261
56,92,0.0,0.004242005
56,93,0.0,0.0043061846
56,94,0.0,0.0039006646
56,95,0.0,0.0029509682
56,96,0.0,0.004162777
56,97,0.0,0.004243985
56,98,0.0,0.0042744456
56,99,0.0,0.0029548588
56,100,0.0,0.0043125474
57,1,0.118327178489056,0.004303738
57,2,0.116766900042534,0.0042672977
57,3,0.0,0.0042252
57,4,0.0,0.0042701187
57,5,0.0,0.0042466763
57,6,0.0,0.0029898006
57,7,-0.120233156041304,0.0043078666
57,8,0.0,0.0042396095
57,9,0.0,0.0042666467
57,10,0.0,0.0041840896
57,11,0.0,0.0028474831
57,12,0.0,0.003943323
57,13,0.0,0.0030108187
57,14,-0.111125615332727,0.0029772664
57,15,0.0,0.0031778708
57,16,0.0,0.004300923
57,17,0.0,0.004295434
57,18,0.0,0.0031295484
57,19,0.0,0.0030953228
57,20,0.0,0.0043415637
57,21,0.0,0.002950953
57,22,0.0,0.004236063
57,23,0.0,0.0029849373
57,24,0.0,0.004324502
57,25,0.0,0.0029665935
57,26,0.0,0.0029544798
57,27,0.0,0.0029698662
57,28,0.0,0.003006165
57,29,0.0,0.0029517508
57,30,0.0,0.0042356364
57,31,0.0,0.0036613212
57,32,0.0,0.004273941
57,33,0.0,0.0042118914
57,34,0.0,0.0030078199
57,35,0.0,0.0043170685
57,36,0.0,0.004305116
57,37,0.0,0.004336697
57,38,0.0,0.0043126806
57,39,0.0,0.0030065393
57,40,0.0,0.004217554
57,41,0.0,0.004268231
57,42,0.0,0.0027849113
57,43,0.11339739093036,0.0029821526
57,44,0.0,0.0043019187
57,45,0.0,0.004277163
57,46,0.0,0.0043372214
57,47,0.0,0.0029589718
57,48,0.0,0.002996725
57,49,0.0,0.0042947987
57,50,0.0,0.0029638805
57,51,0.0,0.004225917
57,52,0.0,0.004222553
57,53,0.0,0.0029687416
57,54,0.0,0.0029112713
57,55,0.0,0.0042689163
57,56,0.0,0.0029974561
57,57,0.0,0.012034055
57,58,0.0,0.0042621205
57,59,0.0,0.004241906
57,60,0.0,0.0043213363
57,61,0.0,0.003473332
57,62,0.0,0.0029549329
57,63,0.0,0.0030286405
57,64,0.0,0.004335005
57,65,0.0,0.004313672
57,66,0.0,0.0030200295
57,67,0.0,0.003114272
57,68,0.0,0.0043174285
57,69,0.0,0.002964022
57,70,0.0,0.0029538604
57,71,0.0,0.0042971596
57,72,0.0,0.0042845802
57,73,0.0,0.0042587314
57,74,0.0,0.0030264799
57,75,0.0,0.0042725783
57,76,0.0,0.004218526
57,77,0.0,0.0042466614
57,78,0.0,0.0033275213
57,79,0.0,0.00431801
57,80,0.0,0.0029747915
57,81,0.0,0.004296262
57,82,0.0,0.0029659928
57,83,0.0,0.0042796535
57,84,0.0,0.002995207
57,85,0.0,0.0042556385
57,86,0.0,0.0029990748
57,87,0.0,0.004308877
57,88,0.0,0.004245788
57,89,0.0,0.0029371087
57,90,0.0,0.0029904079
57,91,0.0,0.0030128723
57,92,0.0,0.004345837
57,93,0.0,0.00432571
57,94,0.0,0.002910646
57,95,0.0,0.00424874
57,96,0.0,0.0023981137
57,97,0.0,0.0028660737
57,98,0.0,0.002743729
57,99,0.0,0.0027349968
57,100,0.0,0.0042850086
58,1,0.0,0.0030007437
58,2,0.0,0.00424877
58,3,0.116309348679684,0.0029854355
58,4,-0.122169833504518,0.004273534
58,5,0.0,0.0042323302
58,6,0.0,0.004327339
58,7,0.0,0.0042483658
58,8,0.0,0.002966005
58,9,0.0,0.0042725643
58,10,0.0,0.0029972205
58,11,0.0,0.004263344
58,12,0.0,0.004080361
58,13,0.0,0.0043234928
58,14,-0.115866398967824,0.0030099382
58,15,0.0,0.004327774
58,16,0.0,0.0040276414
58,17,0.0,0.0029527
58,18,0.0,0.0041726716
58,19,0.0,0.004333863
58,20,0.0,0.0030105868
58,21,0.0,0.0030218358
58,22,0.0,0.004438496
58,23,0.0,0.0028301827
58,24,0.0,0.004284432
58,25,0.0,0.0028083832
58,26,0.0,0.004324936
58,27,0.119211017308825,0.0029814243
58,28,0.0,0.0042746766
58,29,0.0,0.0029529599
58,30,0.0,0.0030226447
58,31,0.0,0.0042660115
58,32,0.124699568518025,0.0029811608
58,33,0.0,0.004285547
58,34,0.0,0.002742195
58,35,0.0,0.0042704903
58,36,0.0,0.004279822
58,37,0.0,0.002836784
58,38,0.0,0.0043297065
58,39,0.0,0.0043143737
58,40,-0.118445478784292,0.0029884456
58,41,0.123616966534881,0.0029611886
58,42,0.0,0.0029564782
58,43,0.118235091883247,0.0040920414
58,44,0.0,0.0042558257
58,45,0.0,0.0029861918
58,46,0.0,0.0030029034
58,47,0.0,0.004312099
58,48,0.0,0.0043121786
58,49,0.0,0.0042566108
58,50,0.0,0.004336155
58,51,0.0,0.0029610787
58,52,0.0,0.004339912
58,53,0.0,0.002982447
58,54,0.123062223683109,0.004279759
58,55,0.0,0.0028975487
58,56,0.0,0.0030080904
58,57,0.0,0.0042567104
58,58,0.750951536232606,0.012034055
58,59,0.0,0.0029510995
58,60,0.0,0.003973703
58,61,0.0,0.003412757
58,62,0.126422678981769,0.002982459
58,63,0.0,0.004156556
58,64,0.0,0.0042866366
58,65,0.0,0.0042984113
58,66,0.0,0.0029695118
58,67,0.0,0.004282359
58,68,0.0,0.0029624514
58,69,0.0,0.0043160715
58,70,0.0,0.0042730486
58,71,0.0,0.004298686
58,72,0.0,0.0043185707
58,73,0.113730146567089,0.0030236617
58,74,0.0,0.0036179363
58,75,0.0,0.0029829051
58,76,0.0,0.0035810303
58,77,0.0,0.0027501984
58,78,0.0,0.0042866385
58,79,0.0,0.003863886
58,80,0.0,0.002832083
58,81,0.0,0.0029645427
58,82,0.0,0.003184142
58,83,0.0,0.0030123908
58,84,0.0,0.0043371366
58,85,0.0,0.0043241065
58,86,0.0,0.004330967
58,87,0.0,0.0029510118
58,88,0.0,0.0029797168
58,89,0.0,0.0024359028
58,90,0.0,0.0029618363
58,91,0.0,0.002991289
58,92,0.0,0.0042566685
58,93,0.0,0.004334165
58,94,0.0,0.0042242575
58,95,0.0,0.002981699
58,96,0.0,0.0040202765
58,97,0.114849680070789,0.0030005164
58,98,-0.110200514131329,0.0042082444
58,99,0.0,0.0043318756
58,100,0.0,0.004309853
59,1,0.0,0.0043058144
59,2,0.0,0.0043105134
59,3,0.0,0.004337618
59,4,-0.11905519881877,0.004227666
59,5,0.0,0.0029857336
59,6,0.0,0.004428097
59,7,0.0,0.004276002
59,8,0.0,0.0030215662
59,9,0.0,0.0029714452
59,10,0.0,0.0043352507
59,11,0.0,0.0043243463
59,12,-0.117450247028013,0.004244432
59,13,0.0,0.0043094703
59,14,0.0,0.0029943064
59,15,0.0,0.0036290563
59,16,0.0,0.004288397
59,17,0.0,0.002892416
59,18,0.0,0.004313316
59,19,0.0,0.0042361077
59,20,0.0,0.0043398794
59,21,0.0,0.004843368
59,22,0.0,0.0030042008
59,23,0.0,0.002955338
59,24,0.0,0.004289482
59,25,0.0,0.0030174432
59,26,0.0,0.004332943
59,27,0.0,0.0042425804
59,28,0.0,0.0042201504
59,29,0.0,0.004334151
59,30,0.0,0.0029882807
59,31,0.0,0.0029949713
59,32,0.0,0.0042434614
59,33,0.0,0.004291161
59,34,0.0,0.0030253995
59,35,0.0,0.0030220803
59,36,0.0,0.0041922443
59,37,0.0,0.0031060358
59,38,0.0,0.002895562
59,39,0.0,0.004273019
59,40,0.115425793924215,0.0030184668
59,41,0.0,0.0042789932
59,42,0.0,0.005222854
59,43,0.0,0.004345632
59,44,0.0,0.004275188
59,45,0.0,0.0030029686
59,46,0.0,0.0043135406
59,47,0.0,0.004319384
59,48,0.0,0.0043274728
59,49,0.0,0.004297574
59,50,0.0,0.0030160602
59,51,0.110620426907473,0.004341939
59,52,0.114851560662173,0.002971028
59,53,0.0,0.0034475548
59,54,0.0,0.0029711253
59,55,0.0,0.0029883254
59,56,0.0,0.0043024505
59,57,0.0,0.004219549
59,58,0.117887944894698,0.0029527433
59,59,0.0,0.012034055
59,60,0.0,0.0042699985
59,61,0.0,0.0035604872
59,62,0.0,0.003026113
59,63,0.0,0.004196042
59,64,0.0,0.0027330387
59,65,0.0,0.0023684087
59,66,0.0,0.002952355
59,67,0.0,0.0042868145
59,68,0.0,0.0032439572
59,69,0.0,0.0036018111
59,70,0.0,0.0043023773
59,71,0.0,0.0033973434
59,72,0.0,0.004268836
59,73,0.104172544814739,0.004342199
59,74,0.0,0.0042653773
59,75,0.0,0.00427825
59,76,0.0,0.0029697516
59,77,0.0,0.0042796712
59,78,0.0,0.0043336237
59,79,0.0,0.0030252747
59,80,0.0,0.0035186594
59,81,0.0,0.0042529646
59,82,0.0,0.0030057468
59,83,0.0,0.0029732487
59,84,0.0,0.0040626097
59,85,0.0,0.0028560215
59,86,0.0,0.004204331
59,87,0.0,0.0030229483
59,88,0.0,0.004306249
59,89,0.0,0.004260462
59,90,0.0,0.0030214824
59,91,0.0,0.0042396057
59,92,0.0,0.0033646885
59,93,0.0,0.004011866
59,94,0.0,0.004288014
59,95,0.0,0.0043088263
59,96,0.0,0.0030045249
59,97,0.0,0.004251929
59,98,0.0,0.00425121
59,99,0.0,0.0043034423
59,100,0.0,0.0038094004
60,1,0.0,0.004248064
60,2,0.0,0.0043115546
60,3,0.0,0.003564352
60,4,0.0,0.0042297207
60,5,-0.116581344158182,0.004197642
60,6,0.0,0.004188519
60,7,0.0,0.0038770377
60,8,0.0,0.0029916046
60,9,0.111907609754932,0.002725001
60,10,0.0,0.0029863399
60,11,0.0,0.0029509624
60,12,0.0,0.003073306
60,13,0.0,0.004319319
60,14,0.0,0.004236011
60,15,0.105441938911692,0.0029921317
60,16,0.0,0.0032993152
60,17,-0.118006229130792,0.0043528033
60,18,0.0,0.0042419657
60,19,0.0,0.0042906245
60,20,0.0,0.0031094605
60,21,0.0,0.0029697325
60,22,0.0,0.00299156
60,23,0.0,0.0042966865
60,24,0.0,0.0043024486
60,25,0.0,0.0029807528
60,26,0.0,0.002960402
60,27,0.0,0.004289452
60,28,0.0,0.004309231
60,29,0.0,0.0043191942
60,30,0.0,0.004329821
60,31,0.0,0.00295798
60,32,0.0,0.0029635658
60,33,0.0,0.0042046905
60,34,0.0,0.002979381
60,35,0.123276146028874,0.0030017802
60,36,0.0,0.003996814
60,37,0.0,0.0044959355
60,38,0.0,0.00429695
60,39,0.0,0.0042358153
60,40,0.0,0.0043425225
60,41,0.0,0.002977442
60,42,0.0,0.0042800345
60,43,0.0,0.0042697527
60,44,0.0,0.0042079203
60,45,0.0,0.0038530428
60,46,0.0,0.0030724895
60,47,0.0,0.0029926756
60,48,0.0,0.004202692
60,49,0.0,0.0030015614
60,50,0.0,0.0042968327
60,51,0.108215212463094,0.003642464
60,52,0.0,0.0042541157
60,53,0.0,0.0029894877
60,54,0.0,0.0042648735
60,55,0.0,0.0029724725
60,56,0.108373263922229,0.0027406234
60,57,0.0,0.0043217754
60,58,0.0,0.0037839664
60,59,0.0,0.0042845597
60,60,0.0,0.012034055
60,61,0.116421603410686,0.0030115861
60,62,0.0,0.004326746
60,63,0.0,0.0029844549
60,64,0.0,0.0029913466
60,65,0.0,0.0030179992
60,66,0.0,0.0029544276
60,67,0.0,0.004341892
60,68,0.0,0.0029786327
60,69,0.0,0.0033183089
60,70,0.0,0.0029930267
60,71,0.0,0.004118625
60,72,0.0,0.004255876
60,73,0.0,0.0042328443
60,74,0.0,0.0030105105
60,75,0.0,0.0042551085
60,76,0.0,0.0030096853
60,77,0.0,0.0035326402
60,78,0.0,0.004266709
60,79,0.0,0.004282267
60,80,0.0,0.0040760506
60,81,0.0,0.0042575393
60,82,0.0,0.0040904284
60,83,0.0,0.0029745288
60,84,0.0,0.00429181
60,85,-0.115168419992265,0.0042703142
60,86,0.0,0.002999384
60,87,0.0,0.0042357817
60,88,0.0,0.0028028628
60,89,0.0,0.004304715
60,90,0.0,0.004154127
60,91,0.119295462279446,0.0029594663
60,92,0.0,0.0043300525
60,93,0.0,0.004167758
60,94,0.0,0.0042989235
60,95,0.0,0.0030128025
60,96,0.0,0.0043369373
60,97,0.0,0.003016376
60,98,0.0,0.00296236
60,99,0.0,0.0043426002
60,100,0.0,0.0030592405
61,1,0.0,0.002964112
61,2,0.0,0.00416461
61,3,0.0,0.0036945501
61,4,0.0,0.004316306
61,5,0.0,0.0030259863
61,6,0.0,0.0043432754
61,7,0.0,0.0043055234
61,8,0.0,0.004312951
61,9,0.0,0.0043285736
61,10,0.0,0.004286281
61,11,0.0,0.0042203907
61,12,0.0,0.002425983
61,13,0.0,0.0042804666
61,14,0.0,0.0029764958
61,15,0.0,0.0029756734
61,16,0.0,0.004218854
61,17,0.0,0.004269547
61,18,0.0,0.004210651
61,19,0.0,0.003268586
61,20,-0.111791382842795,0.0029684142
61,21,0.0,0.0030523767
61,22,0.0,0.0030117799
61,23,0.0,0.004170098
61,24,-0.111306998456656,0.0029254458
61,25,0.0,0.0047560735
61,26,0.0,0.0042841136
61,27,0.0,0.0042871693
61,28,0.0,0.004242668
61,29,0.121582533274098,0.004333811
61,30,0.0,0.0029926384
61,31,0.0,0.0030243825
61,32,0.0,0.003015018
61,33,0.0,0.004327606
61,34,0.0,0.002984996
61,35,0.0,0.00429969
61,36,0.120969573781799,0.003009282
61,37,0.0,0.0029621914
61,38,0.118149057911264,0.0030175298
61,39,0.0,0.0030226186
61,40,0.0,0.0033002938
61,41,0.0,0.0029906929
61,42,0.0,0.0042452384
61,43,0.0,0.0042312816
61,44,0.0,0.004157435
61,45,0.0,0.0037224288
61,46,0.0,0.0029997798
61,47,0.128925379774349,0.0029717246
61,48,0.0,0.00423583
61,49,0.0,0.0029799817
61,50,0.0,0.0027455739
61,51,0.0,0.0029781265
61,52,0.115588873101676,0.0043094805
61,53,0.0,0.004325019
61,54,0.0,0.004303209
61,55,0.0,0.0029747682
61,56,0.0,0.003292304
61,57,0.0,0.0036833738
61,58,0.0,0.003202249
61,59,0.0,0.0031042956
61,60,0.0,0.0030090455
61,61,0.0,0.012034055
61,62,0.0,0.002957645
61,63,0.0,0.004234053
61,64,0.0,0.002962054
61,65,0.0,0.0042521283
61,66,0.0,0.0030076588
61,67,0.0,0.0030218973
61,68,0.0,0.0043350644
61,69,0.0,0.0042908955
61,70,0.113247106683005,0.0041480586
61,71,0.0,0.0030032666
61,72,0.0,0.0042574275
61,73,0.0,0.0030066771
61,74,0.0,0.004229322
61,75,0.0,0.0048372736
61,76,-0.121347054030628,0.004002345
61,77,0.0,0.0028394237
61,78,0.0,0.003309552
61,79,0.0,0.0030020159
61,80,0.0,0.002831669
61,81,0.0,0.0041664373
61,82,0.0,0.0042654537
61,83,0.0,0.0029594952
61,84,0.0,0.0042946525
61,85,0.0,0.003091054
61,86,0.120253700153591,0.0031706726
61,87,0.0,0.002988617
61,88,0.0,0.004312454
61,89,0.0,0.0029512614
61,90,0.0,0.0027535963
61,91,0.0,0.0043361215
61,92,0.0,0.003025053
61,93,0.116177279059894,0.0032106075
61,94,0.0,0.0028974754
61,95,0.0,0.0042690067
61,96,0.0,0.002966567
61,97,0.0,0.0031257968
61,98,0.0,0.004221441
61,99,0.0,0.0031918164
61,100,0.112319039090231,0.004310525
62,1,0.0,0.0029062328
62,2,0.0,0.004307384
62,3,0.0,0.002937024
62,4,0.0,0.004271454
62,5,0.0,0.0039010951
62,6,0.0,0.0036154916
62,7,0.0,0.0042787585
62,8,0.0,0.0042995783
62,9,0.0,0.003008563
62,10,0.0,0.004302798
62,11,0.0,0.0029592954
62,12,0.0,0.00298227
62,13,0.0,0.0029840656
62,14,0.0,0.002994378
62,15,0.0,0.0036316938
62,16,0.0,0.0029098978
62,17,0.0,0.004265343
62,18,0.0,0.0042441916
62,19,0.0,0.0041527636
62,20,0.0,0.002996766
62,21,0.0,0.0041834414
62,22,0.0,0.0029989816
62,23,0.0,0.00408066
62,24,-0.11458951190702,0.0030048955
62,25,0.0,0.002918992
62,26,0.0,0.002993771
62,27,0.120365577386114,0.0042593125
62,28,0.118367251460465,0.004259168
62,29,0.125168078714504,0.0043272492
62,30,0.0,0.004302069
62,31,0.0,0.004333227
62,32,0.0,0.004288134
62,33,0.0,0.0042863814
62,34,0.0,0.004284355
62,35,0.0,0.0043229098
62,36,0.0,0.004298011
62,37,0.0,0.003165361
62,38,0.0,0.004328695
62,39,0.0,0.004299811
62,40,0.0,0.004329078
62,41,0.0,0.0042274613
62,42,0.0,0.004330386
62,43,0.0,0.004272422
62,44,0.0,0.004202213
62,45,0.0,0.004306101
62,46,0.0,0.0029857876
62,47,0.0,0.004280368
62,48,0.0,0.004315388
62,49,0.0,0.004213214
62,50,0.0,0.0040273676
62,51,0.0,0.0031132358
62,52,0.0,0.0043325704
62,53,0.0,0.0033375665
62,54,0.0,0.0030243993
62,55,-0.115259947354898,0.0041827317
62,56,0.0,0.004179517
62,57,0.0,0.0029584786
62,58,0.0,0.00298913
62,59,0.0,0.0030272324
62,60,-0.116441634344791,0.004321751
62,61,-0.119793825778707,0.0029630465
62,62,0.0,0.012034055
62,63,0.0,0.00433435
62,64,0.0,0.0042793266
62,65,0.0,0.004249554
62,66,0.0,0.0040091816
62,67,0.0,0.004228575
62,68,-0.126696164259548,0.0027215725
62,69,0.115377469837432,0.0042404234
62,70,0.0,0.0029549683
62,71,0.0,0.0030233227
62,72,0.0,0.0033983598
62,73,0.0,0.0029916912
62,74,0.0,0.0029714163
62,75,0.0,0.0030073198
62,76,0.0,0.0031948872
62,77,0.0,0.0034204598
62,78,0.0,0.0029692547
62,79,0.0,0.0029922184
62,80,0.0,0.0027382676
62,81,-0.131155768346211,0.0043105925
62,82,0.0,0.004134886
62,83,0.0,0.0032185183
62,84,0.0,0.004304275
62,85,0.0,0.002975387
62,86,0.0,0.004292749
62,87,-0.129655755424066,0.0029985039
62,88,0.0,0.0042983675
62,89,0.0,0.004334727
62,90,0.0,0.003260495
62,91,0.0,0.004250111
62,92,0.0,0.0030216575
62,93,0.0,0.0043331
62,94,0.0,0.004291866
62,95,-0.126124679917009,0.004314065
62,96,0.0,0.002974772
62,97,0.0,0.0042249523
62,98,0.0,0.0042035617
62,99,0.0,0.0029695118
62,100,0.0,0.0029578556
63,1,0.0,0.0043462147
63,2,0.0,0.0041096047
63,3,0.0,0.0042688223
63,4,0.0,0.0042835306
63,5,0.0,0.004239604
63,6,0.0,0.0042686462
63,7,0.0,0.0044844868
63,8,0.0,0.004137095
63,9,0.0,0.0029747793
63,10,0.0,0.004344254
63,11,0.0,0.0034650762
63,12,0.0,0.0042612525
63,13,0.0,0.004218869
63,14,0.0,0.0042074025
63,15,0.0,0.0029524853
63,16,0.0,0.003018722
63,17,0.0,0.0029520509
63,18,0.0,0.0033113277
63,19,0.120006194495029,0.004273859
63,20,0.0,0.004182227
63,21,0.0,0.0040947422
63,22,0.0,0.0042441785
63,23,0.0,0.0041481555
63,24,0.0,0.0042649843
63,25,0.0,0.004200846
63,26,0.0,0.004278885
63,27,0.0,0.0030263998
63,28,0.0,0.0042579556
63,29,0.0,0.0032161933
63,30,0.0,0.004302101
63,31,0.0,0.004335265
63,32,0.0,0.0043310327
63,33,0.0,0.0028321666
63,34,0.0,0.00424945
63,35,0.0,0.0029577082
63,36,0.0,0.0042819935
63,37,0.118388758528673,0.0028954502
63,38,-0.120954802304287,0.0029967576
63,39,0.0,0.004232757
63,40,0.0,0.0042638946
63,41,0.0,0.004279769
63,42,0.12040079900197,0.004261464
63,43,0.0,0.0036787367
63,44,0.0,0.0031287884
63,45,0.0,0.004191041
63,46,0.0,0.0042011645
63,47,0.0,0.0042834245
63,48,0.0,0.003555141
63,49,0.122365530432486,0.003646839
63,50,0.122177784395233,0.0029725973
63,51,0.0,0.00419732
63,52,0.0,0.00425002
63,53,0.0,0.004291703
63,54,0.0,0.0043280707
63,55,0.0,0.00425882
63,56,0.0,0.002961837
63,57,0.0,0.0035056893
63,58,0.0,0.0041131265
63,59,0.0,0.0041844565
63,60,0.0,0.0029993095
63,61,0.0,0.0041915085
63,62,0.122638629291654,0.0043335664
63,63,0.359111609403044,0.012034055
63,64,0.0,0.002491337
63,65,0.0,0.0029505254
63,66,0.0,0.0030167205
63,67,0.0,0.00271793
63,68,0.0,0.004219303
63,69,0.0,0.0041629747
63,70,0.0,0.0049588755
63,71,0.0,0.002956758
63,72,0.108493898408261,0.003574448
63,73,0.0,0.004297548
63,74,0.0,0.004207365
63,75,0.108186077460337,0.004242271
63,76,0.0,0.0032070503
63,77,0.0,0.003590827
63,78,0.0,0.0043402365
63,79,0.0,0.0029666536
63,80,0.0,0.0025046838
63,81,0.0,0.004262238
63,82,0.0,0.0029990077
63,83,0.0,0.0042597074
63,84,0.0,0.003252213
63,85,0.0,0.0042689713
63,86,0.0,0.0028707555
63,87,0.114789184235366,0.004206486
63,88,0.0,0.0031027473
63,89,0.0,0.0043422715
63,90,0.0,0.003881696
63,91,0.0,0.0029208218
63,92,0.0,0.003159957
63,93,0.112738162332829,0.0029518374
63,94,0.0,0.004609986
63,95,0.0,0.0042839274
63,96,0.0,0.003757792
63,97,0.0,0.0042781057
63,98,0.0,0.0030207746
63,99,0.0,0.0029636747
63,100,0.108994135208604,0.0028610793
64,1,0.0,0.0043190196
64,2,0.0,0.0042730095
64,3,0.0,0.004300435
64,4,0.0,0.004319068
64,5,0.0,0.0029681893
64,6,0.0,0.004328654
64,7,0.0,0.0030096006
64,8,0.0,0.00430253
64,9,0.0,0.0030116607
64,10,0.0,0.0042574387
64,11,0.0,0.004310772
64,12,-0.118944915768424,0.0042739334
64,13,0.0,0.0042022746
64,14,0.0,0.003015426
64,15,0.0,0.0029924326
64,16,0.0,0.0027408102
64,17,0.0,0.0029020743
64,18,0.0,0.0029657735
64,19,0.0,0.0032196636
64,20,0.0,0.0042825732
64,21,0.0,0.00431847
64,22,0.0,0.0043066177
64,23,0.0,0.0032556404
64,24,0.0,0.0042914506
64,25,0.0,0.004323444
64,26,0.0,0.0035041368
64,27,0.0,0.004235642
64,28,0.0,0.0042910436
64,29,0.0,0.0043043126
64,30,0.0,0.0027360073
64,31,0.0,0.003072349
64,32,0.0,0.002991857
64,33,0.118602168996972,0.0043130172
64,34,0.0,0.004340817
64,35,0.0,0.004235659
64,36,0.0,0.0043363515
64,37,0.0,0.004312152
64,38,0.0,0.0030053956
64,39,-0.118036991667435,0.0029724543
64,40,0.0,0.0043291436
64,41,0.121998478185594,0.004280435
64,42,0.0,0.0042631254
64,43,0.0,0.004326948
64,44,0.0,0.0043205186
64,45,0.0,0.0030200817
64,46,0.0,0.002993806
64,47,0.129733232459086,0.0043001734
64,48,0.0,0.004301171
64,49,0.0,0.0027888631
64,50,0.120091484165374,0.0029943846
64,51,0.0,0.00428819
64,52,0.0,0.0029965108
64,53,0.0,0.0042480435
64,54,0.0,0.0029856004
64,55,0.0,0.0032226578
64,56,0.11219179994572,0.0030103875
64,57,-0.114503302965374,0.004336848
64,58,0.0,0.004299104
64,59,0.0,0.0030058157
64,60,0.0,0.0029839305
64,61,0.0,0.0029595273
64,62,0.0,0.004300491
64,63,0.0,0.0032101502
64,64,0.0,0.012034055
64,65,0.0,0.0029514239
64,66,0.0,0.0043245945
64,67,0.0,0.004335436
64,68,0.0,0.0029881326
64,69,0.0,0.0030092746
64,70,0.0,0.0042179693
64,71,0.11405790964999,0.004319277
64,72,0.0,0.0029634326
64,73,0.0,0.0042585246
64,74,0.0,0.004273574
64,75,0.0,0.0042758835
64,76,0.0,0.0033533354
64,77,0.0,0.003018117
64,78,0.0,0.0029563995
64,79,0.0,0.004251985
64,80,0.0,0.0030195122
64,81,0.0,0.0043271286
64,82,0.0,0.00278842
64,83,0.0,0.00424992
64,84,0.0,0.0030027237
64,85,0.0,0.004248012
64,86,0.0,0.0030049281
64,87,0.0,0.0042617694
64,88,0.0,0.004340208
64,89,0.0,0.004236268
64,90,0.0,0.002957585
64,91,0.0,0.002971549
64,92,0.0,0.0030035032
64,93,0.0,0.0035251507
64,94,0.0,0.0029900307
64,95,0.0,0.0029718634
64,96,0.0,0.004280337
64,97,0.0,0.00297528
64,98,0.0,0.0043414403
64,99,0.0,0.004253611
64,100,0.0,0.0029780497
65,1,0.0,0.004230818
65,2,0.0,0.0039537675
65,3,0.0,0.0028602914
65,4,0.0,0.0043031755
65,5,0.0,0.004275428
65,6,0.0,0.0042806324
65,7,0.0,0.004606656
65,8,0.0,0.002973273
65,9,0.0,0.003005351
65,10,0.114475622077034,0.004152976
65,11,0.0,0.004319545
65,12,0.0,0.0037386245
65,13,0.0,0.004308651
65,14,0.0,0.004308174
65,15,0.0,0.004123088
65,16,0.0,0.0043263324
65,17,0.0,0.004340756
65,18,0.0,0.004322664
65,19,0.0,0.004266144
65,20,0.0,0.0042830557
65,21,0.0,0.0024189383
65,22,0.0,0.0028148093
65,23,0.0,0.0042864643
65,24,0.0,0.0042245407
65,25,0.130684742708409,0.0029667276
65,26,0.106466530201194,0.0029690294
65,27,0.116158305930394,0.004172759
65,28,0.0,0.0042959386
65,29,0.0,0.0043084505
65,30,0.0,0.0029561692
65,31,0.0,0.0029879874
65,32,0.0,0.0043266723
65,33,0.0,0.0042713545
65,34,0.0,0.0028135953
65,35,0.0,0.0029526935
65,36,0.0,0.0040459866
65,37,0.0,0.0024694873
65,38,0.0,0.0042071883
65,39,0.0,0.0041992795
65,40,-0.115412371031577,0.0030079428
65,41,0.0,0.0036613573
65,42,0.0,0.0031669436
65,43,0.0,0.0030430672
65,44,0.0,0.0030469662
65,45,0.0,0.0043138973
65,46,0.0,0.004303503
65,47,0.0,0.00431701
65,48,0.0,0.004272652
65,49,0.0,0.0043261666
65,50,0.0,0.0043228
65,51,0.0,0.0029589457
65,52,0.0,0.0042766556
65,53,0.0,0.002993658
65,54,0.0,0.0035770792
65,55,0.0,0.0041938145
65,56,0.0,0.0030002128
65,57,0.0,0.004307234
65,58,0.0,0.0042924574
65,59,0.0,0.0023520011
65,60,0.0,0.0027324462
65,61,0.0,0.0042274985
65,62,0.0,0.0042522307
65,63,0.0,0.0030069207
65,64,0.0,0.0029564393
65,65,-0.460767856333405,0.012034055
65,66,0.0,0.0043309117
65,67,0.0,0.0043341266
65,68,0.0,0.0030137375
65,69,0.0,0.0042608622
65,70,0.0,0.004341589
65,71,0.0,0.003000619
65,72,0.0,0.0030153356
65,73,0.0,0.004219698
65,74,0.0,0.0030162176
65,75,0.0,0.0041243397
65,76,0.0,0.0029816832
65,77,0.0,0.0029763114
65,78,0.0,0.004327101
65,79,0.0,0.0030630399
65,80,0.0,0.0030244254
65,81,0.0,0.0029706005
65,82,0.0,0.0052647777
65,83,0.0,0.0043323603
65,84,-0.120686865722204,0.004287338
65,85,0.0,0.00429402
65,86,0.0,0.0029919837
65,87,0.0,0.0029891133
65,88,0.0,0.0042606136
65,89,0.0,0.0042752614
65,90,-0.118199663396252,0.004215412
65,91,0.0,0.0029525624
65,92,0.0,0.0043221368
65,93,0.0,0.004146263
65,94,0.108899285583006,0.0043234136
65,95,0.0,0.0029904786
65,96,0.0,0.003553111
65,97,0.0,0.003188852
65,98,0.0,0.003226592
65,99,0.0,0.002959307
65,100,0.0,0.0030613744
66,1,0.0,0.0030033179
66,2,0.0,0.0029743463
66,3,0.0,0.004315988
66,4,0.0,0.0042853355
66,5,0.0,0.004331206
66,6,0.0,0.004272635
66,7,0.0,0.0043065515
66,8,0.0,0.0041910615
66,9,0.109797937663959,0.0043263817
66,10,0.0,0.004254753
66,11,0.0,0.003302881
66,12,0.0,0.0029758886
66,13,0.0,0.0042595556
66,14,0.0,0.0043184618
66,15,0.0,0.0032629638
66,16,0.0,0.0043017683
66,17,0.0,0.004270061
66,18,0.0,0.0042480957
66,19,0.0,0.003030222
66,20,0.0,0.0029844083
66,21,0.0,0.00425045
66,22,0.0,0.0029717167
66,23,0.0,0.0036567426
66,24,0.0,0.002999437
66,25,0.0,0.0029829443
66,26,0.0,0.0030422502
66,27,0.0,0.00415466
66,28,0.0,0.004300881
66,29,0.0,0.0042639403
66,30,0.0,0.0043011615
66,31,0.0,0.003024377
66,32,0.0,0.004312571
66,33,0.0,0.004258317
66,34,0.0,0.002968336
66,35,0.0,0.0031356895
66,36,0.115367789424485,0.0030091833
66,37,0.0,0.0029862048
66,38,0.0,0.0043442855
66,39,0.0,0.0041910633
66,40,0.110787412629831,0.004331154
66,41,0.0,0.0043035815
66,42,0.0,0.002984628
66,43,0.0,0.004335716
66,44,0.112685502018739,0.004234424
66,45,0.0,0.0029695765
66,46,0.0,0.0032936684
66,47,0.0,0.0043252697
66,48,0.0,0.004204152
66,49,0.0,0.0042579016
66,50,0.0,0.0030101454
66,51,0.0,0.002980358
66,52,0.0,0.0041205976
66,53,0.116643765623318,0.0029884353
66,54,0.0,0.0029973583
66,55,0.0,0.0028052705
66,56,0.0,0.0042587435
66,57,0.108520957103566,0.0030121123
66,58,0.0,0.0029649301
66,59,0.0,0.003074425
66,60,0.0,0.0028317873
66,61,0.0,0.003004305
66,62,0.0,0.0033334568
66,63,-0.113609149993617,0.002992767
66,64,0.0,0.004323044
66,65,0.0,0.0043347906
66,66,0.0,0.012034055
66,67,0.0,0.004258138
66,68,0.0,0.0030024303
66,69,0.0,0.0042665163
66,70,0.0,0.004250018
66,71,0.0,0.0028097497
66,72,0.121957937195451,0.002956618
66,73,0.0,0.0029795538
66,74,0.0,0.0029685479
66,75,0.0,0.004238844
66,76,0.0,0.00429006
66,77,0.0,0.002753345
66,78,0.0,0.002972554
66,79,0.0,0.0043088323
66,80,0.0,0.0027406905
66,81,0.130527289949557,0.004335169
66,82,0.0,0.002987191
66,83,0.0,0.0029505384
66,84,0.0,0.0043413714
66,85,0.0,0.0043356204
66,86,0.0,0.0042372067
66,87,0.0,0.003201943
66,88,0.122886715798133,0.0041662846
66,89,-0.118440402606,0.0029593806
66,90,0.0,0.0033802812
66,91,0.0,0.0043138205
66,92,0.0,0.0030064909
66,93,0.0,0.004336925
66,94,0.0,0.0042545935
66,95,0.0,0.003009797
66,96,0.0,0.00280854
66,97,0.0,0.0030215215
66,98,0.117909408204872,0.0029671234
66,99,0.0,0.0042691575
66,100,0.0,0.0030262694
67,1,0.0,0.0041883346
67,2,0.0,0.0042932797
67,3,0.0,0.0029831072
67,4,0.0,0.0029952787
67,5,0.0,0.0029636058
67,6,0.0,0.00419797
67,7,0.0,0.0033617623
67,8,0.0,0.0032408906
67,9,0.119377661494734,0.004255385
67,10,0.0,0.002986027
67,11,-0.125060355446767,0.0041254535
67,12,0.0,0.002966515
67,13,0.0,0.0043246928
67,14,0.0,0.0043365895
67,15,0.0,0.004189359
67,16,0.0,0.0041917153
67,17,0.0,0.0042084586
67,18,0.0,0.0031180382
67,19,0.0,0.0042704837
67,20,0.0,0.004221117
67,21,0.0,0.0029952358
67,22,0.0,0.0043117697
67,23,0.0,0.004089579
67,24,-0.115414341116209,0.0042711375
67,25,0.0,0.0030214656
67,26,0.0,0.004228091
67,27,0.0,0.0025038142
67,28,0.0,0.0034357586
67,29,0.0,0.0042911014
67,30,0.0,0.0030808132
67,31,0.0,0.0029537622
67,32,0.0,0.0042478014
67,33,0.0,0.004335262
67,34,0.0,0.0029961094
67,35,0.0,0.0042432696
67,36,0.0,0.0037440453
67,37,0.0,0.0029571573
67,38,0.122508879597893,0.0027806824
67,39,0.0,0.004273045
67,40,0.0,0.0030022254
67,41,0.0,0.0029794849
67,42,0.0,0.0029652542
67,43,0.0,0.0030149342
67,44,0.0,0.002951956
67,45,0.0,0.0029584528
67,46,0.0,0.0029952172
67,47,-0.133682858815098,0.0029924195
67,48,0.0,0.00427569
67,49,0.0,0.0036776033
67,50,0.0,0.0029822094
67,51,0.0,0.004260055
67,52,0.0,0.002869594
67,53,0.0,0.0043345257
67,54,0.0,0.0042889277
67,55,0.0,0.004329378
67,56,0.0,0.0043229484
67,57,0.0,0.003439063
67,58,0.0,0.0042742463
67,59,0.0,0.0042875744
67,60,0.0,0.004340835
67,61,0.0,0.0034300264
67,62,0.0,0.004231572
67,63,0.12352139702433,0.00302599
67,64,0.0,0.0043306826
67,65,0.0,0.004334094
67,66,0.0,0.0042289626
67,67,0.823498027399182,0.012034055
67,68,0.0,0.004242059
67,69,0.0,0.0041140094
67,70,0.0,0.0043271757
67,71,0.0,0.0029987702
67,72,0.0,0.004265476
67,73,0.0,0.004211778
67,74,0.0,0.0042755334
67,75,0.0,0.0029812492
67,76,0.0,0.0042713117
67,77,0.0,0.004276842
67,78,0.0,0.002962349
67,79,0.0,0.0035388565
67,80,0.114053712413483,0.0029704338
67,81,0.0,0.004338052
67,82,0.0,0.004316735
67,83,0.106991991354092,0.0029919334
67,84,0.0,0.0043296614
67,85,0.0,0.0029035294
67,86,0.0,0.0031942553
67,87,0.0,0.0030162884
67,88,0.0,0.0027230608
67,89,0.0,0.002952792
67,90,0.0,0.0029681814
67,91,0.0,0.0042814333
67,92,0.0,0.0043234145
67,93,0.0,0.0029529908
67,94,0.0,0.0029859683
67,95,0.0,0.004264446
67,96,0.0,0.0029725586
67,97,0.0,0.0042246766
67,98,0.0,0.0033337923
67,99,0.105097177429115,0.003832662
67,100,-0.108851241954206,0.00429394
68,1,0.0,0.0042466708
68,2,0.0,0.0042390656
68,3,0.0,0.0029608584
68,4,0.0,0.0042940853
68,5,0.0,0.0029738583
68,6,0.0,0.004280898
68,7,0.0,0.0041311905
68,8,0.0,0.0036270055
68,9,0.0,0.0043887096
68,10,0.0,0.0043197465
68,11,0.0,0.0033212793
68,12,0.0,0.0042978916
68,13,0.0,0.0042556766
68,14,0.0,0.0023976297
68,15,0.0,0.0042718574
68,16,0.0,0.004340682
68,17,0.0,0.004336034
68,18,0.0,0.0030259974
68,19,0.0,0.004280068
68,20,0.0,0.0029306705
68,21,0.0,0.0030042734
68,22,0.0,0.002968219
68,23,0.0,0.0037146122
68,24,0.0,0.0042715995
68,25,0.0,0.002963374
68,26,-0.101583113343877,0.0034084166
68,27,0.0,0.004301334
68,28,0.0,0.004267903
68,29,0.0,0.0029547233
68,30,0.0,0.0029662135
68,31,0.0,0.0024805123
68,32,0.0,0.0042986115
68,33,0.0,0.004177619
68,34,0.0,0.0030091144
68,35,0.0,0.0029595548
68,36,0.0,0.002957761
68,37,0.0,0.002910913
68,38,0.0,0.0030187182
68,39,0.0,0.003372671
68,40,0.0,0.0031566736
68,41,0.0,0.0042885533
68,42,0.111484707519476,0.004318718
68,43,0.0,0.0042874133
68,44,0.0,0.004247548
68,45,0.0,0.0028492652
68,46,0.0,0.0043425485
68,47,0.0,0.0030984764
68,48,0.0,0.0042650793
68,49,0.0,0.0029605373
68,50,0.0,0.0042440183
68,51,0.0,0.0027552517
68,52,0.0,0.004340833
68,53,0.0,0.00297088
68,54,0.0,0.004311942
68,55,0.0,0.0030084113
68,56,0.0,0.0029555138
68,57,0.107865851821989,0.004313513
68,58,0.0,0.002963977
68,59,0.0,0.003128272
68,60,0.0,0.0029846802
68,61,0.0,0.004332782
68,62,0.113556818812688,0.003026843
68,63,0.0,0.0042361487
68,64,0.0,0.003004998
68,65,0.0,0.0030099591
68,66,0.0,0.0030186996
68,67,0.0,0.0042476505
68,68,0.0,0.012034055
68,69,0.0,0.0029256316
68,70,0.0,0.0053349594
68,71,0.0,0.003116392
68,72,0.0,0.00296086
68,73,0.0,0.0029942608
68,74,0.0,0.0043415097
68,75,0.0,0.004236888
68,76,0.123981641531467,0.0027285935
68,77,0.0,0.002721389
68,78,0.0,0.0043173246
68,79,0.0,0.0030142823
68,80,0.0,0.0029645916
68,81,0.0,0.0042508636
68,82,0.0,0.0029755854
68,83,0.0,0.0027764156
68,84,0.0,0.004229501
68,85,0.0,0.0043084677
68,86,0.0,0.0029837564
68,87,0.0,0.004228737
68,88,0.0,0.0042659566
68,89,0.0,0.0038671014
68,90,0.0,0.004173547
68,91,0.118444045914851,0.0042907503
68,92,0.0,0.0029712897
68,93,-0.118699624655655,0.0042130537
68,94,0.0,0.004272838
68,95,0.0,0.004331327
68,96,0.0,0.0030264277
68,97,0.0,0.0029505575
68,98,0.0,0.0029678573
68,99,0.0,0.0029911129
68,100,-0.114757617750893,0.002991573
69,1,0.0,0.004229872
69,2,0.0,0.0029705097
69,3,0.0,0.0029548737
69,4,0.0,0.0042260885
69,5,0.0,0.0029716915
69,6,0.0,0.0029577657
69,7,0.0,0.0042966083
69,8,0.0,0.0029837498
69,9,0.0,0.0043049213
69,10,0.0,0.0042899894
69,11,0.0,0.00345161
69,12,0.0,0.004344072
69,13,0.0,0.0043266406
69,14,0.0,0.0029584223
69,15,0.0,0.0030022748
69,16,0.0,0.0038358336
69,17,0.0,0.0034316469
69,18,0.0,0.002963136
69,19,-0.116932350750805,0.0043171598
69,20,0.0,0.0026764357
69,21,0.0,0.0039053662
69,22,0.0,0.0029614514
69,23,0.0,0.004333214
69,24,0.0,0.0043319818
69,25,0.0,0.0035361028
69,26,0.0,0.00432882
69,27,0.0,0.0029654172
69,28,0.0,0.0042473506
69,29,0.0,0.00449235
69,30,0.0,0.002842524
69,31,0.0,0.0043393243
69,32,0.0,0.0030116048
69,33,0.0,0.0042140055
69,34,0.0,0.002974851
69,35,0.0,0.0043004844
69,36,0.0,0.004152246
69,37,0.0,0.0043222774
69,38,0.0,0.0043425006
69,39,0.0,0.0029882723
69,40,0.0,0.004335336
69,41,0.0,0.00419477
69,42,0.0,0.0029643876
69,43,0.0,0.0029780422
69,44,0.117864628755173,0.004328913
69,45,0.0,0.003656505
69,46,0.0,0.004345256
69,47,0.0,0.002984332
69,48,0.0,0.0033071921
69,49,0.119231254557717,0.0030138325
69,50,0.0,0.0030230805
69,51,0.0,0.0024793786
69,52,0.0,0.0043345974
69,53,0.0,0.004294756
69,54,0.0,0.0029764036
69,55,0.0,0.0029534865
69,56,0.0,0.0043391525
69,57,0.0,0.0029629543
69,58,0.0,0.004319152
69,59,0.0,0.0031514908
69,60,0.0,0.0032691637
69,61,0.0,0.0042903917
69,62,0.0,0.0042639887
69,63,0.0,0.0042121764
69,64,0.0,0.0030187294
69,65,-0.115320434621305,0.004277963
69,66,0.0,0.0042616082
69,67,0.0,0.0041608773
69,68,0.0,0.0027927388
69,69,0.0,0.012034055
69,70,0.0,0.0041474653
69,71,0.0,0.0043075047
69,72,0.0,0.0042519793
69,73,0.0,0.003002705
69,74,0.0,0.0037927516
69,75,0.0,0.004325705
69,76,-0.112905455266095,0.004314286
69,77,0.0,0.0042307395
69,78,0.0,0.0041068383
69,79,0.0,0.004321102
69,80,0.0,0.003664168
69,81,0.0,0.004220484
69,82,0.0,0.004316754
69,83,0.102720458799494,0.0030224025
69,84,0.0,0.0030233972
69,85,0.0,0.0030157221
69,86,0.0,0.004251864
69,87,0.0,0.0042978153
69,88,0.0,0.0027809758
69,89,0.0,0.004330285
69,90,0.0,0.004253246
69,91,0.0,0.00295989
69,92,0.0,0.0039201207
69,93,0.0,0.0042603854
69,94,0.0,0.002950345
69,95,0.0,0.0030150553
69,96,0.0,0.004166875
69,97,0.0,0.0030097188
69,98,0.0,0.004253071
69,99,0.0,0.0042328537
69,100,0.0,0.0029749125
70,1,0.0,0.004236508
70,2,0.0,0.0029918002
70,3,0.0,0.0029816004
70,4,0.0,0.004248334
70,5,0.0,0.004300516
70,6,0.0,0.0024032642
70,7,0.0,0.0043014605
70,8,0.0,0.0031332488
70,9,0.0,0.0029803142
70,10,-0.111700646555283,0.0030215476
70,11,0.0,0.0030156346
70,12,0.0,0.004253149
70,13,0.0,0.0043069115
70,14,0.0,0.0043100864
70,15,0.0,0.004243193
70,16,0.0,0.0040138005
70,17,0.0,0.002896453
70,18,0.0,0.0030152695
70,19,0.0,0.004344036
70,20,0.0,0.004421212
70,21,0.0,0.004254504
70,22,0.0,0.0029728278
70,23,0.0,0.004225174
70,24,0.0,0.0042458214
70,25,0.0,0.004311819
70,26,0.0,0.0043374235
70,27,-0.113342540881413,0.002746479
70,28,0.0,0.004239451
70,29,0.0,0.004394543
70,30,0.0,0.002981821
70,31,0.0,0.0043181377
70,32,0.0,0.004302549
70,33,0.0,0.003522245
70,34,0.0,0.0043421467
70,35,0.0,0.004343257
70,36,0.0,0.0028180748
70,37,0.0,0.0029580507
70,38,0.0,0.0043102754
70,39,0.0,0.0029647192
70,40,0.0,0.002962378
70,41,0.0,0.004317342
70,42,0.0,0.004281045
70,43,0.0,0.0029585313
70,44,0.0,0.002969379
70,45,0.0,0.004254114
70,46,0.0,0.004246719
70,47,0.0,0.0030142032
70,48,0.118956213252905,0.0029563429
70,49,0.0,0.0030221716
70,50,0.0,0.0042403415
70,51,0.107926351987278,0.0041771457
70,52,0.0,0.004273461
70,53,0.0,0.0029550106
70,54,0.117004161474662,0.0042926576
70,55,0.0,0.0042845784
70,56,0.0,0.0030118395
70,57,0.0,0.0029503154
70,58,0.0,0.0042944457
70,59,0.0,0.0043191323
70,60,0.0,0.0029805838
70,61,0.0,0.004188588
70,62,0.0,0.0031037566
70,63,-0.115482965777999,0.0034857835
70,64,0.0,0.0042314194
70,65,0.0,0.004343477
70,66,0.0,0.0042657936
70,67,0.0,0.0043344023
70,68,0.0,0.0040424746
70,69,0.0,0.0035823295
70,70,0.0,0.012034055
70,71,0.0,0.0043328973
70,72,0.0,0.0043134764
70,73,0.0,0.0043466934
70,74,0.109413258413998,0.0029713279
70,75,-0.111597379902672,0.0042930227
70,76,0.0,0.0030074017
70,77,0.0,0.004325554
70,78,0.11600381018522,0.004312591
70,79,0.0,0.003258112
70,80,0.0,0.004238218
70,81,0.0,0.0037090476
70,82,0.0,0.004299067
70,83,0.0,0.0029861005
70,84,0.0,0.0043229787
70,85,0.0,0.0042283833
70,86,0.0,0.0030134693
70,87,0.0,0.004240876
70,88,0.0,0.0033108213
70,89,0.0,0.0028400833
70,90,0.0,0.0041366816
70,91,0.0,0.004345924
70,92,0.0,0.0029566998
70,93,0.0,0.0042644367
70,94,0.0,0.0042484663
70,95,0.0,0.0043110657
70,96,0.0,0.0030010697
70,97,0.0,0.0041931644
70,98,0.0,0.0037152418
70,99,0.0,0.0030004382
70,100,0.0,0.0029820967
71,1,0.0,0.0042930506
71,2,-0.117316582135388,0.003001717
71,3,-0.112075566865033,0.0042326283
71,4,0.0,0.0029626125
71,5,0.0,0.0027946674
71,6,0.0,0.0029757326
71,7,0.0,0.0042472985
71,8,0.0,0.0030123126
71,9,0.0,0.0035477441
71,10,0.0,0.0041704606
71,11,0.0,0.0029681344
71,12,0.0,0.004264906
71,13,0.0,0.0029833
71,14,0.0,0.0029972373
71,15,0.0,0.004319946
71,16,0.0,0.004322527
71,17,0.0,0.0029558986
71,18,0.0,0.004340582
71,19,0.0,0.0042541055
71,20,0.0,0.0042098425
71,21,0.0,0.0042055473
71,22,0.0,0.0029396252
71,23,0.0,0.0030195843
71,24,0.0,0.00429134
71,25,0.0,0.004258724
71,26,0.0,0.0029848032
71,27,0.0,0.00432844
71,28,0.0,0.0043066675
71,29,0.0,0.004307109
71,30,0.0,0.0029754024
71,31,0.117910882976146,0.0034157457
71,32,0.0,0.0043300455
71,33,0.0,0.004585766
71,34,0.0,0.002900301
71,35,0.0,0.004234515
71,36,0.0,0.0030221678
71,37,0.0,0.004207414
71,38,0.0,0.0030458975
71,39,0.0,0.003627028
71,40,0.0,0.0029797885
71,41,0.0,0.0043310476
71,42,0.0,0.0033330398
71,43,-0.113931211003926,0.003136591
71,44,0.0,0.004300778
71,45,0.0,0.00287531
71,46,0.0,0.00425418
71,47,0.0,0.0029752022
71,48,0.0,0.0029513466
71,49,0.0,0.004178161
71,50,-0.117255224195742,0.002950911
71,51,-0.109382354620749,0.0042093582
71,52,0.0,0.0029920246
71,53,-0.120167193948997,0.0043409686
71,54,0.0,0.0043371264
71,55,0.0,0.0042804526
71,56,0.0,0.004271738
71,57,0.0,0.0042937556
71,58,0.0,0.0042984374
71,59,0.0,0.0031683866
71,60,0.0,0.0040986985
71,61,0.0,0.0030114027
71,62,0.0,0.0030124057
71,63,0.0,0.002953607
71,64,0.0,0.0043119173
71,65,0.0,0.0029941984
71,66,0.0,0.0030580736
71,67,0.0,0.0029923879
71,68,0.0,0.003021961
71,69,0.0,0.0043029087
71,70,0.0,0.0043271435
71,71,0.0,0.012034055
71,72,0.0,0.004310155
71,73,0.0,0.0041937362
71,74,0.0,0.00430995
71,75,0.0,0.0029941155
71,76,0.0,0.0043031927
71,77,0.0,0.004269287
71,78,0.0,0.003014259
71,79,0.0,0.0029873196
71,80,0.0,0.002356084
71,81,0.0,0.0043307603
71,82,0.0,0.0043372335
71,83,0.0,0.004290011
71,84,0.0,0.0029699965
71,85,0.0,0.0029870532
71,86,0.0,0.0042622555
71,87,0.0,0.004753261
71,88,0.0,0.004174752
71,89,0.0,0.0030166218
71,90,0.0,0.0029903902
71,91,0.115651279854923,0.0043192743
71,92,0.0,0.004346204
71,93,0.0,0.0038621067
71,94,-0.110631422308247,0.004247207
71,95,0.0,0.004329482
71,96,0.0,0.0028126258
71,97,0.0,0.0042869495
71,98,0.0,0.004314179
71,99,0.0,0.0034408574
71,100,0.0,0.0030245353
72,1,0.0,0.004280192
72,2,0.0,0.0030608773
72,3,0.0,0.0029719458
72,4,0.0,0.004303516
72,5,-0.112768665599693,0.0030124122
72,6,0.0,0.0042730244
72,7,0.0,0.0029504634
72,8,0.0,0.004342187
72,9,0.0,0.0029751644
72,10,0.0,0.002956519
72,11,0.0,0.0029751896
72,12,0.0,0.0030153063
72,13,0.0,0.003511189
72,14,0.0,0.0029508797
72,15,0.0,0.004264106
72,16,0.0,0.004272703
72,17,0.0,0.0029775677
72,18,0.0,0.0024843507
72,19,0.0,0.003001091
72,20,0.0,0.004280772
72,21,0.0,0.004305785
72,22,0.0,0.0041478127
72,23,0.0,0.0030262582
72,24,0.0,0.0029772338
72,25,0.0,0.003008034
72,26,0.0,0.0042740228
72,27,0.0,0.0029744692
72,28,0.0,0.0030003395
72,29,0.0,0.0043271948
72,30,0.0,0.004326814
72,31,0.0,0.004281773
72,32,0.0,0.002990556
72,33,0.0,0.0030130986
72,34,0.0,0.004343112
72,35,0.0,0.0030049942
72,36,0.0,0.002955236
72,37,0.0,0.0042663533
72,38,0.0,0.0043234983
72,39,0.0,0.0029901927
72,40,0.0,0.004240729
72,41,0.0,0.0029627602
72,42,0.110578261235729,0.0042864196
72,43,0.0,0.004314334
72,44,0.0,0.004330589
72,45,0.0,0.0043401546
72,46,0.0,0.0029961849
72,47,0.0,0.004265055
72,48,0.0,0.0029878793
72,49,0.0,0.0029625047
72,50,0.0,0.0029624284
72,51,0.0,0.0032695036
72,52,0.0,0.0042833583
72,53,0.0,0.0042801453
72,54,0.0,0.0029866593
72,55,0.0,0.004130598
72,56,0.0,0.002990272
72,57,0.0,0.004292126
72,58,0.0,0.004323467
72,59,0.108709162220247,0.0042903367
72,60,0.0,0.004265518
72,61,0.0,0.0042639915
72,62,0.0,0.0028490792
72,63,0.0,0.0028854837
72,64,0.0,0.0029644524
72,65,0.0,0.002995234
72,66,0.0,0.00295618
72,67,0.0,0.0042871404
72,68,0.0,0.0029560286
72,69,0.0,0.004259725
72,70,0.106061634672935,0.004308023
72,71,0.0,0.0043166718
72,72,0.0,0.012034055
72,73,0.0,0.0029383432
72,74,0.0,0.0029523196
72,75,0.0,0.0042063985
72,76,0.0,0.0036235368
72,77,0.0,0.0027350415
72,78,0.0,0.0043119583
72,79,0.0,0.0043271957
72,80,0.0,0.0029889848
72,81,0.0,0.0042153206
72,82,0.0,0.0043352805
72,83,0.0,0.004311944
72,84,0.0,0.004299039
72,85,0.0,0.0023578722
72,86,0.0,0.0042534545
72,87,0.0,0.0042408984
72,88,0.0,0.0029720902
72,89,0.0,0.0042345487
72,90,0.0,0.0043263608
72,91,0.0,0.0030031148
72,92,0.0,0.004246261
72,93,0.0,0.004282944
72,94,0.0,0.003137138
72,95,0.0,0.0029688538
72,96,0.0,0.004325784
72,97,0.0,0.0042531807
72,98,0.0,0.004301942
72,99,0.0,0.0042608753
72,100,0.0,0.0030050687
73,1,0.0,0.003254398
73,2,0.0,0.0043227538
73,3,0.0,0.002983638
73,4,0.0,0.0029698056
73,5,-0.112287718381724,0.0042928755
73,6,-0.100268528830132,0.0030222554
73,7,0.0,0.004261343
73,8,0.0,0.004298159
73,9,0.0,0.0041820463
73,10,0.0,0.004297414
73,11,0.0,0.0029577522
73,12,0.0,0.0029934132
73,13,0.0,0.0042852126
73,14,0.0,0.002982987
73,15,0.0,0.00299154
73,16,0.0,0.002973904
73,17,0.0,0.004266424
73,18,0.0,0.002764529
73,19,0.0,0.0029964028
73,20,0.0,0.0029845228
73,21,0.0,0.002998298
73,22,0.0,0.004310501
73,23,0.0,0.0029708259
73,24,0.0,0.0029966636
73,25,0.0,0.0029716766
73,26,0.0,0.0029834174
73,27,-0.109460382647365,0.003001731
73,28,0.0,0.0043378477
73,29,0.0,0.0043132594
73,30,0.0,0.0042458866
73,31,0.0,0.0042004455
73,32,0.0,0.004724469
73,33,0.0,0.0031669424
73,34,0.0,0.004335155
73,35,0.0,0.0030115498
73,36,0.0,0.0042000357
73,37,0.0,0.0032617785
73,38,0.110613292471978,0.004343843
73,39,0.0,0.002969521
73,40,0.0,0.004337251
73,41,0.0,0.0029541398
73,42,0.0,0.002996412
73,43,0.0,0.0030132364
73,44,0.0,0.0029677134
73,45,0.0,0.004308013
73,46,0.0,0.004260987
73,47,0.0,0.0043324935
73,48,0.0,0.002979009
73,49,0.0,0.0043665613
73,50,0.0,0.0032578288
73,51,0.0,0.0029669479
73,52,0.0,0.0028255105
73,53,0.0,0.0042859362
73,54,-0.112996587042728,0.004303521
73,55,0.0,0.0029669367
73,56,0.0,0.003017757
73,57,0.0,0.004285707
73,58,0.0,0.0029943343
73,59,0.0,0.004344132
73,60,0.0,0.00426636
73,61,0.0,0.002988604
73,62,0.0,0.0029689292
73,63,0.0,0.0043206145
73,64,0.0,0.0042741457
73,65,0.0,0.0042729983
73,66,0.0,0.0029703025
73,67,0.0,0.004268579
73,68,0.0,0.002972966
73,69,0.0,0.002985322
73,70,0.0,0.0043466957
73,71,0.0,0.0042474642
73,72,0.0,0.0030271858
73,73,0.0,0.012034055
73,74,0.0,0.004305549
73,75,0.0,0.004288939
73,76,0.0,0.0030176193
73,77,0.0,0.0043351655
73,78,0.114269695616095,0.0042685727
73,79,0.0,0.0029939339
73,80,0.0,0.0042461194
73,81,0.0,0.004315307
73,82,0.110413756989093,0.004257338
73,83,0.0,0.0029660757
73,84,0.0,0.003015311
73,85,0.0,0.003938641
73,86,0.0,0.0043271147
73,87,0.0,0.0042042863
73,88,0.0,0.0043378696
73,89,-0.107062297677511,0.004298575
73,90,0.0,0.0043215547
73,91,0.0,0.0030064424
73,92,0.0,0.004285733
73,93,0.0,0.00419512
73,94,0.0,0.0029838858
73,95,0.0,0.004316327
73,96,0.0,0.0030067675
73,97,0.0,0.0030146032
73,98,0.0,0.004218409
73,99,-0.106930656679269,0.00431639
73,100,-0.110750212967116,0.00423499
74,1,0.0,0.0029505296
74,2,0.0,0.0030082092
74,3,0.0,0.002413862
74,4,-0.114364466218942,0.004265015
74,5,0.0,0.0042967815
74,6,0.0,0.0030160176
74,7,0.0,0.0030047297
74,8,0.0,0.0029624887
74,9,0.109887774038138,0.004299064
74,10,0.0,0.004313926
74,11,0.0,0.004308719
74,12,0.0,0.0031178205
74,13,0.110374814451631,0.0029797107
74,14,0.0,0.00429147
74,15,0.0,0.003015696
74,16,0.0,0.004316018
74,17,0.115876318600806,0.002986827
74,18,0.0,0.0029789913
74,19,0.0,0.0031893856
74,20,0.0,0.0043262728
74,21,0.0,0.0030219182
74,22,0.0,0.0029996186
74,23,0.0,0.0029934924
74,24,0.0,0.0029693427
74,25,0.0,0.0029644398
74,26,0.0,0.003596309
74,27,0.0,0.004306806
74,28,0.0,0.002925026
74,29,0.0,0.004317758
74,30,0.0,0.0028162207
74,31,0.0,0.0042515155
74,32,0.0,0.0029541194
74,33,0.0,0.0043038665
74,34,0.0,0.0030047372
74,35,0.0,0.0038816417
74,36,0.0,0.0043414906
74,37,0.0,0.0029979488
74,38,0.0,0.0043078386
74,39,0.0,0.004308254
74,40,0.0,0.004299797
74,41,0.0,0.004310593
74,42,0.0,0.004346182
74,43,0.0,0.004321037
74,44,0.0,0.0043011326
74,45,0.0,0.0029912079
74,46,0.0,0.0028813893
74,47,0.0,0.0043197423
74,48,0.0,0.0043258127
74,49,0.0,0.0043295743
74,50,0.0,0.0029789065
74,51,0.0,0.0030158637
74,52,0.0,0.004337961
74,53,0.0,0.0029539375
74,54,0.0,0.0027324674
74,55,0.0,0.0042633153
74,56,0.0,0.002987097
74,57,0.0,0.003006206
74,58,0.0,0.00302018
74,59,0.0,0.0042952662
74,60,0.0,0.002994935
74,61,0.0,0.004251713
74,62,0.0,0.0029593988
74,63,0.0,0.0042649033
74,64,0.0,0.004280119
74,65,0.0,0.0029887203
74,66,0.0,0.0029642028
74,67,0.0,0.004301115
74,68,0.0,0.004343193
74,69,0.0,0.0033332582
74,70,0.0,0.0029718662
74,71,0.0,0.004320322
74,72,0.0,0.0029506893
74,73,0.0,0.004301168
74,74,0.0,0.012034055
74,75,0.0,0.004272583
74,76,0.0,0.00305208
74,77,0.0,0.003238128
74,78,0.0,0.004311464
74,79,0.0,0.002994203
74,80,0.0,0.00421861
74,81,-0.115608469501996,0.0042852964
74,82,0.0,0.0029580288
74,83,0.0,0.0042946637
74,84,0.0,0.0029581697
74,85,0.0,0.0041907765
74,86,-0.116182651862124,0.00414801
74,87,0.0,0.004269597
74,88,0.0,0.0029606116
74,89,0.0,0.0042825453
74,90,0.0,0.0029739616
74,91,0.0,0.004226908
74,92,0.0,0.0029516318
74,93,0.112244233234111,0.0043331133
74,94,0.0,0.002971779
74,95,0.0,0.0029920153
74,96,0.0,0.004248962
74,97,-0.108838603138207,0.003025204
74,98,0.0,0.0029632938
74,99,0.0,0.0041721333
74,100,0.0,0.004276517
75,1,0.0,0.0043280907
75,2,0.0,0.00423358
75,3,0.0,0.002982106
75,4,0.0,0.0035435124
75,5,0.0,0.0029860141
75,6,0.0,0.0031140964
75,7,0.0,0.0043230653
75,8,0.0,0.0029659905
75,9,0.0,0.0029780073
75,10,0.0,0.003007929
75,11,0.0,0.0043210364
75,12,0.0,0.004187029
75,13,0.0,0.0029867664
75,14,0.0,0.002824854
75,15,0.0,0.004241504
75,16,0.0,0.0029639085
75,17,0.0,0.0043453416
75,18,0.0,0.00424329
75,19,0.0,0.004238805
75,20,-0.112350026288481,0.0042522065
75,21,0.0,0.0029504541
75,22,0.0,0.0032867251
75,23,0.0,0.004342998
75,24,0.0,0.0030103764
75,25,0.0,0.0030273385
75,26,0.0,0.0043048486
75,27,0.0,0.0029864032
75,28,0.0,0.0043179384
75,29,0.0,0.0043361434
75,30,0.0,0.003310334
75,31,0.0,0.004342327
75,32,0.0,0.004339339
75,33,0.0,0.0042942455
75,34,0.0,0.0029994203
75,35,0.0,0.0029863808
75,36,0.0,0.004319564
75,37,0.0,0.002959298
75,38,0.0,0.0042685745
75,39,0.0,0.002985089
75,40,0.0,0.0028380714
75,41,0.0,0.004337509
75,42,0.0,0.004294715
75,43,0.0,0.0043133097
75,44,0.0,0.00452671
75,45,0.0,0.004178945
75,46,0.0,0.0043230895
75,47,0.0,0.0030081654
75,48,0.0,0.004310839
75,49,0.0,0.003329657
75,50,0.0,0.0043145255
75,51,0.0,0.004327689
75,52,0.0,0.0029266272
75,53,0.0,0.0042378455
75,54,0.0,0.004184274
75,55,0.0,0.0029913737
75,56,0.0,0.004249016
75,57,0.0,0.004273871
75,58,0.0,0.0029795906
75,59,0.0,0.0042912615
75,60,0.0,0.004255113
75,61,0.0,0.0049598105
75,62,0.0,0.0029937215
75,63,0.0,0.0042681796
75,64,0.0,0.0042641535
75,65,0.0,0.004163865
75,66,0.111528357839718,0.0042291135
75,67,0.12125905852623,0.0029737195
75,68,-0.110855097870247,0.0042515676
75,69,0.0,0.0043251305
75,70,0.0,0.004276771
75,71,0.0,0.002989702
75,72,0.109953770739965,0.004189756
75,73,0.0,0.004264867
75,74,0.0,0.004251752
75,75,0.0,0.012034055
75,76,0.0,0.0029937802
75,77,0.108357235538022,0.0034227376
75,78,0.0,0.0028416566
75,79,0.110163450948368,0.0029947693
75,80,0.0,0.004238948
75,81,0.0,0.0043029003
75,82,0.0,0.004299718
75,83,0.0,0.0043329783
75,84,0.0,0.0042986292
75,85,0.0,0.0030064853
75,86,0.0,0.004269602
75,87,0.0,0.0029827338
75,88,0.111013888425296,0.0029795961
75,89,0.0,0.004292166
75,90,0.0,0.0030179843
75,91,0.0,0.0029811515
75,92,0.0,0.0029839715
75,93,0.0,0.0035424477
75,94,0.0,0.004309195
75,95,0.0,0.003196053
75,96,-0.112508884421099,0.0043232027
75,97,0.0,0.0043260735
75,98,0.0,0.0042679803
75,99,0.0,0.004323426
75,100,0.0,0.0042488333
76,1,0.0,0.002968832
76,2,0.0,0.0029681134
76,3,0.0,0.002955895
76,4,0.0,0.0029786266
76,5,0.0,0.0043387953
76,6,0.0,0.0030081253
76,7,0.0,0.0029885862
76,8,0.0,0.0042972695
76,9,0.0,0.003023347
76,10,0.0,0.00250243
76,11,0.0,0.0029925322
76,12,0.0,0.004318853
76,13,-0.112360805684512,0.0043277484
76,14,0.0,0.0029570293
76,15,0.0,0.003737689
76,16,0.0,0.002739041
76,17,0.0,0.0030007986
76,18,0.0,0.0030043777
76,19,0.0,0.004266208
76,20,0.0,0.002977203
76,21,0.0,0.004325618
76,22,0.0,0.004341683
76,23,0.0,0.0030158954
76,24,0.0,0.0043257577
76,25,0.0,0.0029691309
76,26,0.0,0.002973021
76,27,0.0,0.0030110609
76,28,0.0,0.004279823
76,29,-0.118135292278869,0.00429317
76,30,0.0,0.0028571128
76,31,0.0,0.004279375
76,32,0.0,0.0030232768
76,33,-0.114521831199707,0.0043093483
76,34,0.0,0.0029932614
76,35,0.0,0.004298581
76,36,0.0,0.0024442528
76,37,0.0,0.0043236697
76,38,-0.114799166565759,0.004287543
76,39,0.0,0.0029682522
76,40,0.0,0.0043317117
76,41,0.0,0.00429105
76,42,0.0,0.0032979355
76,43,0.0,0.004318508
76,44,-0.114806927734967,0.0029614805
76,45,0.0,0.0042591207
76,46,0.110936942356547,0.004340445
76,47,0.0,0.0042918287
76,48,0.0,0.0029665907
76,49,0.0,0.004287714
76,50,0.0,0.0030251853
76,51,0.0,0.0029572337
76,52,0.0,0.0043423334
76,53,0.0,0.0029839166
76,54,0.0,0.004323412
76,55,0.0,0.004315436
76,56,0.0,0.0035212326
76,57,0.0,0.0042361375
76,58,0.0,0.0031823565
76,59,0.0,0.0029609837
76,60,0.0,0.0030010762
76,61,0.0,0.004062186
76,62,0.0,0.0028596646
76,63,0.0,0.0030262377
76,64,0.0,0.0033976373
76,65,0.0,0.0029699286
76,66,0.107827349431742,0.0042925123
76,67,0.0,0.004292419
76,68,0.0,0.0030110683
76,69,0.0,0.0043174694
76,70,0.0,0.0030171368
76,71,0.0,0.004311603
76,72,0.0,0.0035845975
76,73,0.0,0.0027549136
76,74,0.0,0.0040323026
76,75,0.0,0.0029871203
76,76,0.0,0.012034055
76,77,0.0,0.004112595
76,78,0.0,0.0042776996
76,79,0.0,0.004314255
76,80,0.126230386832119,0.0029599385
76,81,0.0,0.004264731
76,82,0.0,0.004335369
76,83,0.0,0.0029583634
76,84,0.0,0.00352551
76,85,0.0,0.0042775096
76,86,0.0,0.00412987
76,87,0.0,0.004278523
76,88,0.0,0.0029061944
76,89,0.0,0.0029743812
76,90,0.129103747045414,0.004309235
76,91,0.0,0.004342704
76,92,0.131148536364412,0.004188795
76,93,0.0,0.004207777
76,94,0.118945396419635,0.0033864803
76,95,0.0,0.0033181664
76,96,0.0,0.0042903684
76,97,0.120829956444563,0.0042753927
76,98,0.0,0.0032314728
76,99,0.0,0.0042839674
76,100,0.0,0.0029547138
77,1,0.0,0.004263661
77,2,0.0,0.004289123
77,3,0.0,0.0031350767
77,4,0.0,0.0043951427
77,5,0.0,0.004321038
77,6,0.0,0.004223181
77,7,0.0,0.0032207025
77,8,0.0,0.002457478
77,9,0.0,0.002980459
77,10,0.0,0.004233096
77,11,0.0,0.0043352447
77,12,0.0,0.0042824885
77,13,0.124001206048867,0.004324854
77,14,0.0,0.004232608
77,15,0.116321250503893,0.0036297268
77,16,0.0,0.0029628924
77,17,0.0,0.0042395312
77,18,0.0,0.00423212
77,19,0.0,0.0029544574
77,20,0.0,0.002970554
77,21,0.0,0.0043195374
77,22,0.0,0.004342906
77,23,0.0,0.0029686042
77,24,0.0,0.0043019974
77,25,0.0,0.0029989462
77,26,0.0,0.0043415898
77,27,0.0,0.004281751
77,28,0.0,0.0042541763
77,29,0.0,0.0029899115
77,30,0.0,0.0029813778
77,31,0.0,0.0042957608
77,32,0.131143871010604,0.0029655434
77,33,0.0,0.0042233914
77,34,0.0,0.0043253647
77,35,-0.135995559370249,0.0030068718
77,36,0.0,0.002995817
77,37,0.124004415632017,0.0024568117
77,38,0.0,0.0029544702
77,39,-0.125783840059,0.0029674647
77,40,0.0,0.0030157892
77,41,0.0,0.0043458464
77,42,0.0,0.004190974
77,43,0.0,0.0042759804
77,44,0.0,0.004320901
77,45,0.118274640304964,0.0030076047
77,46,0.0,0.0031558678
77,47,-0.138247713123248,0.0042692116
77,48,0.0,0.004230378
77,49,0.0,0.0030054878
77,50,0.0,0.0029859086
77,51,0.0,0.003336847
77,52,0.0,0.0042714793
77,53,0.131151314421535,0.0042912066
77,54,0.0,0.004288923
77,55,0.0,0.002986269
77,56,0.0,0.0042812284
77,57,0.0,0.0042542154
77,58,0.0,0.003023645
77,59,0.0,0.004295607
77,60,0.0,0.0034104122
77,61,0.124776147791753,0.002805361
77,62,0.0,0.0029381034
77,63,0.0,0.0029713968
77,64,0.0,0.0031684134
77,65,0.123965814340308,0.0029679555
77,66,0.0,0.0027861167
77,67,0.0,0.004292777
77,68,0.0,0.0030166311
77,69,0.0,0.004234636
77,70,0.0,0.0043207784
77,71,0.0,0.0042797364
77,72,0.0,0.0028014334
77,73,0.0,0.0043313224
77,74,0.0,0.002950575
77,75,0.0,0.0036651082
77,76,0.0,0.0043027294
77,77,0.0,0.012034055
77,78,0.0,0.0029594875
77,79,0.0,0.0030259825
77,80,0.0,0.0029853852
77,81,0.0,0.0043255175
77,82,0.0,0.0029670233
77,83,0.0,0.0029961783
77,84,0.0,0.0042480994
77,85,0.0,0.0042628823
77,86,0.0,0.00296106
77,87,0.0,0.004226189
77,88,0.0,0.00426423
77,89,0.0,0.0029682517
77,90,0.0,0.0043207114
77,91,0.0,0.0042598546
77,92,0.0,0.0027770312
77,93,0.0,0.002445766
77,94,0.0,0.0029861154
77,95,-0.111839647242461,0.002992834
77,96,0.0,0.0030152034
77,97,0.10949049395292,0.002870227
77,98,0.0,0.0030199736
77,99,0.0,0.004296817
77,100,0.0,0.0043338006
78,1,0.0,0.004260841
78,2,0.0,0.00403329
78,3,0.0,0.0043040393
78,4,0.0,0.002961362
78,5,0.0,0.0030250903
78,6,0.0,0.004275415
78,7,0.0,0.0030904189
78,8,-0.12287036462381,0.0042353086
78,9,0.0,0.0030150143
78,10,0.0,0.002491671
78,11,0.0,0.0029880535
78,12,0.0,0.0029913774
78,13,0.0,0.002987381
78,14,0.0,0.00301137
78,15,0.0,0.0029662019
78,16,0.0,0.0042742565
78,17,0.0,0.0037741072
78,18,0.0,0.00428694
78,19,0.0,0.0032375047
78,20,0.112151049979143,0.0043162117
78,21,0.0,0.004333047
78,22,0.0,0.0028341075
78,23,0.0,0.00366402
78,24,0.0,0.0029531512
78,25,0.131962197369989,0.0029690634
78,26,0.0,0.0042364635
78,27,0.0,0.0041832402
78,28,0.0,0.0043203617
78,29,0.0,0.0042387377
78,30,0.0,0.0043105674
78,31,0.0,0.0030482027
78,32,0.0,0.004281098
78,33,0.0,0.00426294
78,34,0.0,0.0033696273
78,35,0.127233128664516,0.0032430503
78,36,0.0,0.003003384
78,37,0.0,0.004324946
78,38,0.0,0.0031388707
78,39,0.0,0.0042972183
78,40,0.0,0.0029730126
78,41,0.0,0.004266816
78,42,0.0,0.0030275993
78,43,0.0,0.0029708873
78,44,0.0,0.0029752585
78,45,0.0,0.0042749075
78,46,0.0,0.0041821953
78,47,0.0,0.0043408275
78,48,0.0,0.00246782
78,49,0.119911617080481,0.0024556164
78,50,0.0,0.0029820567
78,51,0.0,0.0042971
78,52,0.0,0.0029991744
78,53,0.0,0.0043234727
78,54,-0.12108303138432,0.004237354
78,55,0.0,0.0042355284
78,56,0.0,0.0042265933
78,57,0.0,0.0039566415
78,58,0.0,0.0042710975
78,59,0.0,0.004332263
78,60,0.0,0.004237706
78,61,0.0,0.004067222
78,62,0.0,0.0029719458
78,63,0.0,0.004340077
78,64,0.0,0.0029663946
78,65,0.0,0.004324731
78,66,0.0,0.0037008296
78,67,0.0,0.0029650503
78,68,0.0,0.0043119956
78,69,0.0,0.0038778863
78,70,0.0,0.0042862007
78,71,0.0,0.0027511648
78,72,-0.109759038293321,0.0042937333
78,73,0.0,0.0041958634
78,74,0.0,0.0042852284
78,75,0.117319958992301,0.003338489
78,76,0.0,0.0042395703
78,77,0.0,0.0029684906
78,78,0.840688986238092,0.012034055
78,79,0.0,0.0030867476
78,80,0.0,0.004321584
78,81,0.0,0.0043409592
78,82,0.0,0.004344671
78,83,0.0,0.004226407
78,84,0.0,0.0024687676
78,85,0.0,0.0028595435
78,86,-0.123180960779292,0.0043051336
78,87,0.0,0.0029611806
78,88,0.0,0.004243493
78,89,0.0,0.004263683
78,90,0.0,0.0030270573
78,91,0.0,0.0028227384
78,92,0.0,0.002986665
78,93,0.0,0.0029732068
78,94,0.113594755361558,0.0042840214
78,95,0.0,0.0042798994
78,96,0.0,0.0029932633
78,97,0.0,0.0029952312
78,98,0.0,0.004320926
78,99,0.0,0.004200699
78,100,0.0,0.0042749727
79,1,0.0,0.0029669614
79,2,0.0,0.004310934
79,3,0.114030065764166,0.003268825
79,4,0.0,0.0042705955
79,5,0.0,0.0043143136
79,6,0.0,0.0029525785
79,7,0.0,0.002953484
79,8,0.0,0.0046400344
79,9,0.0,0.0043141907
79,10,0.0,0.004225686
79,11,0.0,0.0042409785
79,12,0.0,0.0037782434
79,13,0.0,0.0042899707
79,14,0.0,0.004300533
79,15,0.0,0.004265464
79,16,0.0,0.0028724107
79,17,0.0,0.004298508
79,18,0.0,0.004305698
79,19,0.0,0.0046387156
79,20,0.0,0.004342392
79,21,0.0,0.0030237008
79,22,0.0,0.0029755924
79,23,0.0,0.004295429
79,24,0.0,0.004174184
79,25,0.0,0.0037224102
79,26,0.0,0.0042046495
79,27,0.0,0.0033494926
79,28,0.0,0.0042472333
79,29,0.0,0.003000185
79,30,0.0,0.0029721186
79,31,0.0,0.0042844927
79,32,0.0,0.0029837443
79,33,0.11782055152887,0.0029678382
79,34,0.0,0.002982243
79,35,0.0,0.002957226
79,36,0.0,0.00428994
79,37,0.0,0.0030161412
79,38,0.0,0.0043402677
79,39,0.0,0.004115578
79,40,0.0,0.0041264836
79,41,0.0,0.0043260017
79,42,0.0,0.002732615
79,43,0.115918070697905,0.0043279417
79,44,0.0,0.0028705574
79,45,0.0,0.003004482
79,46,0.114132402498714,0.004144069
79,47,0.0,0.0030248947
79,48,0.0,0.0042803455
79,49,0.0,0.004325122
79,50,0.0,0.0029733088
79,51,0.0,0.004311395
79,52,0.0,0.0042691054
79,53,0.0,0.0030038655
79,54,0.0,0.0043371106
79,55,0.0,0.004334555
79,56,0.0,0.0029725907
79,57,0.0,0.004316544
79,58,0.0,0.0038364106
79,59,0.0,0.0030138362
79,60,0.0,0.0042777844
79,61,0.0,0.0030088425
79,62,0.0,0.0029846001
79,63,0.0,0.0029613327
79,64,0.0,0.0042284764
79,65,0.0,0.0028719404
79,66,0.0,0.0043025394
79,67,0.0,0.0032860949
79,68,0.0,0.0030088304
79,69,0.0,0.004318571
79,70,0.0,0.003960575
79,71,0.0,0.0029865457
79,72,0.0,0.0043233517
79,73,0.0,0.0030220654
79,74,0.0,0.0030144807
79,75,0.0,0.0029986547
79,76,0.0,0.004307151
79,77,0.0,0.0027703403
79,78,0.0,0.0027397214
79,79,0.0,0.012034055
79,80,0.0,0.0043442394
79,81,0.0,0.0042746495
79,82,0.0,0.00433467
79,83,0.0,0.002902513
79,84,0.121440634504688,0.004134394
79,85,0.0,0.0043001
79,86,0.0,0.0029501503
79,87,0.0,0.0043258015
79,88,0.0,0.0043383953
79,89,0.0,0.0030085547
79,90,0.0,0.0030100849
79,91,0.0,0.0044169407
79,92,0.0,0.0043381085
79,93,0.114798736655508,0.0042881547
79,94,0.0,0.004247211
79,95,0.0,0.004475808
79,96,0.0,0.0039349427
79,97,0.0,0.004185034
79,98,0.0,0.0043064742
79,99,0.0,0.0042146943
79,100,0.0,0.004320837
80,1,0.0,0.004346398
80,2,0.0,0.0029719085
80,3,0.0,0.0043433295
80,4,-0.120120668533179,0.0042836433
80,5,0.0,0.002979713
80,6,0.0,0.0042138584
80,7,0.0,0.004300044
80,8,-0.122784169985218,0.0028012341
80,9,0.0,0.004326342
80,10,0.0,0.0041428767
80,11,-0.12091288981556,0.0029970407
80,12,0.0,0.002988737
80,13,0.0,0.0042869393
80,14,0.0,0.0029613625
80,15,0.0,0.003226518
80,16,0.0,0.004323145
80,17,0.0,0.003117275
80,18,0.0,0.004340979
80,19,0.0,0.0042627333
80,20,0.0,0.0043258853
80,21,0.0,0.0029861573
80,22,0.0,0.0043370076
80,23,0.0,0.0029702182
80,24,0.0,0.004238609
80,25,0.0,0.0029694112
80,26,0.0,0.004285477
80,27,0.0,0.004285115
80,28,0.0,0.004247654
80,29,0.0,0.004217757
80,30,0.0,0.0031651463
80,31,0.0,0.0029604393
80,32,0.0,0.0030023307
80,33,0.0,0.0043368177
80,34,0.0,0.004314017
80,35,0.0,0.004299106
80,36,0.0,0.0043460764
80,37,0.0,0.0030185264
80,38,0.0,0.0029743817
80,39,0.0,0.0042615775
80,40,-0.116458782730316,0.0029837685
80,41,0.0,0.0042252317
80,42,0.0,0.0030202623
80,43,0.0,0.004240567
80,44,-0.118454038098218,0.004272828
80,45,0.0,0.0030095456
80,46,0.0,0.0030146856
80,47,0.0,0.002966762
80,48,0.0,0.004300709
80,49,0.119827498029244,0.002967035
80,50,0.0,0.0030025765
80,51,0.0,0.0030326997
80,52,0.0,0.0043302774
80,53,0.0,0.0032107765
80,54,0.0,0.0030714408
80,55,0.0,0.002957452
80,56,0.0,0.0043218094
80,57,0.0,0.0029761987
80,58,0.0,0.002801349
80,59,0.0,0.003225679
80,60,0.113390361980115,0.0042262664
80,61,0.0,0.0029626307
80,62,0.0,0.0030189399
80,63,0.0,0.0024737848
80,64,0.0,0.0029137623
80,65,0.0,0.0030133715
80,66,0.0,0.00293488
80,67,0.120959390329851,0.0029663271
80,68,0.0,0.0029624926
80,69,0.0,0.0038540112
80,70,0.0,0.004197279
80,71,0.0,0.0023677577
80,72,0.0,0.002998068
80,73,0.0,0.004195962
80,74,0.0,0.0041731596
80,75,0.0,0.0042326897
80,76,0.0,0.0029641488
80,77,0.0,0.002951074
80,78,0.0,0.004327213
80,79,0.0,0.0043442687
80,80,0.0,0.012034055
80,81,0.0,0.0041844975
80,82,0.0,0.0029772352
80,83,0.0,0.0029952247
80,84,0.0,0.0030118236
80,85,0.0,0.0027223227
80,86,0.0,0.0027926888
80,87,-0.123051211731739,0.0030201692
80,88,0.0,0.004284341
80,89,0.0,0.0042720363
80,90,0.0,0.004336811
80,91,0.0,0.0023960501
80,92,0.0,0.0027910555
80,93,0.0,0.0043279957
80,94,0.0,0.004326486
80,95,0.0,0.0029841252
80,96,0.0,0.0043378575
80,97,0.0,0.0029877992
80,98,0.0,0.0029562088
80,99,0.0,0.0029811962
80,100,0.0,0.0035763485
81,1,0.0,0.004285861
81,2,0.0,0.0029690978
81,3,0.112788510867616,0.0043063466
81,4,0.0,0.0027671913
81,5,0.0,0.0029696058
81,6,0.0,0.0024870695
81,7,0.0,0.002903828
81,8,0.0,0.004322981
81,9,0.0,0.0042600287
81,10,0.0,0.0037977803
81,11,0.0,0.004309439
81,12,0.0,0.002989187
81,13,0.0,0.0027340476
81,14,0.0,0.002972967
81,15,0.0,0.004322342
81,16,0.0,0.0042983945
81,17,0.0,0.0030171927
81,18,0.0,0.0042263605
81,19,0.0,0.004215939
81,20,0.0,0.0041651204
81,21,0.0,0.00428491
81,22,0.0,0.0029631522
81,23,0.0,0.0043089036
81,24,0.0,0.0043362686
81,25,0.0,0.004279049
81,26,0.0,0.0042978525
81,27,0.0,0.0043089692
81,28,0.0,0.0029554125
81,29,0.0,0.003453129
81,30,0.0,0.004235046
81,31,0.0,0.0029194006
81,32,0.0,0.0043011587
81,33,0.0,0.003011058
81,34,0.0,0.0042733764
81,35,0.0,0.0030011237
81,36,-0.119608729743523,0.0042744745
81,37,0.0,0.0030278433
81,38,0.0,0.0042877123
81,39,-0.115982386374378,0.0024793255
81,40,0.0,0.004309992
81,41,0.0,0.0029518385
81,42,0.0,0.002975802
81,43,0.0,0.004325944
81,44,0.0,0.0029803468
81,45,0.0,0.004338431
81,46,0.0,0.0043353494
81,47,0.0,0.004277273
81,48,0.0,0.003566925
81,49,0.0,0.0042609954
81,50,0.0,0.0042563444
81,51,0.110078166347573,0.0042482093
81,52,0.0,0.0043029315
81,53,0.0,0.004341804
81,54,0.0,0.0029823566
81,55,-0.110698757565324,0.0043169237
81,56,0.0,0.004197087
81,57,0.112510206656989,0.0042968113
81,58,0.0,0.0028599345
81,59,0.0,0.0042702854
81,60,0.0,0.0042569935
81,61,0.0,0.0041586943
81,62,0.0,0.0043176487
81,63,-0.117785442416512,0.0042827846
81,64,0.0,0.0043237265
81,65,0.0,0.0029652356
81,66,0.0,0.0043340484
81,67,0.0,0.004339562
81,68,0.0,0.0042630853
81,69,0.0,0.0042162184
81,70,0.0,0.0033411505
81,71,0.0,0.0043319515
81,72,0.0,0.0041987896
81,73,0.0,0.004301933
81,74,-0.109815180198057,0.0042675724
81,75,0.0,0.004302633
81,76,0.0,0.004252691
81,77,0.0,0.0043240422
81,78,0.115423377962608,0.004342464
81,79,0.0,0.0042789364
81,80,0.0,0.0041923653
81,81,0.0,0.012034055
81,82,0.0,0.0029672445
81,83,0.0,0.0043017073
81,84,0.0,0.0030142404
81,85,0.0,0.0043200604
81,86,0.127189283957557,0.003159833
81,87,0.0,0.0030122753
81,88,-0.119152320766257,0.0039059822
81,89,0.0,0.0042359177
81,90,0.0,0.0029574155
81,91,0.122613182007407,0.004293304
81,92,0.0,0.004243538
81,93,0.0,0.0043381443
81,94,0.0,0.004292221
81,95,0.0,0.004326798
81,96,0.0,0.0025013913
81,97,0.0,0.0024892641
81,98,0.0,0.0030095372
81,99,0.0,0.004304404
81,100,0.0,0.0043156943
82,1,0.0,0.0042856326
82,2,0.0,0.004234234
82,3,0.0,0.0041725747
82,4,0.0,0.0029588004
82,5,0.0,0.004283283
82,6,0.0,0.0042933803
82,7,0.0,0.0029593685
82,8,0.0,0.0029549382
82,9,0.0,0.0029687579
82,10,0.0,0.0042971894
82,11,0.0,0.0043449556
82,12,0.0,0.0030245222
82,13,0.0,0.004284111
82,14,0.112724819462827,0.0029528933
82,15,0.0,0.0042007826
82,16,0.0,0.0041851886
82,17,0.0,0.0043095816
82,18,0.0,0.0030284696
82,19,0.0,0.004313506
82,20,0.0,0.004344582
82,21,0.0,0.003337913
82,22,0.0,0.0034294603
82,23,0.0,0.0023615821
82,24,0.0,0.0035529588
82,25,0.0,0.002547297
82,26,0.0,0.003002285
82,27,0.0,0.0043393536
82,28,0.0,0.004318864
82,29,-0.120606222577535,0.002741039
82,30,0.0,0.0027400637
82,31,0.0,0.004311875
82,32,0.0,0.004331551
82,33,0.0,0.004257229
82,34,0.0,0.0028456596
82,35,0.0,0.002958656
82,36,0.0,0.0029740552
82,37,0.0,0.004327466
82,38,0.0,0.0042929854
82,39,0.0,0.004277869
82,40,0.0,0.004302778
82,41,0.0,0.0029635057
82,42,0.0,0.0029554379
82,43,-0.115029288089043,0.0043428116
82,44,0.0,0.0027588573
82,45,0.0,0.0042853868
82,46,0.0,0.0034527725
82,47,0.0,0.004340088
82,48,0.0,0.0042762524
82,49,-0.118567256682642,0.0029911567
82,50,0.0,0.0042882236
82,51,0.0,0.0042553833
82,52,0.0,0.0024838937
82,53,0.0,0.0030196812
82,54,0.0,0.0028502713
82,55,0.0,0.0030107386
82,56,0.0,0.0029837908
82,57,0.0,0.0029606968
82,58,0.0,0.0027608576
82,59,0.0,0.0029832032
82,60,0.0,0.0036049208
82,61,0.0,0.0042781187
82,62,0.0,0.004208673
82,63,0.0,0.0029759384
82,64,0.0,0.0027227327
82,65,0.0,0.0040133977
82,66,0.0,0.0029818546
82,67,0.0,0.0043266807
82,68,0.0,0.0029649516
82,69,0.0,0.004321642
82,70,0.0,0.0042961454
82,71,0.0,0.0043396163
82,72,0.0,0.004336291
82,73,0.0,0.0042435452
82,74,0.0,0.0029588349
82,75,0.0,0.004308418
82,76,0.0,0.0043361858
82,77,0.0,0.002963326
82,78,-0.11579920554971,0.004345493
82,79,-0.115385650837333,0.004337542
82,80,0.0,0.0029685446
82,81,0.0,0.0029619443
82,82,-0.49700691527687,0.012034055
82,83,0.0,0.0043050954
82,84,0.0,0.0030217525
82,85,0.0,0.0042635007
82,86,0.0,0.0043136445
82,87,0.0,0.003421733
82,88,0.0,0.004311529
82,89,0.0,0.004335298
82,90,0.119135613833639,0.0030258913
82,91,0.0,0.0029646123
82,92,0.0,0.0029804362
82,93,0.0,0.003011994
82,94,0.0,0.004265125
82,95,0.113892926425617,0.0027952208
82,96,0.0,0.0031929477
82,97,0.0,0.0043134717
82,98,0.0,0.002974254
82,99,0.107336714859075,0.004221743
82,100,0.0,0.002952807
83,1,0.128645672847625,0.0030087875
83,2,-0.126949333315613,0.004322508
83,3,0.0,0.003632572
83,4,0.0,0.0030061211
83,5,0.0,0.0029618503
83,6,0.0,0.004228696
83,7,0.0,0.0042155627
83,8,0.0,0.0029266651
83,9,0.0,0.0029962463
83,10,0.0,0.0029712562
83,11,0.0,0.0043428894
83,12,0.0,0.0024305482
83,13,0.0,0.0042402036
83,14,0.0,0.002970236
83,15,0.115330282929272,0.004237121
83,16,0.0,0.0045144013
83,17,0.0,0.0029790746
83,18,0.0,0.003260759
83,19,0.0,0.004149001
83,20,0.118853550531117,0.0049408376
83,21,0.0,0.003017148
83,22,0.0,0.002967379
83,23,0.0,0.0029757395
83,24,0.0,0.00432832
83,25,0.0,0.0043337294
83,26,0.0,0.0043063723
83,27,0.0,0.0030181482
83,28,0.0,0.0043195533
83,29,0.0,0.0024455853
83,30,0.0,0.0043165185
83,31,0.0,0.0041807275
83,32,0.0,0.004333365
83,33,0.0,0.004326659
83,34,0.0,0.004329649
83,35,0.0,0.004321774
83,36,0.0,0.002995493
83,37,0.0,0.0042200983
83,38,0.0,0.0041823983
83,39,0.0,0.002977918
83,40,0.0,0.004245421
83,41,0.0,0.0029938985
83,42,0.0,0.0043317406
83,43,0.0,0.0042885114
83,44,0.0,0.004282958
83,45,0.0,0.00521193
83,46,-0.121386824753428,0.0038389233
83,47,0.0,0.003011492
83,48,-0.130460165046833,0.0039942972
83,49,0.0,0.0041692015
83,50,0.0,0.0030686131
83,51,0.0,0.003007437
83,52,0.0,0.0042464156
83,53,0.0,0.0029650745
83,54,0.0,0.004326478
83,55,0.119030936513071,0.003034249
83,56,0.0,0.0027447795
83,57,0.0,0.004257926
83,58,0.0,0.0029020985
83,59,0.0,0.00297635
83,60,0.0,0.0029867245
83,61,0.0,0.0029674573
83,62,0.0,0.0033540197
83,63,0.0,0.0042585516
83,64,0.0,0.002950532
83,65,0.0,0.004330811
83,66,0.0,0.0029557473
83,67,0.0,0.0029974561
83,68,0.0,0.0029951422
83,69,0.0,0.0029532707
83,70,0.0,0.0030213203
83,71,0.0,0.004276458
83,72,0.0,0.004294337
83,73,0.0,0.0029902998
83,74,0.0,0.0042568846
83,75,0.0,0.004328207
83,76,-0.120205500396346,0.002968493
83,77,-0.132658598628303,0.0030206852
83,78,0.0,0.00422775
83,79,0.0,0.0029814395
83,80,0.0,0.0030104937
83,81,0.0,0.004286452
83,82,0.0,0.0042778803
83,83,0.724851913517341,0.012034055
83,84,0.0,0.0042874375
83,85,0.0,0.004314968
83,86,0.117347804553264,0.0030259285
83,87,0.0,0.0029595667
83,88,0.0,0.0028838064
83,89,0.105955105792964,0.0029511275
83,90,-0.1174575320385,0.00297587
83,91,0.0,0.0043142
83,92,0.0,0.004261818
83,93,0.0,0.0042905295
83,94,0.0,0.0030216426
83,95,0.0,0.0035234783
83,96,0.0,0.0043198806
83,97,0.0,0.004259063
83,98,0.0,0.004252709
83,99,0.0,0.0032387138
83,100,0.0,0.0042658066
84,1,0.0,0.0030340748
84,2,0.0,0.004236277
84,3,0.0,0.0040841587
84,4,0.0,0.0027942345
84,5,0.0,0.004323022
84,6,0.0,0.005075384
84,7,0.0,0.0029578009
84,8,0.0,0.0042972844
84,9,0.0,0.002395395
84,10,0.0,0.0029714569
84,11,0.0,0.0042922897
84,12,0.0,0.004346216
84,13,0.0,0.0029867543
84,14,0.0,0.0030186735
84,15,0.0,0.004735239
84,16,0.0,0.003025204
84,17,0.0,0.0037727656
84,18,0.0,0.0042530447
84,19,0.0,0.0042620115
84,20,0.0,0.0041375645
84,21,0.0,0.0029603846
84,22,0.0,0.0042667612
84,23,-0.123131505926375,0.0029724268
84,24,0.0,0.00298833
84,25,0.0,0.004323636
84,26,0.0,0.0029547908
84,27,0.0,0.0029785037
84,28,0.0,0.0043240557
84,29,0.0,0.0029883543
84,30,-0.127524545632921,0.0043086894
84,31,0.0,0.0043441206
84,32,0.129908105376193,0.0029507896
84,33,0.0,0.0028070854
84,34,0.0,0.0043021925
84,35,0.0,0.0034978313
84,36,0.0,0.004146334
84,37,0.122835924918936,0.0030020382
84,38,0.0,0.0043421187
84,39,0.0,0.0042415783
84,40,0.0,0.004293426
84,41,0.0,0.0041665733
84,42,0.124923545868622,0.0029028128
84,43,0.0,0.003466928
84,44,0.0,0.00309707
84,45,0.0,0.0042844834
84,46,0.0,0.004324915
84,47,0.0,0.004245039
84,48,0.0,0.0037404508
84,49,-0.126962080654222,0.004188016
84,50,0.0,0.0025018018
84,51,0.0,0.0042829504
84,52,-0.1227789221697,0.0042622425
84,53,0.0,0.003866307
84,54,0.0,0.0034492614
84,55,0.0,0.003014245
84,56,0.0,0.004172871
84,57,0.0,0.0030124448
84,58,0.0,0.004334924
84,59,0.0,0.0042676195
84,60,0.0,0.004273589
84,61,0.0,0.004274803
84,62,0.0,0.0043014986
84,63,0.0,0.003266853
84,64,0.0,0.0027691468
84,65,0.0,0.004281651
84,66,0.0,0.0043389546
84,67,0.0,0.004328076
84,68,0.0,0.0042114165
84,69,0.0,0.002987855
84,70,0.0,0.004305514
84,71,0.0,0.0029768688
84,72,0.0,0.0042756824
84,73,0.0,0.0029584328
84,74,0.0,0.0029714047
84,75,0.0,0.0042827083
84,76,0.12009593172782,0.0038104104
84,77,0.0,0.0042071175
84,78,0.0,0.0024661866
84,79,0.0,0.004269222
84,80,0.0,0.0028856765
84,81,0.0,0.0027782847
84,82,0.0,0.0032484184
84,83,0.0,0.0042881025
84,84,0.0,0.012034055
84,85,0.0,0.002997104
84,86,0.0,0.002966458
84,87,0.0,0.004304039
84,88,0.0,0.0036708498
84,89,0.0,0.004169898
84,90,0.0,0.0036148122
84,91,0.0,0.0029981425
84,92,-0.132825766442343,0.0030207671
84,93,0.0,0.0043317107
84,94,0.0,0.004344733
84,95,0.0,0.004336863
84,96,0.0,0.0030208807
84,97,0.122375224450458,0.00321977
84,98,0.0,0.0043213055
84,99,0.0,0.0042702686
84,100,0.0,0.004329104
85,1,0.129001108100774,0.0029600097
85,2,0.0,0.0029939797
85,3,0.0,0.00302485
85,4,0.0,0.0029696962
85,5,0.12786665098936,0.0028488082
85,6,0.0,0.003608137
85,7,0.0,0.0043249084
85,8,0.0,0.004282943
85,9,0.0,0.004275402
85,10,0.0,0.0029563832
85,11,0.0,0.0043447446
85,12,0.126018745809244,0.004294363
85,13,0.0,0.0043187058
85,14,0.0,0.0029992312
85,15,0.0,0.002983381
85,16,0.0,0.0029523768
85,17,0.0,0.004345481
85,18,0.0,0.004165165
85,19,0.0,0.0041724984
85,20,0.0,0.0030347034
85,21,0.0,0.0034347882
85,22,0.0,0.0029809922
85,23,0.0,0.0029618293
85,24,0.0,0.0043008765
85,25,0.0,0.0029545927
85,26,0.114247005587037,0.004143521
85,27,0.0,0.002812392
85,28,-0.122577639826995,0.0030214265
85,29,0.0,0.0042550685
85,30,0.0,0.0042963484
85,31,0.127944956876011,0.003006692
85,32,0.0,0.0029553678
85,33,0.0,0.0030066893
85,34,0.0,0.0041304864
85,35,0.0,0.0042700768
85,36,0.0,0.004222214
85,37,0.0,0.0029942524
85,38,0.0,0.0031376623
85,39,0.0,0.004346303
85,40,0.0,0.002965228
85,41,0.0,0.0042567523
85,42,0.0,0.0032029417
85,43,0.0,0.004318564
85,44,0.0,0.0029763519
85,45,0.0,0.0029689786
85,46,0.0,0.0029939609
85,47,0.0,0.004298889
85,48,0.0,0.0029971767
85,49,0.0,0.0030182153
85,50,0.0,0.0029516774
85,51,0.0,0.0029909173
85,52,0.0,0.004298364
85,53,0.130393277190758,0.0029786024
85,54,0.0,0.0031247707
85,55,0.0,0.0042641954
85,56,0.0,0.004292503
85,57,0.0,0.004243588
85,58,0.0,0.004322628
85,59,0.0,0.002764158
85,60,0.0,0.0042587025
85,61,0.12405495817992,0.003406008
85,62,0.0,0.0029725628
85,63,0.0,0.0042793155
85,64,-0.124832292566649,0.004214026
85,65,0.0,0.0042967545
85,66,0.0,0.004332776
85,67,0.0,0.0025577438
85,68,0.0,0.0043085134
85,69,0.0,0.0029279718
85,70,0.0,0.004169183
85,71,0.0,0.0029898873
85,72,0.0,0.0036582826
85,73,0.0,0.0033700415
85,74,0.0,0.0041165724
85,75,0.124674885114624,0.003016728
85,76,0.0,0.0042558573
85,77,-0.133025121197947,0.004244024
85,78,0.0,0.0030169534
85,79,0.0,0.0042964863
85,80,0.0,0.0028343245
85,81,0.0,0.004316188
85,82,0.0,0.0042289384
85,83,0.0,0.0043195565
85,84,0.0,0.00298932
85,85,0.0,0.012034055
85,86,0.0,0.0029965136
85,87,0.0,0.003010342
85,88,0.0,0.0030046944
85,89,0.0,0.002990284
85,90,0.0,0.0029086708
85,91,0.0,0.004243724
85,92,0.0,0.0029550241
85,93,0.0,0.004301211
85,94,0.0,0.0030161785
85,95,0.0,0.0029796343
85,96,0.0,0.0041937176
85,97,0.0,0.0029898053
85,98,0.0,0.004308377
85,99,0.107278051224984,0.0033136378
85,100,0.0,0.0043087127
86,1,0.0,0.004300208
86,2,0.0,0.004336509
86,3,0.0,0.002904111
86,4,0.0,0.0032780606
86,5,0.0,0.0029894002
86,6,0.0,0.0042679887
86,7,0.0,0.004310992
86,8,0.0,0.004281695
86,9,0.116846327381019,0.0042499416
86,10,0.0,0.0030017216
86,11,0.122408523101821,0.0029993774
86,12,0.0,0.0043290826
86,13,0.0,0.004318586
86,14,0.0,0.0029832972
86,15,0.0,0.0030048862
86,16,0.0,0.0029589732
86,17,0.0,0.002352493
86,18,0.0,0.0042707482
86,19,0.0,0.0029553818
86,20,0.0,0.0042375214
86,21,0.0,0.0042670313
86,22,0.113319579471571,0.0029679872
86,23,0.0,0.003000142
86,24,0.0,0.004212223
86,25,-0.133500787467181,0.0024641042
86,26,0.0,0.00424858
86,27,0.0,0.00434075
86,28,0.0,0.0029600263
86,29,0.0,0.0030267797
86,30,0.0,0.004278184
86,31,0.0,0.0030377102
86,32,0.0,0.004263523
86,33,0.0,0.00428682
86,34,0.0,0.004232798
86,35,0.0,0.004291568
86,36,0.0,0.0023806833
86,37,0.0,0.0042883987
86,38,0.0,0.0030217431
86,39,0.0,0.0043318328
86,40,0.0,0.0029607145
86,41,0.0,0.0043112235
86,42,0.0,0.004251063
86,43,0.0,0.0029628146
86,44,0.0,0.002994107
86,45,0.0,0.0030649237
86,46,0.0,0.004345017
86,47,0.0,0.0042832494
86,48,0.0,0.0030100606
86,49,0.0,0.002993148
86,50,0.0,0.004306581
86,51,0.0,0.0042681023
86,52,0.0,0.00433705
86,53,0.0,0.0028939126
86,54,0.0,0.0043078666
86,55,0.0,0.0030084066
86,56,0.0,0.0030232612
86,57,0.0,0.0029941583
86,58,0.0,0.0043331212
86,59,0.0,0.004238989
86,60,0.0,0.002995398
86,61,0.0,0.003115944
86,62,0.121580447989442,0.004306406
86,63,0.0,0.0030138958
86,64,-0.118837679014802,0.0030107312
86,65,0.0,0.0029797894
86,66,0.0,0.0042352844
86,67,-0.122455598804723,0.0027913954
86,68,0.11194897564969,0.0029752934
86,69,0.0,0.0042557595
86,70,0.0,0.002943337
86,71,0.0,0.0042741904
86,72,0.0,0.00424926
86,73,0.0,0.0043207766
86,74,0.0,0.0041090176
86,75,0.0,0.0042747026
86,76,0.0,0.0040956787
86,77,0.126637077063906,0.0029608984
86,78,0.0,0.0043182215
86,79,0.0,0.0031887963
86,80,0.0,0.003027808
86,81,-0.116769136595436,0.0030380574
86,82,0.0,0.0043087965
86,83,0.0,0.0029993756
86,84,0.0,0.0029583725
86,85,0.0,0.0029856768
86,86,0.0,0.012034055
86,87,-0.125734635245569,0.0042609647
86,88,0.0,0.0033602195
86,89,0.0,0.0032717253
86,90,0.0,0.0042073186
86,91,0.0,0.0029790727
86,92,0.0,0.004320351
86,93,0.0,0.004223233
86,94,0.0,0.004318819
86,95,-0.122310348452805,0.0036084526
86,96,0.0,0.004275966
86,97,0.0,0.00430126
86,98,0.0,0.0029704338
86,99,0.0,0.0030070078
86,100,0.0,0.0043419288
87,1,0.0,0.0043365825
87,2,0.0,0.004344684
87,3,0.0,0.0042453967
87,4,0.0,0.00430695
87,5,0.0,0.0038598203
87,6,0.0,0.004318624
87,7,-0.122433274149912,0.0029692394
87,8,0.0,0.00428826
87,9,0.0,0.0027818345
87,10,0.0,0.0029786439
87,11,0.0,0.0043461737
87,12,0.0,0.004316089
87,13,0.0,0.003555522
87,14,0.0,0.0028536485
87,15,0.0,0.004152566
87,16,0.0,0.0043003634
87,17,0.0,0.0030110758
87,18,0.0,0.0042603128
87,19,0.0,0.004339086
87,20,0.0,0.0030202344
87,21,0.0,0.0029536688
87,22,0.0,0.0033019541
87,23,0.115432945709665,0.002961056
87,24,0.0,0.004261016
87,25,0.0,0.003003303
87,26,0.0,0.0042941067
87,27,0.0,0.004301099
87,28,0.0,0.004284948
87,29,0.0,0.0029719765
87,30,0.0,0.0029994482
87,31,0.0,0.0027709673
87,32,0.0,0.0043432303
87,33,-0.117367589720792,0.0030088676
87,34,0.0,0.0029752143
87,35,0.0,0.0040902644
87,36,0.0,0.004304829
87,37,0.0,0.0043412047
87,38,0.0,0.0043332293
87,39,0.0,0.004291795
87,40,0.0,0.003357422
87,41,0.0,0.0029644012
87,42,0.0,0.0033537305
87,43,0.0,0.0043393513
87,44,0.0,0.0043077287
87,45,0.0,0.004336532
87,46,0.0,0.004321616
87,47,-0.128382785316506,0.004253844
87,48,0.0,0.004337045
87,49,0.0,0.004315026
87,50,0.0,0.0046325317
87,51,0.0,0.0029514963
87,52,0.0,0.0029761181
87,53,0.0,0.004310563
87,54,0.0,0.0028611636
87,55,0.0,0.0042979605
87,56,0.0,0.0042813597
87,57,0.0,0.0043075485
87,58,0.0,0.0029507051
87,59,0.0,0.0030106883
87,60,0.0,0.004229825
87,61,0.0,0.0029931357
87,62,0.0,0.0029892
87,63,0.0,0.0042355713
87,64,0.0,0.004242286
87,65,0.0,0.0029824805
87,66,0.0,0.0029501459
87,67,0.0,0.0030058604
87,68,0.0,0.0042389855
87,69,0.0,0.004293776
87,70,0.0,0.0042014923
87,71,0.0,0.004650875
87,72,0.0,0.0042219423
87,73,0.0,0.004134033
87,74,0.0,0.004242569
87,75,0.0,0.0030639353
87,76,0.11258716494037,0.0042648213
87,77,0.0,0.0042117424
87,78,0.0,0.0030267145
87,79,0.0,0.004326116
87,80,0.116163759350865,0.0030198637
87,81,0.0,0.0030157138
87,82,0.114942050019382,0.0039937906
87,83,0.0,0.003680863
87,84,0.0,0.004312962
87,85,0.0,0.0030042622
87,86,0.0,0.0042499565
87,87,0.0,0.012034055
87,88,0.0,0.0042669997
87,89,0.0,0.004317756
87,90,0.0,0.0029205685
87,91,0.0,0.0029529799
87,92,0.0,0.0029817605
87,93,0.121472418626299,0.0043055117
87,94,0.0,0.0042028036
87,95,0.0,0.0029708156
87,96,0.0,0.0029701833
87,97,0.0,0.0042522755
87,98,0.0,0.0042262096
87,99,0.0,0.004280922
87,100,0.0,0.0029205345
88,1,0.0,0.0042746607
88,2,0.0,0.0029533668
88,3,0.0,0.0030100942
88,4,0.0,0.0029731207
88,5,0.0,0.003027277
88,6,0.0,0.0042216666
88,7,0.130943182083367,0.0032299105
88,8,0.130437940396361,0.00434296
88,9,0.0,0.0029964382
88,10,0.0,0.0040033567
88,11,0.0,0.004243009
88,12,0.0,0.0043397234
88,13,0.0,0.00431099
88,14,0.0,0.0029775244
88,15,0.0,0.004340441
88,16,0.0,0.00363411
88,17,0.0,0.003112359
88,18,0.0,0.0042775823
88,19,0.0,0.0041630566
88,20,0.0,0.0042544836
88,21,0.0,0.003215977
88,22,0.0,0.0042801034
88,23,0.0,0.004267617
88,24,0.0,0.0042636385
88,25,0.0,0.003006542
88,26,0.0,0.004188003
88,27,0.0,0.0035970346
88,28,0.0,0.0043100873
88,29,0.0,0.002999615
88,30,0.0,0.0030075759
88,31,0.0,0.00433062
88,32,0.0,0.003024282
88,33,-0.125525399677523,0.002801701
88,34,0.0,0.004314345
88,35,0.135069406719809,0.0042765383
88,36,0.0,0.0043172324
88,37,0.0,0.002964607
88,38,-0.125829382178533,0.004335616
88,39,0.124927230935934,0.004293374
88,40,0.0,0.0042813187
88,41,0.0,0.0030160514
88,42,0.125253052078963,0.0041057207
88,43,0.0,0.0027234924
88,44,0.0,0.004312287
88,45,0.0,0.0043287305
88,46,0.0,0.004335221
88,47,0.0,0.004245721
88,48,-0.130685045421493,0.005169212
88,49,0.0,0.0029856022
88,50,0.0,0.0043142363
88,51,0.0,0.0043394445
88,52,0.0,0.0042853784
88,53,0.130258151894592,0.0030240733
88,54,-0.128540525447891,0.002996781
88,55,0.0,0.0029508392
88,56,0.0,0.0028874092
88,57,0.0,0.004232757
88,58,0.0,0.002982188
88,59,0.0,0.0043090517
88,60,0.0,0.0030006731
88,61,0.0,0.0043059303
88,62,0.0,0.0043022865
88,63,0.0,0.0028810417
88,64,0.0,0.004337998
88,65,0.0,0.0042653587
88,66,0.0,0.004120782
88,67,0.128499412816203,0.0029787768
88,68,0.0,0.0042663096
88,69,0.0,0.0030166756
88,70,0.0,0.004223007
88,71,0.0,0.0041651037
88,72,0.0,0.002981389
88,73,0.0,0.004332316
88,74,0.0,0.002970601
88,75,0.0,0.0029855706
88,76,0.0,0.0033492148
88,77,0.0,0.0042460244
88,78,0.0,0.004259696
88,79,0.123881107081001,0.0043377806
88,80,0.0,0.0042789783
88,81,0.0,0.0033945353
88,82,0.0,0.004297099
88,83,0.0,0.0028820657
88,84,0.0,0.003368078
88,85,0.0,0.0030045034
88,86,0.0,0.0037949858
88,87,0.0,0.0042598154
88,88,0.0,0.012034055
88,89,0.0,0.0042594
88,90,-0.11985607223311,0.0029815678
88,91,0.0,0.0034484812
88,92,0.0,0.0029571154
88,93,0.0,0.0041753966
88,94,0.0,0.002950816
88,95,0.0,0.0042722924
88,96,0.0,0.0042375904
88,97,0.0,0.004289871
88,98,0.0,0.0042263363
88,99,0.107985820825825,0.0029619657
88,100,0.0,0.0029141605
89,1,0.0,0.0043385713
89,2,-0.118393033512751,0.0024862033
89,3,0.113103928722535,0.0042364113
89,4,0.0,0.004216574
89,5,0.0,0.0034166058
89,6,0.0,0.0042442307
89,7,0.0,0.00414785
89,8,0.0,0.004045901
89,9,0.0,0.004335558
89,10,0.0,0.0042328313
89,11,0.0,0.0032624241
89,12,0.0,0.0042455606
89,13,0.0,0.003820449
89,14,0.0,0.004126869
89,15,0.0,0.002964237
89,16,0.0,0.0029859766
89,17,0.0,0.004332654
89,18,0.0,0.002956748
89,19,0.0,0.0029559818
89,20,0.0,0.003062042
89,21,0.0,0.004342097
89,22,0.0,0.004305613
89,23,0.0,0.004315127
89,24,0.0,0.0043392945
89,25,0.0,0.0030041654
89,26,0.0,0.004326132
89,27,0.0,0.003419715
89,28,0.0,0.0042748377
89,29,0.0,0.0029707635
89,30,0.119037981367972,0.004336912
89,31,0.0,0.0043139975
89,32,0.0,0.004287569
89,33,0.0,0.0042080376
89,34,0.0,0.0029978575
89,35,0.0,0.0043285377
89,36,0.0,0.0046368726
89,37,0.0,0.00423749
89,38,0.0,0.0029575643
89,39,0.0,0.0030132784
89,40,0.0,0.0043050204
89,41,0.0,0.0030276068
89,42,0.0,0.0043423455
89,43,0.0,0.0029549662
89,44,0.0,0.0042797364
89,45,0.0,0.002722771
89,46,0.0,0.0043285233
89,47,0.127831526454349,0.0032099984
89,48,0.0,0.0043253186
89,49,0.0,0.0029947944
89,50,0.0,0.004313919
89,51,0.0,0.00429086
89,52,0.0,0.0042767758
89,53,0.0,0.0042890515
89,54,0.0,0.004322539
89,55,0.0,0.0042120097
89,56,0.0,0.004291054
89,57,0.0,0.0030170428
89,58,0.0,0.0024819481
89,59,0.0,0.004297005
89,60,0.0,0.0043168487
89,61,0.0,0.0034838964
89,62,0.0,0.0043398957
89,63,0.0,0.0043443376
89,64,0.0,0.004255087
89,65,0.0,0.0043049036
89,66,0.0,0.0029548982
89,67,0.0,0.003912404
89,68,0.0,0.0029482823
89,69,0.0,0.004334715
89,70,0.0,0.0027392
89,71,0.0,0.0029899003
89,72,0.0,0.0042574843
89,73,0.0,0.0042982064
89,74,0.0,0.0042882646
89,75,0.0,0.0043079103
89,76,0.0,0.002967753
89,77,0.0,0.002961219
89,78,0.0,0.004303368
89,79,0.0,0.0029853787
89,80,0.0,0.004296478
89,81,0.0,0.0042684013
89,82,0.0,0.004336745
89,83,0.0,0.0046355464
89,84,0.122551711081253,0.0042522848
89,85,0.0,0.0029708068
89,86,0.0,0.0028427828
89,87,0.0,0.004327176
89,88,0.0,0.004292655
89,89,0.0,0.012034055
89,90,0.0,0.003136104
89,91,0.0,0.0041596927
89,92,0.117349050439763,0.002953243
89,93,0.0,0.002700136
89,94,0.0,0.0030019293
89,95,0.0,0.004271048
89,96,0.109574768867125,0.0029952936
89,97,0.0,0.002990123
89,98,0.0,0.0029802755
89,99,0.0,0.0030151987
89,100,0.0,0.0042960737
90,1,0.0,0.002974005
90,2,0.0,0.0025086526
90,3,0.0,0.0042601787
90,4,0.0,0.004337798
90,5,0.0,0.0036540716
90,6,0.0,0.002983638
90,7,0.0,0.004323039
90,8,0.0,0.0030233394
90,9,0.0,0.0033770062
90,10,0.0,0.0042563006
90,11,0.0,0.0029568623
90,12,0.0,0.0029772925
90,13,0.0,0.0043273913
90,14,0.0,0.0030554344
90,15,0.115324933674159,0.0029647555
90,16,0.0,0.0042664446
90,17,0.0,0.0043390403
90,18,0.0,0.004236724
90,19,0.0,0.0042647775
90,20,0.0,0.0043318314
90,21,0.0,0.0029524877
90,22,0.0,0.003001065
90,23,0.0,0.0029927697
90,24,0.0,0.0036506504
90,25,0.0,0.002962384
90,26,0.0,0.0034715647
90,27,0.0,0.003012768
90,28,0.0,0.004311475
90,29,0.0,0.004322188
90,30,0.0,0.0043278113
90,31,0.0,0.0042464826
90,32,0.0,0.002966043
90,33,0.0,0.004310777
90,34,0.0,0.0029582328
90,35,0.0,0.0042758537
90,36,0.0,0.004236372
90,37,0.0,0.003020674
90,38,0.0,0.0029615173
90,39,0.0,0.0042800037
90,40,0.0,0.0029799393
90,41,0.0,0.004327063
90,42,0.0,0.0043430002
90,43,-0.12328027437504,0.0029892623
90,44,0.0,0.0029851515
90,45,0.117261592266398,0.0033580982
90,46,0.0,0.0029994473
90,47,0.0,0.00432564
90,48,0.0,0.0030105514
90,49,0.0,0.004329595
90,50,0.0,0.0041065803
90,51,0.0,0.0041631646
90,52,0.0,0.0030950466
90,53,0.0,0.002921111
90,54,0.0,0.003043976
90,55,0.0,0.0029594323
90,56,0.0,0.004331284
90,57,0.0,0.002987503
90,58,0.0,0.002959304
90,59,0.0,0.003003206
90,60,0.0,0.0041619763
90,61,0.0,0.0027466621
90,62,0.0,0.0028446564
90,63,0.0,0.004182323
90,64,0.0,0.0029597464
90,65,0.0,0.004243085
90,66,0.0,0.0033106008
90,67,-0.128272343626728,0.002962066
90,68,0.0,0.00420266
90,69,0.0,0.0042545833
90,70,0.0,0.004084196
90,71,0.0,0.002984385
90,72,0.0,0.004324857
90,73,0.0,0.004312508
90,74,0.0,0.0029818881
90,75,0.0,0.0030148244
90,76,0.0,0.004305737
90,77,0.0,0.0043201884
90,78,0.0,0.0030010976
90,79,0.123662198823292,0.0030027712
90,80,0.0,0.00433773
90,81,0.0,0.002956575
90,82,0.0,0.0028156922
90,83,0.0,0.0029653776
90,84,0.131402464752343,0.0030155932
90,85,0.131885732079855,0.0029113507
90,86,0.0,0.0042034388
90,87,0.0,0.0027912175
90,88,0.0,0.0029746196
90,89,0.0,0.0026307856
90,90,0.0,0.012034055
90,91,0.0,0.0042434838
90,92,0.0,0.004064045
90,93,0.0,0.0028250478
90,94,0.0,0.00295306
90,95,0.0,0.0040808297
90,96,0.0,0.004333103
90,97,0.0,0.0026387474
90,98,0.0,0.0042986413
90,99,0.0,0.004318343
90,100,0.119498647304854,0.004227573
91,1,0.0,0.002996754
91,2,0.0,0.004319982
91,3,0.0,0.004213618
91,4,0.0,0.003015698
91,5,0.0,0.0042696837
91,6,0.0,0.002967393
91,7,0.0,0.0043451935
91,8,0.0,0.0042012036
91,9,0.0,0.0029503773
91,10,0.0,0.0044999355
91,11,0.0,0.002850066
91,12,0.0,0.002999952
91,13,0.0,0.00430655
91,14,0.0,0.0030504754
91,15,0.0,0.004216276
91,16,0.0,0.00432986
91,17,0.0,0.0030080052
91,18,0.0,0.0030106064
91,19,-0.111605914658362,0.0043107755
91,20,0.0,0.0042583924
91,21,0.0,0.0043062265
91,22,0.0,0.0042606816
91,23,0.0,0.0030165268
91,24,0.0,0.00428244
91,25,0.0,0.0029532015
91,26,0.0,0.0038742507
91,27,0.0,0.0029539499
91,28,0.0,0.004261258
91,29,0.0,0.0033682098
91,30,0.0,0.0029780613
91,31,0.0,0.0029944954
91,32,0.0,0.0036240802
91,33,0.0,0.0030383985
91,34,0.0,0.0043448447
91,35,0.0,0.0029510781
91,36,0.0,0.0042383634
91,37,0.0,0.004304198
91,38,0.0,0.0043151015
91,39,0.0,0.00357119
91,40,0.0,0.0042903097
91,41,0.0,0.0029839398
91,42,0.0,0.00401331
91,43,-0.110404380312214,0.0030094963
91,44,0.0,0.00295083
91,45,0.0,0.004204303
91,46,0.0,0.0030179657
91,47,0.0,0.0042186957
91,48,0.0,0.0027322848
91,49,0.0,0.0042497255
91,50,0.0,0.004222119
91,51,0.0,0.004331788
91,52,0.0,0.004308918
91,53,0.0,0.0023541627
91,54,0.0,0.004283443
91,55,0.106593916333251,0.0029654764
91,56,0.0,0.0028024637
91,57,0.0,0.0030091163
91,58,-0.112960062880897,0.0029857159
91,59,0.0,0.004262914
91,60,0.0,0.0029587762
91,61,0.0,0.004336111
91,62,0.0,0.0042721024
91,63,0.0,0.0030191857
91,64,0.0,0.0029756096
91,65,0.0,0.002977633
91,66,0.0,0.004312093
91,67,0.0,0.004294985
91,68,0.0,0.004299852
91,69,0.0,0.0029597238
91,70,0.0,0.0043457206
91,71,0.108848198568734,0.004322352
91,72,0.0,0.0030082436
91,73,0.0,0.002857717
91,74,0.0,0.004198568
91,75,0.0,0.0029797168
91,76,0.0,0.0043423
91,77,0.0,0.0042575505
91,78,0.0,0.0030119978
91,79,0.0,0.0045984085
91,80,0.0,0.0024295403
91,81,0.0,0.00429543
91,82,0.109897285219805,0.002874008
91,83,0.0,0.0043234117
91,84,0.0,0.0029820073
91,85,0.0,0.004260418
91,86,0.0,0.0029804301
91,87,0.0,0.0029518497
91,88,0.0,0.0031336814
91,89,-0.109846947348659,0.004092794
91,90,-0.117780155819813,0.0042428225
91,91,0.0,0.012034055
91,92,0.0,0.004342064
91,93,0.0,0.004274929
91,94,0.0,0.004185738
91,95,0.0,0.0042274445
91,96,0.0,0.0029973686
91,97,0.0,0.004319702
91,98,0.11076034547409,0.004229035
91,99,0.0,0.0030194037
91,100,0.0,0.0030581504
92,1,0.0,0.003006354
92,2,0.0,0.0030072741
92,3,0.0,0.004339912
92,4,0.0,0.0041629095
92,5,0.0,0.0030125864
92,6,0.0,0.004206814
92,7,0.0,0.00300927
92,8,0.0,0.0029894104
92,9,0.0,0.0031690393
92,10,0.0,0.004319218
92,11,0.0,0.0030010818
92,12,0.0,0.004292041
92,13,0.0,0.004202986
92,14,0.0,0.004330778
92,15,0.0,0.0040093493
92,16,0.0,0.004283768
92,17,0.117208883900188,0.004335048
92,18,0.0,0.004331223
92,19,0.0,0.0029676124
92,20,0.0,0.0042505953
92,21,0.0,0.0035829989
92,22,0.0,0.003179051
92,23,0.0,0.0029847976
92,24,0.0,0.0029818052
92,25,0.0,0.0030819639
92,26,0.0,0.0029842937
92,27,0.0,0.004195677
92,28,0.0,0.0042491015
92,29,-0.117381767110742,0.0029503524
92,30,0.0,0.0032567843
92,31,0.0,0.0043460806
92,32,0.0,0.0043448666
92,33,0.0,0.0041725338
92,34,0.0,0.0030235723
92,35,0.0,0.0043385876
92,36,0.0,0.0041497424
92,37,0.0,0.002907847
92,38,0.0,0.0030146036
92,39,0.0,0.0042452887
92,40,0.0,0.0032274162
92,41,0.0,0.0042679403
92,42,0.0,0.0043351715
92,43,0.0,0.0032290556
92,44,0.0,0.002977015
92,45,0.0,0.0030071074
92,46,0.0,0.0029980494
92,47,0.0,0.0029854374
92,48,0.0,0.0028530706
92,49,0.0,0.0047750277
92,50,0.0,0.0041069794
92,51,0.0,0.0042972304
92,52,0.0,0.0027873956
92,53,0.0,0.002820626
92,54,0.0,0.0043372205
92,55,0.0,0.0035899514
92,56,0.0,0.004198421
92,57,0.0,0.004345594
92,58,0.0,0.0042385906
92,59,0.0,0.0034644878
92,60,0.0,0.004325062
92,61,0.0,0.0029935664
92,62,0.0,0.0030248836
92,63,-0.115009666762788,0.0032582558
92,64,0.0,0.0032494583
92,65,0.0,0.0043204436
92,66,0.0,0.0027254818
92,67,0.116487358497686,0.0043218737
92,68,0.0,0.002975298
92,69,0.0,0.004740188
92,70,0.0,0.0029686685
92,71,0.0,0.0043461043
92,72,0.0,0.0042007063
92,73,0.0,0.0042344425
92,74,0.0,0.0029597494
92,75,0.0,0.0029973295
92,76,0.0,0.003960058
92,77,0.0,0.0031714053
92,78,0.0,0.0029844772
92,79,0.0,0.0043362593
92,80,0.0,0.003092526
92,81,0.0,0.004213484
92,82,0.0,0.003004862
92,83,0.0,0.0042648558
92,84,0.0,0.003018802
92,85,0.0,0.0029570146
92,86,0.0,0.0043176394
92,87,0.0,0.0029916447
92,88,0.0,0.0029594419
92,89,0.111388677511678,0.0029646773
92,90,0.0,0.0049822144
92,91,0.0,0.004340454
92,92,0.744090961059555,0.012034055
92,93,0.0,0.00427413
92,94,0.0,0.0043076985
92,95,0.0,0.0042612134
92,96,0.0,0.0043416475
92,97,-0.121751503625856,0.0029887985
92,98,0.0,0.0042451713
92,99,0.0,0.0042566247
92,100,0.121391307767744,0.0033409633
93,1,0.0,0.0042894427
93,2,0.0,0.004199244
93,3,0.0,0.004181521
93,4,0.0,0.0042511187
93,5,0.0,0.0037720422
93,6,0.0,0.0033760152
93,7,0.0,0.0042494275
93,8,0.0,0.0030107116
93,9,0.0,0.0029504148
93,10,0.0,0.004248405
93,11,0.0,0.0043125097
93,12,0.0,0.004260095
93,13,0.0,0.0042880597
93,14,0.0,0.003010082
93,15,0.0,0.004307562
93,16,0.0,0.0041809846
93,17,0.0,0.0029837852
93,18,0.0,0.0042119194
93,19,0.0,0.0030077798
93,20,0.106533287222623,0.0042819977
93,21,0.0,0.0043237456
93,22,0.0,0.0043223687
93,23,0.0,0.003024213
93,24,0.0,0.0030268691
93,25,0.0,0.0030129673
93,26,0.0,0.0042805364
93,27,0.0,0.0037146332
93,28,0.0,0.0043250225
93,29,0.0,0.0029779575
93,30,0.0,0.0029776194
93,31,0.0,0.0029609585
93,32,-0.116548170788548,0.004192967
93,33,0.0,0.0030019805
93,34,0.0,0.0042777043
93,35,0.0,0.0042983713
93,36,-0.115279782941922,0.0043222792
93,37,0.0,0.0043128873
93,38,0.0,0.003964459
93,39,0.0,0.002974493
93,40,0.0,0.002985565
93,41,0.0,0.0043063774
93,42,0.0,0.0043270355
93,43,-0.110506265946032,0.0041710623
93,44,0.0,0.0042954544
93,45,0.0,0.0029909834
93,46,0.0,0.004278822
93,47,0.0,0.0043378724
93,48,0.116936769427064,0.0029503284
93,49,0.0,0.00429184
93,50,0.0,0.0029607173
93,51,0.0,0.0042915214
93,52,0.0,0.00300143
93,53,0.0,0.00426183
93,54,0.0,0.004305346
93,55,0.0,0.0043209526
93,56,0.0,0.004308662
93,57,0.1084381736181,0.004328934
93,58,0.0,0.004336726
93,59,0.0,0.0032444957
93,60,0.0,0.0041925907
93,61,0.0,0.003024485
93,62,0.0,0.004337336
93,63,0.0,0.003799208
93,64,0.111583982183166,0.00353489
93,65,0.0,0.0042046495
93,66,0.0,0.0043375217
93,67,0.0,0.0030834894
93,68,0.0,0.004246898
93,69,0.0,0.004270318
93,70,0.0,0.004254422
93,71,0.0,0.0033651749
93,72,0.0,0.004285246
93,73,0.0,0.0041617174
93,74,0.0,0.004331705
93,75,0.0,0.003255822
93,76,0.0,0.004210297
93,77,0.0,0.0024740263
93,78,0.0,0.0029607816
93,79,0.0,0.0042995326
93,80,-0.111167869798486,0.0043314733
93,81,0.0,0.0043393793
93,82,0.0,0.003016157
93,83,0.0,0.0043107886
93,84,0.0,0.004337013
93,85,0.0,0.004312697
93,86,0.0,0.0042327642
93,87,0.110422458130764,0.0037887204
93,88,0.0,0.0042182077
93,89,0.0,0.00245695
93,90,0.0,0.0028383462
93,91,0.10557605657653,0.0042826775
93,92,0.0,0.0042985594
93,93,0.0,0.012034055
93,94,0.0,0.004339366
93,95,0.0,0.0028600292
93,96,-0.117242857616328,0.0043323655
93,97,0.0,0.0042541027
93,98,0.0,0.0042494666
93,99,0.0,0.0042850263
93,100,0.0,0.0029513114
94,1,0.0,0.004344536
94,2,0.0,0.002989076
94,3,0.0,0.0037723193
94,4,0.0,0.0042712325
94,5,0.0,0.0042848354
94,6,0.0,0.0043405723
94,7,0.0,0.0029684198
94,8,0.0,0.002986229
94,9,0.0,0.004183097
94,10,0.0,0.0029513212
94,11,0.0,0.0023593619
94,12,0.0,0.002820381
94,13,0.0,0.0029578435
94,14,0.0,0.0029622135
94,15,0.0,0.0030109966
94,16,0.0,0.0029626302
94,17,0.0,0.004259062
94,18,0.0,0.0029862178
94,19,0.0,0.0043460876
94,20,0.0,0.0043121413
94,21,0.0,0.004331058
94,22,0.0,0.0041411556
94,23,0.0,0.0043449043
94,24,0.0,0.0029758704
94,25,0.0,0.0027296338
94,26,0.0,0.004109308
94,27,0.0,0.0042384565
94,28,0.0,0.0043342896
94,29,0.0,0.0042780684
94,30,0.0,0.0029922118
94,31,0.0,0.00423483
94,32,0.0,0.0028644046
94,33,0.0,0.0029941984
94,34,0.0,0.004334351
94,35,0.0,0.0043275
94,36,0.0,0.00300847
94,37,0.0,0.0042194948
94,38,0.0,0.0030177105
94,39,0.0,0.0032820397
94,40,0.0,0.004306551
94,41,0.0,0.002959502
94,42,0.0,0.0042854333
94,43,0.0,0.0042618634
94,44,0.0,0.004176004
94,45,0.0,0.0030242018
94,46,0.0,0.0043405094
94,47,-0.126216630777386,0.0029955124
94,48,0.0,0.0029793382
94,49,0.0,0.0030207708
94,50,0.0,0.0029881094
94,51,0.0,0.0028607529
94,52,0.0,0.0041624475
94,53,0.0,0.004190484
94,54,0.0,0.004344598
94,55,0.0,0.0042328257
94,56,0.0,0.003772667
94,57,-0.11139952993717,0.0029531461
94,58,0.0,0.0042282213
94,59,-0.113190784978449,0.004296896
94,60,0.0,0.0042966567
94,61,0.0,0.0030198768
94,62,0.0,0.0043007387
94,63,0.0,0.0028107506
94,64,0.0,0.0030012447
94,65,0.0,0.0043266416
94,66,0.0,0.0042414684
94,67,0.0,0.0029794187
94,68,0.0,0.004279661
94,69,0.0,0.0029511773
94,70,0.0,0.004212644
94,71,0.0,0.0042508524
94,72,0.0,0.0034237448
94,73,0.0,0.0030054403
94,74,0.0,0.00298284
94,75,0.0,0.004307411
94,76,0.0,0.0030945397
94,77,0.0,0.0029914258
94,78,0.0,0.0042985035
94,79,0.0,0.004249228
94,80,0.0,0.004326679
94,81,0.112635924541242,0.004289966
94,82,0.0,0.0042417664
94,83,0.0,0.0030033216
94,84,0.0,0.0043451563
94,85,0.0,0.0030091917
94,86,0.0,0.004315407
94,87,0.0,0.0042036735
94,88,0.0,0.0029825633
94,89,0.0,0.002838232
94,90,0.0,0.0029543133
94,91,0.0,0.004172085
94,92,0.0,0.0043152412
94,93,0.0,0.0043377783
94,94,-0.171404786175117,0.012034055
94,95,0.0,0.003961675
94,96,0.0,0.004190143
94,97,0.0,0.0029534989
94,98,0.0,0.002984764
94,99,0.0,0.0024766037
94,100,0.0,0.0042941375
95,1,0.0,0.0043055792
95,2,0.0,0.0030574687
95,3,0.0,0.0034571877
95,4,0.0,0.0030027237
95,5,0.0,0.0029688366
95,6,0.0,0.0029694778
95,7,0.0,0.00299263
95,8,0.0,0.003269175
95,9,0.0,0.004255671
95,10,0.0,0.0042606657
95,11,0.127818675639705,0.0028828918
95,12,0.0,0.0030074138
95,13,0.0,0.0042741857
95,14,0.0,0.0038015242
95,15,0.0,0.002978208
95,16,0.0,0.0042990576
95,17,0.128659848291063,0.004286588
95,18,0.0,0.0043292604
95,19,0.0,0.0029691777
95,20,0.0,0.002982718
95,21,0.0,0.0029523878
95,22,0.0,0.0043135015
95,23,0.0,0.004306955
95,24,0.0,0.0043344717
95,25,0.0,0.004280704
95,26,0.0,0.0029798904
95,27,0.0,0.0029507442
95,28,0.0,0.00296323
95,29,0.0,0.0029980503
95,30,0.0,0.0029678443
95,31,0.0,0.004271971
95,32,0.0,0.004327137
95,33,0.0,0.0042806063
95,34,0.0,0.002967914
95,35,0.0,0.0041951034
95,36,0.0,0.0042971056
95,37,0.0,0.004069444
95,38,0.0,0.0042921724
95,39,0.0,0.004283755
95,40,0.0,0.0043174853
95,41,0.0,0.004322363
95,42,0.0,0.004263331
95,43,0.0,0.0042301845
95,44,0.125219389735741,0.0028167146
95,45,0.0,0.0030313423
95,46,0.0,0.004134597
95,47,0.0,0.0043127695
95,48,0.0,0.0042239334
95,49,-0.126671293082818,0.004316472
95,50,0.0,0.0042190403
95,51,0.0,0.0025829321
95,52,-0.122497715494341,0.004290118
95,53,0.0,0.00434414
95,54,0.0,0.0029726294
95,55,0.0,0.0027448249
95,56,0.0,0.002956419
95,57,0.0,0.004216617
95,58,0.125736244685437,0.0029921765
95,59,0.0,0.004305258
95,60,0.0,0.002779919
95,61,0.0,0.0042378698
95,62,0.0,0.004311437
95,63,0.0,0.004282901
95,64,0.0,0.0029905476
95,65,0.0,0.002996155
95,66,0.0,0.0028395539
95,67,0.127867831971692,0.004255506
95,68,0.116896842181997,0.004328694
95,69,0.0,0.0028565447
95,70,0.0,0.0042840056
95,71,0.0,0.004325306
95,72,0.0,0.002983911
95,73,0.0,0.004288543
95,74,0.0,0.0028926823
95,75,0.0,0.0029520509
95,76,0.0,0.0029534062
95,77,0.0,0.0030161105
95,78,0.0,0.004280419
95,79,0.0,0.0036750224
95,80,0.0,0.0029965146
95,81,0.0,0.0043199733
95,82,0.0,0.003666495
95,83,0.131107588187165,0.0035291114
95,84,0.0,0.0043367213
95,85,0.0,0.0029865634
95,86,0.0,0.0039456096
95,87,0.0,0.002979674
95,88,0.0,0.0042591924
95,89,0.0,0.004202973
95,90,0.0,0.0029745027
95,91,0.0,0.0041798763
95,92,0.0,0.0042578364
95,93,0.0,0.003648811
95,94,0.0,0.0030311365
95,95,0.910626399330795,0.012034055
95,96,-0.116124722846803,0.0042880997
95,97,0.0,0.0043093795
95,98,0.0,0.0029674615
95,99,0.110300072617019,0.004226383
95,100,0.0,0.003002188
96,1,0.0,0.0030212607
96,2,0.0,0.0035380516
96,3,0.0,0.0043353713
96,4,0.0,0.004318102
96,5,0.0,0.004241973
96,6,0.0,0.0030080392
96,7,0.0,0.003016022
96,8,0.0,0.0029806201
96,9,0.0,0.004326173
96,10,0.0,0.004124608
96,11,0.0,0.0028299629
96,12,0.0,0.0042966297
96,13,0.0,0.0042631384
96,14,0.0,0.004335113
96,15,0.0,0.00417798
96,16,0.0,0.0042910147
96,17,0.0,0.0041973293
96,18,0.0,0.0029832553
96,19,0.0,0.0028036141
96,20,0.0,0.004294757
96,21,0.0,0.004231872
96,22,0.0,0.00301449
96,23,0.0,0.0032587298
96,24,0.0,0.0042704474
96,25,0.0,0.004320923
96,26,0.0,0.0027204808
96,27,0.0,0.004302068
96,28,0.0,0.0042279605
96,29,-0.126899315850136,0.002718004
96,30,0.0,0.0042841006
96,31,0.0,0.004322503
96,32,0.127648746599768,0.0043215565
96,33,0.0,0.004222924
96,34,0.0,0.0029834332
96,35,0.0,0.0035468894
96,36,0.0,0.002999097
96,37,0.0,0.0029875934
96,38,0.0,0.0029820045
96,39,0.0,0.0041885357
96,40,0.0,0.0029606926
96,41,0.0,0.002989987
96,42,0.0,0.0029558174
96,43,0.121031383367003,0.0027916003
96,44,0.0,0.004389711
96,45,-0.115122494655098,0.004261921
96,46,0.0,0.004261325
96,47,0.0,0.0042387005
96,48,0.0,0.0042190813
96,49,0.0,0.0042321943
96,50,0.0,0.004278168
96,51,0.0,0.0043040626
96,52,0.0,0.004277993
96,53,0.0,0.0028643494
96,54,0.0,0.004261098
96,55,0.0,0.002988454
96,56,0.0,0.004103236
96,57,0.0,0.0024636814
96,58,0.0,0.0035919556
96,59,0.0,0.0030268542
96,60,0.0,0.0043348433
96,61,0.0,0.0029735914
96,62,0.0,0.0029737717
96,63,0.0,0.0035602562
96,64,0.0,0.0042526815
96,65,0.0,0.003550957
96,66,0.115826664571339,0.003241596
96,67,0.0,0.0029724436
96,68,0.0,0.002863981
96,69,0.0,0.004122343
96,70,-0.117737054996215,0.002758433
96,71,0.0,0.0029691607
96,72,0.114191392830824,0.0043182657
96,73,0.0,0.0030007781
96,74,0.0,0.004194649
96,75,0.0,0.004318141
96,76,0.0,0.0042687133
96,77,0.0,0.0027630657
96,78,0.0,0.0029874127
96,79,0.0,0.0042683682
96,80,0.0,0.00433654
96,81,0.0,0.0024435157
96,82,0.0,0.004037789
96,83,0.0,0.00432252
96,84,0.0,0.0030136928
96,85,0.0,0.004185457
96,86,0.0,0.0032997772
96,87,0.0,0.002974886
96,88,0.129345680727589,0.0042313617
96,89,0.0,0.0027307707
96,90,0.0,0.004329482
96,91,0.0,0.0030122884
96,92,0.0,0.004341978
96,93,0.0,0.0043264804
96,94,0.0,0.0041652247
96,95,0.0,0.004294025
96,96,0.0,0.012034055
96,97,0.0,0.0029675863
96,98,0.0,0.0029607452
96,99,0.0,0.004330543
96,100,0.0,0.002981564
97,1,-0.119781546074078,0.0042572273
97,2,0.0,0.002977353
97,3,0.0,0.0042977706
97,4,-0.118611297486905,0.0043079583
97,5,0.0,0.004308221
97,6,0.0,0.0043349196
97,7,0.0,0.002762964
97,8,0.0,0.004145991
97,9,0.0,0.0042465236
97,10,0.0,0.0042557744
97,11,0.0,0.0042829085
97,12,0.0,0.004473415
97,13,0.0,0.004261217
97,14,0.0,0.004197756
97,15,0.0,0.0028525158
97,16,0.0,0.004328428
97,17,0.0,0.0029873205
97,18,0.0,0.004315352
97,19,0.0,0.0029935418
97,20,0.0,0.0029591988
97,21,0.0,0.0030828244
97,22,0.0,0.0029787822
97,23,0.0,0.003013703
97,24,0.0,0.0029831668
97,25,0.0,0.0042769983
97,26,0.0,0.0027776433
97,27,0.0,0.0029562348
97,28,0.0,0.004279511
97,29,0.0,0.004284392
97,30,0.0,0.004242353
97,31,0.0,0.0030254666
97,32,0.0,0.0031071845
97,33,0.0,0.00433431
97,34,0.0,0.0029575136
97,35,0.0,0.0043340083
97,36,0.0,0.0029651816
97,37,0.0,0.004153126
97,38,0.0,0.0042230245
97,39,0.0,0.0042831628
97,40,0.0,0.0042457283
97,41,0.0,0.0029805098
97,42,0.0,0.0042627407
97,43,0.0,0.0029699346
97,44,0.0,0.004316736
97,45,0.0,0.0029745917
97,46,0.0,0.0042948285
97,47,0.0,0.0042856755
97,48,0.0,0.0042868443
97,49,-0.118321810804211,0.0028698875
97,50,0.0,0.0042809043
97,51,0.0,0.0029437672
97,52,0.0,0.0043268576
97,53,0.0,0.003008427
97,54,0.0,0.0029817922
97,55,0.0,0.003599169
97,56,0.0,0.004227115
97,57,0.0,0.0029356843
97,58,0.0,0.002999737
97,59,0.0,0.0042646695
97,60,0.0,0.0030216519
97,61,0.0,0.0033034135
97,62,0.0,0.0042426568
97,63,0.0,0.0042915754
97,64,0.0,0.0029841028
97,65,0.0,0.0029807603
97,66,0.0,0.002733329
97,67,0.0,0.004239749
97,68,0.0,0.0029907422
97,69,0.0,0.0030165901
97,70,0.0,0.0041329935
97,71,0.113173151391929,0.004288
97,72,0.0,0.0042348895
97,73,0.0,0.0029546851
97,74,0.0,0.0030213501
97,75,0.0,0.004324653
97,76,0.0,0.004259879
97,77,0.0,0.0028423485
97,78,0.0,0.0029831752
97,79,0.0,0.0041852444
97,80,0.0,0.0029883012
97,81,0.0,0.002497639
97,82,0.0,0.004303123
97,83,0.0,0.0042772256
97,84,0.0,0.0040711984
97,85,0.0,0.0029861163
97,86,0.0,0.004294711
97,87,0.0,0.004250983
97,88,0.0,0.0042938534
97,89,0.0,0.0030156085
97,90,0.0,0.002482398
97,91,0.0,0.004316823
97,92,0.0,0.0029800194
97,93,0.0,0.004231844
97,94,0.0,0.0029537813
97,95,0.0,0.0043171784
97,96,0.0,0.0029641907
97,97,0.0,0.012034055
97,98,0.0,0.0029786653
97,99,0.0,0.0042192247
97,100,0.0,0.002966857
98,1,0.0,0.0029872898
98,2,0.0,0.0036887596
98,3,0.0,0.0039870823
98,4,0.0,0.0030165482
98,5,0.0,0.0041186996
98,6,0.0,0.002978445
98,7,0.0,0.0030488055
98,8,0.0,0.004334074
98,9,-0.120815920809236,0.0042209793
98,10,0.0,0.003001457
98,11,0.0,0.002857584
98,12,0.0,0.0029552751
98,13,0.0,0.0030053314
98,14,0.0,0.0041593313
98,15,0.113835555682269,0.0029996494
98,16,0.0,0.004164394
98,17,0.0,0.004204059
98,18,0.0,0.00377806
98,19,0.0,0.0029666056
98,20,0.0,0.0043408377
98,21,0.0,0.0043167914
98,22,0.117169359503526,0.0042957217
98,23,0.0,0.0041376054
98,24,0.0,0.004328758
98,25,-0.138036179040624,0.0042288024
98,26,0.0,0.0030267928
98,27,0.0,0.003026072
98,28,0.0,0.00463959
98,29,0.0,0.0041792914
98,30,0.0,0.0042719143
98,31,0.0,0.0042918427
98,32,0.0,0.004067868
98,33,0.0,0.004211653
98,34,-0.132949800401386,0.004273465
98,35,0.0,0.004371446
98,36,0.0,0.003897422
98,37,0.0,0.0039265305
98,38,0.0,0.0042550266
98,39,0.0,0.0029797368
98,40,0.0,0.004174078
98,41,-0.12722720884459,0.0041070096
98,42,0.0,0.003832541
98,43,0.0,0.004284825
98,44,0.0,0.0030137002
98,45,0.0,0.0042608753
98,46,0.0,0.0043199426
98,47,0.0,0.004503469
98,48,0.0,0.0042568976
98,49,0.125430932299223,0.002963657
98,50,0.0,0.004191596
98,51,0.0,0.0041785706
98,52,0.0,0.0030003358
98,53,0.0,0.0043357788
98,54,0.0,0.0030115796
98,55,0.117488247294565,0.002840809
98,56,0.0,0.0042159017
98,57,0.0,0.0035479618
98,58,0.0,0.004134223
98,59,0.0,0.0042181797
98,60,0.0,0.0029775305
98,61,-0.122109778378731,0.004131064
98,62,0.0,0.0041565076
98,63,0.0,0.0028128638
98,64,0.0,0.0043364926
98,65,0.0,0.0038692155
98,66,0.0,0.0029895985
98,67,0.0,0.0040093474
98,68,0.0,0.0029803612
98,69,0.0,0.004186848
98,70,0.0,0.002957218
98,71,0.0,0.0042970525
98,72,0.0,0.004263553
98,73,0.0,0.0040447265
98,74,0.0,0.0029902114
98,75,0.0,0.004215883
98,76,0.0,0.0024613924
98,77,0.130939289381134,0.0029571268
98,78,0.0,0.0043152687
98,79,0.0,0.0042842515
98,80,0.0,0.0029657846
98,81,0.0,0.0029985341
98,82,0.0,0.003010449
98,83,0.0,0.003491567
98,84,0.0,0.004315022
98,85,0.0,0.004291485
98,86,0.0,0.0029945895
98,87,0.0,0.004156757
98,88,0.0,0.0041726734
98,89,0.0,0.002730731
98,90,0.0,0.004263522
98,91,-0.116259069560574,0.004144393
98,92,0.0,0.004216861
98,93,0.0,0.0041592214
98,94,0.0,0.0030113235
98,95,0.0,0.0029738871
98,96,0.0,0.0029685958
98,97,0.0,0.0030004345
98,98,0.795838637975976,0.012034055
98,99,-0.103612047448694,0.0034894634
98,100,0.0,0.0043124333
99,1,0.0,0.0033072194
99,2,0.0,0.0042972956
99,3,0.0,0.0029723062
99,4,0.0,0.002921672
99,5,0.0,0.0042140987
99,6,0.0,0.0030132048
99,7,0.0,0.004323871
99,8,0.0,0.0035313796
99,9,0.0,0.0030085603
99,10,0.0,0.002956598
99,11,0.0,0.004255318
99,12,0.0,0.0029529824
99,13,0.0,0.0042616436
99,14,0.112803520123414,0.004309043
99,15,0.0,0.004258616
99,16,0.0,0.003005214
99,17,0.0,0.004342778
99,18,0.117753296283268,0.0029976908
99,19,0.0,0.004161129
99,20,0.0,0.002744256
99,21,0.0,0.0043460494
99,22,0.0,0.0042554447
99,23,0.0,0.004324755
99,24,0.0,0.0042223055
99,25,-0.130573833412275,0.0029953755
99,26,0.0,0.004317483
99,27,0.0,0.0030926643
99,28,0.0,0.0029662494
99,29,0.0,0.0029575462
99,30,0.0,0.0042561507
99,31,0.0,0.0029893816
99,32,0.0,0.0043289666
99,33,0.0,0.004308696
99,34,0.125762428447813,0.0043155258
99,35,-0.12589451886879,0.004314165
99,36,0.0,0.0030137477
99,37,0.0,0.0043465653
99,38,0.0,0.0030193292
99,39,0.0,0.0029761884
99,40,0.0,0.0030151736
99,41,0.0,0.003375135
99,42,0.0,0.002954707
99,43,0.0,0.004343965
99,44,0.1172900724424,0.0042235143
99,45,0.0,0.0029628556
99,46,0.0,0.0042663747
99,47,0.0,0.0032149332
99,48,0.0,0.004246652
99,49,0.0,0.00429359
99,50,-0.11846799099919,0.0043423204
99,51,0.0,0.0042876964
99,52,0.0,0.004294579
99,53,0.0,0.0029758452
99,54,0.0,0.0042763483
99,55,0.0,0.0029521668
99,56,0.0,0.0029724534
99,57,0.0,0.0030267779
99,58,0.0,0.0043339822
99,59,0.0,0.004314159
99,60,0.0,0.0043428927
99,61,0.0,0.0031271765
99,62,-0.118914842849641,0.00296177
99,63,0.0,0.002956366
99,64,0.0,0.004245894
99,65,0.0,0.0029546088
99,66,0.0,0.004268218
99,67,0.0,0.0032703546
99,68,0.0,0.0029810257
99,69,0.0,0.0042381007
99,70,0.0,0.0030132337
99,71,0.0,0.003152947
99,72,0.0,0.0042575514
99,73,-0.108141085544901,0.004306823
99,74,0.0,0.0041390136
99,75,0.0,0.004325088
99,76,0.0,0.0042803
99,77,0.0,0.004297482
99,78,0.0,0.0042472202
99,79,0.0,0.0038526398
99,80,0.0,0.002976099
99,81,0.0,0.004307675
99,82,0.0,0.0042042956
99,83,0.0,0.0028272085
99,84,0.0,0.0042934464
99,85,-0.123144709343662,0.0029557664
99,86,0.0,0.0030066343
99,87,0.0,0.0042887554
99,88,0.0,0.0029576456
99,89,0.0,0.0027774505
99,90,0.0,0.0043192687
99,91,0.0,0.0030163238
99,92,0.0,0.004282348
99,93,0.0,0.0042802477
99,94,0.0,0.0025063048
99,95,0.0,0.00426401
99,96,0.0,0.004334351
99,97,0.0,0.0042359363
99,98,0.0,0.003024906
99,99,0.0,0.012034055
99,100,0.0,0.0030032657
100,1,0.0,0.004326921
100,2,0.0,0.0039007696
100,3,0.0,0.002950222
100,4,0.0,0.004164379
100,5,0.113964522168247,0.002979346
100,6,0.0,0.004172981
100,7,0.0,0.003475749
100,8,0.0,0.0030802628
100,9,0.0,0.0043119737
100,10,0.0,0.0029695896
100,11,0.0,0.004342563
100,12,0.0,0.0030162605
100,13,0.0,0.0043231323
100,14,0.0,0.0043073203
100,15,0.0,0.0042749355
100,16,0.0,0.004231788
100,17,-0.115357423718841,0.004122297
100,18,0.0,0.0041769184
100,19,0.0,0.002950326
100,20,0.0,0.0042450856
100,21,0.0,0.0042418316
100,22,0.106093828816253,0.0042067487
100,23,0.0,0.004249284
100,24,0.0,0.0043042414
100,25,0.0,0.0034601332
100,26,0.0,0.0029672189
100,27,0.0,0.0042422917
100,28,0.0,0.004235454
100,29,0.0,0.0029938181
100,30,0.0,0.0029644202
100,31,0.0,0.0030231532
100,32,0.0,0.0035092107
100,33,0.0,0.0030271094
100,34,0.0,0.0029676668
100,35,0.0,0.0042348467
100,36,0.0,0.002967414
100,37,0.0,0.0031769085
100,38,0.0,0.0042916723
100,39,0.0,0.0042202193
100,40,0.0,0.0034754775
100,41,0.0,0.0029748087
100,42,0.111750889636844,0.004223207
100,43,0.0,0.0043456233
100,44,0.0,0.004274777
100,45,0.104806102887418,0.002793286
100,46,0.0,0.0032824853
100,47,0.0,0.0042730058
100,48,0.0,0.0036984724
100,49,0.0,0.002963609
100,50,0.0,0.0043165535
100,51,0.0,0.002922385
100,52,0.0,0.0042485315
100,53,0.0,0.0026781638
100,54,0.0,0.0029700408
100,55,0.0,0.0042732153
100,56,0.0,0.004290363
100,57,0.0,0.0042549483
100,58,-0.112736097917515,0.004295176
100,59,0.0,0.0030399333
100,60,0.0,0.003874199
100,61,0.0,0.0042899456
100,62,-0.113827948325835,0.0029617345
100,63,0.0,0.003053419
100,64,0.0,0.0030076029
100,65,0.0,0.0034506123
100,66,0.0,0.003362216
100,67,0.0,0.0042811856
100,68,0.0,0.0030078571
100,69,0.0,0.0029946156
100,70,0.0,0.0030235425
100,71,0.0,0.0030347793
100,72,0.0,0.0029383786
100,73,0.0,0.0041071847
100,74,0.0,0.004210662
100,75,0.0,0.004198592
100,76,0.0,0.0029657893
100,77,0.0,0.004325946
100,78,0.0,0.004267035
100,79,0.0,0.0043101073
100,80,0.11084516579269,0.0044832537
100,81,0.0,0.0043000644
100,82,0.0,0.0029642922
100,83,0.0,0.0042558545
100,84,0.0,0.004326706
100,85,0.0,0.0042968243
100,86,0.0,0.0043389574
100,87,0.0,0.0035527386
100,88,0.0,0.0030471578
100,89,0.0,0.0042389594
100,90,0.0,0.0041587763
100,91,0.0,0.003957838
100,92,0.0,0.0036488124
100,93,0.0,0.0029603136
100,94,-0.108244209618626,0.004270749
100,95,0.0,0.0027862166
100,96,0.0,0.0029919306
100,97,0.0,0.0029782983
100,98,0.0,0.004315464
100,99,0.0,0.0028448831
100,100,0.883768795756623,0.012034055
